631875	632611	624516	661639	625602	646398	634659	665774	698312	674880	687659	647875	651970	654998	652679	652480	651279	621590	550312	521572	583514	572191	529999	561762	583162	538581	574276	558101	618314	573724	609536	582022	405480	582952	531421	550413	573509	587978	597991	406329	572547	451936	531425	548097	575175	565826	540012	606608	578819	607283	534687	529972	601213	564901	581981	594495	597756	541893	564869	577740	552678	556344	558207	545665	525568	555220	538659	569867	606032	551497	604053	541068	586812	607772	543006	582791	562323	547677	533128	514054	471141	510033	539578	556748	533341	562397	551053	566565	578380	588161	561704	546734	578063	702833	763169	653609	735886	664242	722767	897475	693947	803735	733706	794095	752401	706039	611699	640369	709444	822141	645379	776374	615895	704209	840462	689492	691336	619653	596995	629187	846559	694027	743265	806823	727743	726040	654296	613645	634219	555353	718083	784357	874973	864163	874618	1015580	949248	650531	622431	621340	666272	757921	772790	756897	769147	751644	655896	649215	661636	629705	544565	578994	612658	589351	660229	655590	526225	574822	546728	576405	556460	546203	525730	648351	682501	414467	684670	819814	710528	604304	578636	572669	576279	553908	612906	587169	638892	598160	576679	624781	624390	622141	674865	608931	667545	603835	587719	660330	648952	603595	591802	650218	479501	600992	520097	606069	378453	72963	74184	78109	220612	97203	61223	78105	67336	74134	65014	32728	69673	65392	49820	45177	70016	48460	56548	94085	69039	81138	74960	84540	82145	83287	65437	52989	47780	58461	105934	60574	67694	72656	100437	79116	39165	56726	58633	66141	59329	58260	60190	92172	72689	79231	107625	75676	94871	80218	98004	86654	76580	75256	68339	75024	71784	25289	79625	73260	78602	54613	73160	56697	76136	76028	90354	341387	104920	127367	101437	81704	101013	85945	80447	81790	89172	147484	103282	60560	77062	84725	93551	97849	110104	98895	69495	68670	76964	90115	140112	115961	114217	109429	108337	155553	96369	92080	96736	102140	99725	95380	157971	171108	152255	82507	97783	94105	76116	63674	79971	50690	57090	71480	58937	77902	53427	74102	104605	79034	72510	83654	84068	95516	75152	69230	53120	39596	53084	67218	74287	53025	69450	60973	50935	66232	81955	59553	79635	123280	95665	116304	60316	56676	71751	67908	54621	49618	56301	39884	57825	24136	29831	42640	43187	39064	86221	60306	59412	69287	61989	55851	68781	50245	82298	91636	75802	64164	86754	92480	93240	76905	99547	84116	78634	34290	56329	37795	70994	116783	82947	69753	63883	82016	147468	129531	185615	163148	172988	145592	90468	64905	64230	46536	74546	73273	57441	39511	42224	26129	59633	42887	47657	31458	43187	40506	49130	45486	60818	40965	50480	70357	49649	52851	46771	55009	63245	41068	43902	27875	59179	40538	50924	28377	55046	27639	54784	63559	48213	40836	56160	42370	35785	59634	99483	77350	58781	71237	53910	66367	41358	35872	52586	72131	52210	52244	47957	41216	49386	36336	31854	38104	73523	65603	52922	47205	63889	46764	81868	72285	104999	59746	85863	60544	49867	10890	12978	7042	26632	18255	19839	5745	14607	6487	12493	5825	9125	19267	25485	5986	9100	6886	11888	5435	24246	28784	14448	13169	7488	5176	19560	5395	8319	5851	17519	4991	9320	4531	13271	10670	21528	12379	14945	18961	11819	7573	11336	17935	29852	26951	37958	16576	34655	12339	20474	6131	18721	19298	14392	6408	10351	9418	20914	7802	8516	5949	19961	6541	10432	12848	18426	5298	21982	12738	14452	11523	11321	11697	25596	8708	11370	17068	13780	10842	8685	6076	10953	10153	24803	10821	15180	5554	14734	6798	14401	6465	8681	5819	12153	5041	7746	4717	11577	6394	25969	18044	13422	6479	9742	5568	13429	6125	8511	11249	23067	16179	19948	15904	22061	16573	27545	16102	12962	7393	10649	5921	12920	5878	10016	6272	12415	6363	9349	6294	13292	6917	24123	13014	12939	6090	10172	6085	12556	22159	25403	23626	27280	6720	10594	6783	11933	5829	25119	21443	12567	5826	9575	8113	12483	5195	8396	5231	11947	4689	9640	5659	11746	5612	21226	17541	14125	7608	8058	4470	10909	4852	9240	5083	11311	5283	9156	5572	12096	7990	27872	17938	14361	6099	11786	12054	15611	10860	11996	17542	20320	14478	14920	21557	17342	14123	24253	22525	17567	24860	21604	9834	25417	9132	11039	9329	17078	12788	11930	10382	24294	16837
11283	10709	9434	8381	11212	10381	14269	19392	16027	16685	21202	24364	19637	22233	19658	21997	10340	7321	5499	6044	6000	6652	5709	5434	6831	6644	6502	5911	6075	6674	8992	10969	10459	11469	10855	13694	13630	7061	5739	14775	6092	5901	7996	17268	13437	4851	4835	6616	7136	7622	7161	7044	9450	7847	12697	4434	6071	5368	12132	4854	5778	5867	4577	6314	4887	5460	7334	7208	16301	14008	18668	11600	12230	18576	15028	15945	14744	11925	14182	12825	11182	15740	15668	11660	13476	12408	13069	9657	10398	9413	10042	20477	27394	20580	15960	14078	13262	10447	9696	14090	29268	18061	16103	11761	10745	8804	12405	12560	12244	9870	10545	11016	16640	10518	15170	12260	14254	14573	11831	16213	6609	8541	10229	9110	6838	11450	14970	17454	13645	10493	9072	6296	6779	10768	12490	28074	13141	19995	17493	9192	6117	4600	6064	11272	7839	7056	9328	13296	12649	13863	13266	8250	9159	5249	8966	6806	5548	13448	9378	9744	7832	3543	5076	18463	19696	20436	10764	11829	13235	20049	21205	19400	13625	19283	19971	18668	9783	12288	14211	12234	14968	22343	24803	13053	13566	14304	21141	12147	20931	22493	17494	16461	11888	11289	21325	22629	19293	15132	16083	21370	13508	27474	30086	35372	33884	41036	34298	32113	24392	17058	9475	12291	11334	7144	11779	6043	4877	6632	7860	5115	5748	11633	14022	13194	8128	10792	14834	9398	6560	12076	6020	13228	5890	5426	4652	7702	5590	4855	4364	16340	8299	6802	8541	6865	3729	2745	3092	4362	5217	2360	3738	7786	1963	9382	4732	9215	4720	5931	6322	6787	7126	9918	26506	9336	9139	8643	5467	5185	4831	8169	12667	11343	10114	10086	12196	10691	39684	30977	21848	11137	10409	14060	27484	11645	9370	15874	19781	20852	17301	14573	14672	16652	15749	16591	23213	10393	10059	11632	16310	23981	28761	19908	22051	28394	12058	9043	10338	6847	9443	5621	6635	12407	7332	5957	2972	7842	5944	7441	5340	8637	11989	11535	8452	9550	11605	9323	14288	15863	9763	9066	12370	25233	18351	17384	19749	30388	17124	15945	22082	26818	16258	14800	13501	7001	7674	3941	5855	4242	2456	5611	6084	7920	9925	12867	9157	8936	8806	11823	10949	7156	10437	10686	16787	17541	12842	12782	8736	11742	12607	11015	13965	8416	18497	15038	18425	25375	82412	42192	11706	21723	38730	31121	38738	20127	18797	16294	18605	32329	38810	57010	31682	44770	46321	33318	13810	15214	5294	7784	7354	4178	4571	2972	14866	14918	15017	23297	32842	24789	31058	21759	25380	6546	10002	12711	5816	10998	10522	6191	6087	14530	8202	11494	9195	11427	9705	4114	6627	10752	8076	9092	4257	6319	19285	11143	14388	12399	35013	6845	4649	3411	7612	8490	2052	4727	4314	3982	4286	6029	2180	3543	1797	2015	7898	6106	5848	5703	8285	3050	6484	2413	2471	6037	7142	4462	4708	2558	2100	1936	2411	2149	4014	9396	6683	12773	5704	5700	3010	17172	9749	4194	7235	5272	4560	3811	3421	7416	1970	6830	10554	5961	7970	2099	2295	4937	13578	13590	9672	5821	3763	7457	21506	8700	12457	25230	26762	26367	23999	15586	14128	19138	6078	10126	4882	10050	4172	12268	21287	15671	9171	13070	3606	3205	4555	5781	4548	8049	8703	6051	5740	10467	5452	11406	15053	7415	13741	8476	5566	5670	11745	6631	4385	16073	4352	7584	2904	3704	18270	8891	14143	16157	7577	6436	8766	9704	3474	3318	7250	12448	5979	4239	5177	3981	1723	11307	10936	5109	5681	1898	9050	9196	2822	5259	3960	5399	7717	6578	4304	9927	5797	8757	28676	6313	1700	3287	2131	4956	2736	3164	4212	20934	8852	13847	6921	4435	8741	12234	17375	16917	12833	8700	8527	11838	10726	1680	5079	2507	8074	8904	10670	9705	18611	12379	21551	8792	3655	12102	12762	8057	4475	6576	2973	2346	15517	10598	12346	13235	9446	25557	19284	16250	6119	8861	11853	12001	11096	2138	2575	9293	5835	2845	2373	3496	5446	13720	18950	14643	9767	21208	12126	23045	18124	16434	6556	14631	8859	10518	4754	13696	16486	22239	38662	21699	16721	16383	16418	25180	28689	13959	14292	12086	15414	14328
13049	14113	10340	11678	9298	23715	20732	9305	10055	8530	9412	7882	8020	8323	8795	8836	8578	6312	5374	8367	6779	5876	5811	5329	7276	5769	5956	5400	5930	7021	6870	5961	4876	5524	5165	5255	5227	5891	4539	5269	5773	4421	6114	5300	5059	5867	5284	6231	7084	4693	9102	9105	7230	4398	7725	7079	5405	4415	6528	4491	4205	5013	4999	7707	10103	5019	8374	11765	9477	18239	8288	10088	5941	7042	12095	35188	15988	17259	24540	23463	8446	7704	7857	10796	12035	27863	15535	18137	11752	10860	10640	12245	11341	13301	18659	16679	14957	16562	17170	24372	22021	20216	27693	23655	12945	10054	16412	11326	14352	16152	14328	19784	7938	9910	17073	12063	10624	16218	11042	12313	14445	12336	8334	13265	10290	10608	8428	6823	11210	6985	10024	12962	17476	10098	12495	16425	18671	7107	5873	4797	6101	21499	11874	8244	9059	8950	5687	4933	5843	4880	4580	4874	7043	4630	5753	8416	4787	6163	7510	8282	9033	16897	9156	7536	9868	7074	8872	19631	16470	16088	13779	16852	8072	15923	10727	12294	9704	13254	11468	12871	8045	8604	10628	6463	9090	11897	13483	9098	14867	18313	14292	9498	11945	11345	16342	10962	14679	11992	10290	20703	310353	897452	1627796	1694453	1687755	625460	9441	9610	10196	9233	7529	13441	21105	15530	12263	30004	19452	4486	9327	14784	7126	9554	3155	16642	9778	4687	14055	3065	11893	8649	11652	15125	4836	9274	4312	10508	6077	6045	8187	4913	12898	2803	9145	3013	3136	4833	3571	13301	3000	6053	17382	4917	14945	2350	2654	4447	2882	4553	3379	8939	15506	6649	3575	155626	149704	13826	12209	7869	23894	10580	19102	4258	6661	7293	7577	17496	7363	9527	4108	6439	6359	7230	4881	10803	4789	8798	7382	8280	6595	5456	6296	7830	7149	305597	7593	6525	4948	4408	5576	5859	5698	4236	4975	9555	7094	7869	4702	3634	5114	3252	6590	7593	5985	5670	6584	3644	3485	3114	3009	3606	3719	6077	3899	9182	23347	23285	22107	12993	10571	12714	15101	9544	5541	7098	7475	7017	9499	22594	9613	8114	2116	12324	7765	9074	2354	1979	9174	7468	5073	14281	3443	7612	3104	2669	9332	3491	2678	3088	4984	11016	8416	13796	9904	6544	8695	9000	9738	7143	7396	6096	7120	3741	4228	2816	3619	11669	15390	4764	3822	4753	5481	7757	8117	7434	9867	8025	11660	9763	11880	11552	10686	7634	7725	11231	9308	15627	6474	8791	5371	3395	3434	3156	3409	3238	3436	3049	4674	6414	5177	6639	6419	5877	2673	4801	3989	2160	3990	2663	2679	2234	2703	1907	2506	11282	2536	2552	2284	2006	2492	9439	3178	2457	2516	8696	7042	11675	4460	7778	2841	8574	6353	13682	14735	2237	5657	6750	9621	1947	5271	7689	8904	2535	6487	15442	5888	22084	6472	12080	9567	20292	17725	6050	17094	2959	10744	8454	10698	9106	8601	5886	2344	4615	16157	5598	3320	12173	8807	11321	9111	3818	3976	4089	1969	2256	2178	4626	4191	9131	10837	10458	8702	9931	10110	17489	20551	3692	3273	9906	13436	2183	1904	9691	5378	2297	4482	14074	7314	3889	12291	8826	2024	2176	4464	6436	5617	3575	4072	4009	12138	5241	5773	5986	11530	8118	10382	1478	1530	1500	2177	3032	8215	14758	7841	3943	9111	1420	1427	3264	4089	9748	7244	3172	1548	1491	4339	3029	4022	1714	4454	9574	8458	1850	4034	3738	7958	6352	6797	4229	3609	6989	3638	7592	10811	7691	4578	14694	8938	8121	11560	11362	5207	1899	5487	7782	4940	3555	5285	8687	5250	6781	11007	13674	4377	3643	5920	3280	3593	5228	3528	1905	3312	6775	10413	9375	12473	13567	17659	8246	7206	12448	15169	11435	15770	21290	18463	13395	7107	5619	7128	6354	4127	1898	1821	14044	3741	3534	1621	1674	3703	9076	16485	3367	1862	1748	4567	9510	10593	3483	5770	7610	7761	1541	8479	4667	6724	1665	5337	12757	7097	1340	2269	8486	3288	6029	13248	14426	7295	11968	11499	9588	10611	7359	7599	8810	3083	4142	3384	5908	13950	9357	16188	14016	11151	4391	11687	12274	3742	6185	11746	15476	12254	8627
68138	46692	61932	52218	79750	125356	70800	57080	105615	197845	137406	97105	56839	105642	102737	84479	51602	103474	115610	107564	60918	106449	88651	76067	40175	93426	101733	63689	59239	152237	119848	25172	36685	91217	101184	54164	42361	115412	93653	12102	38419	65834	18609	12499	36514	89903	46164	17877	56776	90754	23587	15009	40078	17106	18909	32440	32600	25561	32434	29289	32290	30546	31992	30785	38269	34405	47860	41964	49077	40579	53489	52856	52113	43290	55520	48375	102461	197192	212085	134139	83522	58319	46541	42276	88616	135707	74122	43423	79819	105960	48836	41903	70907	118650	122239	84178	88208	167638	124501	99008	87457	177173	72189	35742	66999	54651	46813	38018	74203	117107	30009	40580	78829	182297	179542	56239	60185	124673	115917	40362	54506	115593	115103	67846	60695	101335	96361	24608	45503	103700	104005	28095	49330	111189	88132	12818	46559	99127	99942	29361	61372	165585	111302	42379	21228	16170	19754	16521	49138	102927	98231	22504	52192	93294	116220	64286	48918	99485	106553	86933	52534	104675	133998	115273	74468	116249	127945	91380	84039	131143	122226	65353	88826	124821	135795	109093	76808	128186	134767	105159	70973	123899	127854	115350	65707	132372	131929	128510	90377	127086	122260	130746	85723	132182	144017	115354	100354	209330	201046	146539	52474	52892	47470	42073	70085	118046	123537	136859	92670	155192	153714	148807	90668	80442	83144	82956	85223	87838	84357	76065	80242	75656	37028	25066	27789	33163	27017	27764	34577	23018	16352	14484	17951	20334	16602	17595	25946	21521	20785	23390	75830	192476	166919	15881	47698	111394	115066	64774	61284	140420	115228	93990	62058	147618	119261	92838	66054	146173	118307	94905	67342	130804	140092	140031	94055	152727	162962	110533	89692	128438	141360	141563	102794	219853	174099	155166	61056	67909	70790	57709	76861	158607	160517	107268	99036	226722	142918	140970	111847	214346	171779	87118	54267	52041	50204	64021	72058	154715	149228	83672	64987	129944	127044	119336	63695	134334	126311	127088	87355	185107	179149	145580	132483	34355	27220	21869	66071	192663	161839	185541	153800	114312	100639	91076	51913	114735	92464	43821	45925	135407	139477	138065	81186	134593	94039	56654	80567	139484	135478	125881	89391	154551	142899	133556	84517	170438	169293	93043	58789	57901	55965	64601	84016	175726	129832	115434	105041	202376	207038	173674	154492	96868	81430	44136	87477	206457	190619	200977	159705	130228	120779	126416	95751	123589	120355	120346	91232	146128	96784	44832	71346	145515	120629	119897	96683	147065	140968	103665	59389	110510	114592	125549	104627	141554	123835	130104	59918	119970	122060	117257	109952	186484	117248	116607	72506	29615	31009	28194	32537	37033	38137	26797	65360	123082	102432	103310	45255	104452	104520	105254	57531	93609	95397	102262	64862	126605	115204	100215	43238	98914	91489	92281	70124	25713	19853	15923	58975	170568	174519	167355	79123	101896	99160	95963	81555	181653	177605	147233	118258	100845	95309	97464	96346	156766	122102	99133	30462	26376	29257	30633	60481	113438	101248	92318	49649	135360	65985	14147	21017	16954	16893	17862	57370	182407	172279	144876	96150	94708	97701	94629	69529	92754	77732	14159	59644	165757	88668	99174	73396	106181	98124	102098	72678	99189	108642	116676	91826	25128	22934	18746	63688	165778	170325	177913	55968	107515	109754	59004	51572	102088	107904	66216	45036	105078	104430	84288	43753	95871	90414	80987	58294	181019	159746	92155	47751	15439	17024	18948	52194	117949	53275	15698	52916	96722	93728	88305	36363	95305	85337	90773	38118	91483	83970	89989	46460	90462	96926	100125	51637	112778	111143	50602	13987	15056	10591	8787	42616	99072	105916	42918	56173	180778	174466	140689	38463	92442	91196	82607	38554	90707	88907	94797	52488	103677	96119	92116	36511	95414	88604	93521	62476	101369	120419	88858	55332	102748	115915	111332	51874	107963	117493	108609	54251	107324	110519	103437	67450	115421	111567	115906	74911	123616	37677	27504	46863	19438	20744	22905	51905	29738	22418	19299	59643	114856	97129	32885	20482	22277	21867	16450	48373	93396	92973	81339	42475	111623	96546	67546	59393	171979	179340	142245	138112	112606	93284	90577	44014	89619	90699	91933	81004	93381	97534	67671	47291	100571	101233	101619	84347	115892	109728	88961	99994	90905	100509	116392	75118	97034	99291	95366	76667	102931	115718	121558	59494	109993	112115	92380	53560	102011	107653	107850
3900	3633	4731	3778	4263	5562	4301	3167	4518	3464	3723	8205	6871	7733	6277	5866	6721	4371	4965	2753	5823	3640	5730	5425	3272	3966	6999	5530	6806	7254	5328	4406	4176	3983	2882	3395	3082	2471	2443	3153	3904	2605	2127	2387	3314	2512	2295	1985	2604	3041	3571	4316	2779	2434	1891	1950	2583	2378	1765	1659	1156	1862	2328	2313	2533	2408	2446	3439	7569	4583	3946	3718	3880	4475	3727	2837	2839	4005	2452	6618	3390	3618	3282	3362	3440	2661	3104	4255	4350	5517	4178	3489	2500	6354	3396	7809	7302	2637	4174	2992	3430	3242	4175	3905	3782	2729	4942	4259	4108	4583	3063	2783	3669	6967	2587	4224	6388	6673	4588	4005	3074	3257	4388	3474	3826	3743	6034	2963	5561	5842	5924	3948	3542	4004	3051	2666	2506	2780	1774	2178	2869	3076	2155	2927	3119	2465	1991	1858	1692	1675	1925	1568	1784	2148	2422	2356	1825	2113	10812	2275	2811	2706	2735	2676	3094	3526	2797	3686	5233	3213	3364	3637	3207	2732	3175	3719	3247	3230	3322	4082	4163	5056	5139	5931	6363	6054	4211	4591	6934	4985	5595	5401	6154	6583	6028	6387	8659	7189	5408	3102	3653	5325	5733	4382	5494	4095	4462	3819	2949	2817	3198	3775	3231	3110	3332	6835	5549	3806	2716	2884	2468	2746	2543	2436	2241	1783	2116	2297	2263	2536	2569	2636	2829	2935	2438	2790	2900	2178	2606	1999	2513	2329	1887	2370	2508	3045	2429	2688	2526	2412	2483	2337	2241	2302	2263	2334	2295	2456	3345	2809	2755	2938	2610	3144	3739	4809	2760	2810	2730	2923	3158	3123	3462	5952	3294	3156	3413	4706	6665	5217	4434	3711	3605	3017	3200	3168	2969	5051	3363	2999	3236	2608	2502	2023	2424	3910	3178	2964	3179	3569	3199	2969	2791	4497	3329	3633	3636	3919	3930	3584	4010	4466	3932	4263	3747	3999	3838	7626	4790	4927	4377	4654	4690	3483	3417	3651	3252	3637	3345	3736	3077	1903	2218	2516	2762	2490	2660	2625	3511	4254	3588	3723	4376	4191	3275	2815	3329	3433	2665	2362	2702	10089	6896	2841	2901	2942	2619	2298	3222	3619	5749	5974	6216	6732	7494	4569	5073	3922	4027	3720	3549	3215	3023	2528	3539	2602	2207	2641	2941	1907	1881	2345	2279	2599	2794	4270	4232	4329	4707	4560	5100	5699	3974	3201	4530	4234	3773	4069	2527	2565	2586	2475	2528	2177	2382	2349	2004	2624	3267	3527	2647	2362	2505	1973	2078	2402	2762	2667	1879	2581	2057	2172	3949	4000	3094	3305	2460	2865	2783	2378	2562	2511	2384	2660	3199	3199	3230	3972	18615	3468	2971	2593	2743	2711	1944	1999	1946	2066	2043	1797	21867	21726	21062	18657	19075	19406	20343	19615	20249	21037	21203	22947	20551	21946	22213	23833	25970	23604	23868	24794	23151	22770	23216	22778	21642	20248	23759	25120	22960	21254	20054	2212	1787	2528	2832	1863	2025	1878	2041	2616	2351	1885	2354	2498	2592	3885	2062	2880	4054	4378	4087	3478	3436	3128	2958	2955	2858	2434	8436	3593	3538	2865	2992	2667	2763	2867	2474	3151	3467	2945	2351	2544	2729	2564	1901	1980	2049	2554	2725	2742	2939	2619	3138	3662	3314	3354	3632	2015	2081	1858	1618	1568	1788	1422	1667	1844	2045	1631	1569	1727	1257	3153	1116	1223	2353	2059	2371	2162	2445	2402	2440	2383	1737	2006	2170	2034	2505	2316	2782	2387	2688	2467	4300	3154	3782	3895	3198	2866	3023	3130	2660	2385	3686	2787	5158	4211	4068	3997	4719	3960	3412	4021	4016	3868	3393	3443	3607	3651	3965	4129	3406	2651	3197	2079	2034	2812	1836	1986	1904	1598	2265	1844	1596	1491	1686	1808	1718	1983	1955	2428	2673	1987	2950	3357	3448	3046	2143	1997	1508	1890	2370	2337	2757	2670	2225	1908	2086	1838	2808	2149	1748	1729	1706	1853	1904	2788	3190	2440	2622	7892	5844	10147	8261	10073	11775	6410	5787	4316	3939	3407	3843	3664	4083	4385	4142	4118	4477	6226	12494	13927	13698	13728
499	488	348	371	298	529	344	465	248	384	366	351	145	159	85	90	101	76	130	249	157	148	136	234	70	169	217	139	192	120	235	227	98	147	116	157	154	121	204	44	52	48	75	109	155	116	244	129	147	67	111	89	100	46	62	96	42	98	58	71	75	32	220	54	116	86	255	185	165	239	187	200	191	228	261	234	341	220	355	379	411	229	361	566	310	398	2396	513	1347	1262	226	244	332	313	222	373	306	388	190	316	310	204	86	365	260	89	193	189	249	173	133	159	74	93	302	199	129	152	104	256	114	115	95	65	109	55	99	149	70	148	112	143	177	147	203	174	107	116	143	70	58	89	84	51	69	125	158	82	178	94	216	83	77	112	79	54	147	120	96	144	78	138	91	339	379	533	334	374	443	373	490	667	325	306	354	511	413	394	516	228	374	165	254	524	500	275	441	343	181	308	309	310	291	254	212	225	184	282	324	251	169	167	176	116	90	77	131	125	170	144	76	100	103	206	146	158	104	159	131	202	63	146	127	165	122	34	80	55	155	202	137	52	72	98	122	184	72	83	87	71	75	117	47	83	96	37	118	48	122	36	49	65	75	112	142	106	241	224	249	99	147	268	255	275	241	336	291	309	381	207	400	312	190	298	258	293	356	242	147	309	331	290	307	353	477	281	325	257	393	434	377	302	228	269	194	518	330	259	289	263	137	88	68	86	166	123	83	41	154	156	97	62	49	71	69	76	90	110	193	129	112	85	66	112	133	179	118	107	60	67	68	59	60	62	26	167	214	167	217	172	120	122	164	211	260	156	167	49	164	98	204	259	274	391	219	290	314	210	341	286	381	455	443	377	255	394	302	262	496	335	269	389	378	230	185	311	229	238	292	280	215	400	348	504	373	344	295	335	300	420	228	78	155	175	169	202	215	125	135	71	157	246	47	64	96	116	184	118	143	117	138	52	61	68	190	125	159	154	122	76	116	100	144	63	103	85	108	67	56	33	58	181	163	100	94	63	16	66	257	151	25	61	38	71	99	99	122	126	98	52	334	214	407	469	551	774	438	598	404	651	748	683	897	830	730	754	595	921	989	1066	935	764	512	815	987	777	846	867	737	635	828	392	186	206	280	283	342	194	224	166	168	198	374	245	351	269	109	166	222	287	203	306	271	388	402	450	319	260	307	259	195	379	262	473	172	260	304	206	120	274	116	195	174	131	162	131	136	176	181	184	182	111	146	150	147	176	169	166	160	237	369	186	179	143	143	181	216	48	65	29	91	48	94	37	129	70	89	84	109	138	280	360	337	176	239	149	263	370	316	219	304	273	351	185	352	309	355	349	241	209	269	202	184	173	149	64	129	38	54	35	74	55	204	135	126	108	165	184	171	204	132	59	39	69	46	62	50	53	62	27	37	10	145	112	28	50	44	66	38	78	98	114	123	116	90	87	98	114	50	49	58	69	151	123	89	140	155	23	53	107	107	182	155	203	201	298	316	257	257	227	309	217	189	178	225	355	282	235	299	182	164	330	154	249	271	170	147	208	353	241	223	206
33767	36697	28011	25021	42942	39156	36194	19493	13744	14216	5865	9800	10041	6487	9298	7246	7431	10503	11194	6849	7056	9548	11044	8012	6452	4550	5130	4576	7364	7295	7493	5501	5576	6323	4239	6300	8131	4257	7837	7233	4524	2573	3932	6188	6700	9046	10235	8300	6214	2857	4278	4252	13404	4596	2861	3364	5282	7265	6965	3138	3934	5729	8153	9741	3650	3761	8648	9389	9687	7675	7496	8360	10468	9765	5922	11839	11102	18595	9299	11474	8399	8908	4354	5940	6390	4633	8569	14001	13368	14678	11497	19098	33435	18879	20717	14389	22577	37697	44679	36727	35572	40668	37082	19886	29302	26393	27842	27135	34546	24810	25802	22029	15476	15511	24860	33721	28862	21230	19236	19174	29380	28930	29093	38657	30288	34220	25929	30772	28174	42936	61347	53387	35148	32790	29238	20779	45610	24529	31122	19298	23366	42224	40795	38393	33162	31266	33357	18338	23978	27637	26330	27457	21567	27869	59554	49101	32466	22179	19925	18696	17722	30105	29457	51302	53470	41234	29784	34127	29578	32838	36092	61659	55703	59922	68132	73715	59840	45333	9621	12029	15666	35362	63643	59709	11024	8906	7625	7455	11905	11489	7085	6327	8019	9992	10970	8254	7761	11674	14028	115956	95428	87540	98531	80539	51587	124978	87882	110893	184690	234081	198937	62958	6105	5934	6906	6736	6710	5563	6502	6466	6861	8173	6632	6500	3701	6476	8370	5398	6498	5063	7007	8174	9433	7860	7941	8016	5011	4160	6614	6103	5861	7546	6852	4497	4363	6859	7689	6641	9977	6684	8181	6907	6453	6459	4494	3727	3681	5830	4547	6685	7733	7063	8948	118445	93293	79849	10267	8561	10541	47317	142452	99212	28594	11934	8667	9849	9966	12332	10735	8790	11574	8529	8976	6671	8112	8276	7064	5793	9479	16195	11426	13610	7299	7383	8262	9621	6049	15199	9715	5895	9765	10973	9459	4484	4789	3868	4389	4030	4207	4009	4907	5223	5211	10450	5359	5227	5365	6238	5722	4809	5054	10508	4978	5345	6004	5333	4185	3291	4990	4191	3818	3026	3374	3502	3206	5405	3734	3228	3747	2878	3388	3473	3857	2808	3157	3646	3682	3148	3753	3291	4141	3435	4919	4128	7430	5100	6023	4301	5862	4676	6109	11568	8349	17337	10743	7311	18590	12809	11145	11453	9815	12140	10384	13255	10721	8879	10097	7549	12214	11719	8364	8200	12449	9325	39954	45928	43679	47639	39007	7373	6433	15619	5202	2741	4379	7743	1937	5425	6444	3991	5402	2650	4468	2191	1748	3714	5362	3013	3693	4091	2304	1945	2011	3181	2577	4453	1694	4455	1296	1028	1075	888	747	710	876	1071	1128	1496	1619	1799	2869	2034	1586	1749	2931	1209	3021	1406	1117	2876	2913	3396	1414	2745	2691	1079	2697	939	797	1302	1888	10416	996	2979	1033	803	701	2886	1637	973	3955	2334	3890	1672	7235	2475	1900	2223	3481	5427	2685	2016	2162	4021	3638	1688	1649	3586	5225	2355	2326	1082	22063	9164	6620	3853	796	873	1052	1568	4177	6532	6721	10495	10577	11173	5946	8287	8074	11432	13579	13659	16421	10876	10467	13096	13458	12860	10002	9986	11265	11090	9749	13489	10907	10305	11998	11118	9415	6628	7288	12431	8468	2319	5140	4598	2709	5057	2647	6853	4930	7928	2746	4950	5357	4573	2489	6883	2668	1989	533	1158	1025	2095	1619	998	3080	6214	2440	4667	996	4115	918	1334	1089	1213	907	3262	1474	3268	1216	3527	2437	1362	2820	1453	3480	2794	738	5493	2715	1716	1154	3131	1556	5264	1734	4436	4405	1793	3672	5518	1826	3115	1559	3040	1168	961	2853	6051	7524	4692	3094	5521	6989	3488	3203	3045	1981	1813	2897	3393	4650	1006	3383	1478	5201	10103	17953	19640	19462	18363	16925	18298	10103	836	2676	1329	3043	3572	3214	3564	3386	3050	853	1327	5037	6566	1288	1093	1392	2647	1657	4136	1085	929	1875	856	2915	1222	1098	2237	6813	12328	7125	7052	6271	6208	5845	7822	8051	7228	7845	12643	9326	10385	8337	11394	7410	9417	7661	11272	12688	10132	10124	9696	9010	8192	7898	5746	15485	9081
4021	3825	4235	3941	3883	3920	3545	3751	3957	3943	3506	2639	2467	2669	2744	2425	2225	2452	2240	1905	2007	2321	2351	3221	2734	2159	2270	2250	1385	1628	1748	1457	3558	2475	3757	3682	1741	1929	1788	1230	1739	1757	1411	1389	1076	1667	2203	1651	1325	1250	1813	1552	1146	1130	1476	1183	978	853	1478	1204	1596	1459	1319	1045	1041	1695	2659	1944	2814	3372	3704	3572	2728	3395	2191	2201	1791	1866	1684	2370	2301	1889	1641	2576	2242	1808	1696	2201	1660	2149	2846	3290	2156	2667	2589	2702	2641	2514	3454	3359	2495	2302	2091	2323	2269	2004	2549	2496	2330	2611	2481	2968	2458	2450	3001	2780	1914	1870	2244	1831	1701	1970	2278	2762	1629	2001	1997	2208	2306	1811	1983	1792	1884	1470	2614	1844	1911	2006	1784	2018	1577	1696	2451	2079	1952	2430	2366	1708	1610	1942	2109	2413	1456	1605	1807	1564	1718	1896	1824	2731	2128	2362	3351	3296	2300	2020	2046	1767	1581	1718	1440	1473	1362	1404	2912	1578	2443	1425	1782	1297	1482	2109	1325	1429	1913	2025	963	974	2816	2084	1599	1865	1798	1491	1761	2583	3342	1655	1539	2381	2838	2157	2138	1857	3995	8531	6205	5741	4187	4469	3062	3854	3609	3079	2486	1368	2270	2098	1048	1631	1364	1423	1962	1151	1357	1133	920	1489	1806	2041	2939	2696	2557	2267	1684	3257	1593	1462	1401	1716	1665	1251	1325	1269	1462	1449	1135	1174	920	774	1155	739	1108	1062	1422	1187	1069	1290	1511	1268	954	839	1074	777	761	604	800	856	840	1220	1016	1130	1415	793	832	1090	1246	1016	1204	1925	1776	1682	1538	1728	2434	2700	3145	2673	2469	2438	2931	2136	2247	1680	2119	2163	2214	2318	2351	2793	3233	3761	3493	3679	3154	2551	2739	2233	2281	1810	871	1157	896	1124	1012	1938	1138	1242	1353	1025	1738	1423	1456	1386	1467	1495	1651	1715	1646	2394	2184	2626	2567	2022	2331	2588	1717	1946	1559	2548	2327	1600	1699	1899	1407	1398	1326	1466	1948	2252	2107	1875	2237	2601	1781	1868	2988	749	959	999	1015	11217	6584	897	930	1117	1413	1483	903	1116	1067	1045	1576	1212	1384	1173	1699	1465	939	1041	756	738	1200	803	1011	1062	1407	1893	1831	1354	676	1074	749	1103	1268	1500	1377	2161	2349	2222	1920	1420	1184	1290	706	933	1074	1319	1327	1249	1717	1527	1456	1132	974	6744	4962	1056	1282	1344	1130	1320	1704	1713	1703	1785	1841	1758	2196	1895	1642	1432	1517	1952	1918	2747	3584	4158	3290	1713	629	769	522	668	435	948	2097	1164	1123	1508	2277	1020	1261	915	715	895	743	553	723	829	721	925	653	805	762	1119	602	558	651	954	1543	2261	2129	1470	1015	992	816	714	412	631	684	818	1320	1167	804	986	1199	1335	843	1211	2005	2538	1918	1207	1299	1225	1268	1872	1845	992	1623	1232	1491	1755	2035	940	1100	2145	1306	2538	1129	855	1093	786	883	579	9274	740	1132	1967	1326	974	970	1259	710	642	1191	844	849	675	1178	1169	737	594	492	1290	1065	1396	1039	1116	661	1775	597	868	1195	1328	2380	1725	1247	778	512	813	852	958	661	693	556	752	792	831	777	830	667	771	1061	929	964	1073	1395	1838	1890	1661	1910	2422	1401	1387	977	1583	1495	1362	1213	765	1164	1350	1663	1689	2044	1253	2051	1200	1102	1062	1986	2260	1586	2225	1248	1250	3444	1352	984	1624	1942	9913	11864	1537	1402	1280	1804	1508	1416	1398	1583	1505	1420	1895	1980	2056	2241	1939	1636	1373	514	643	506	561	596	495	678	1134	606	597	680	650	636	650	752	855	2469	1468	940	892	866	880	904	1037	698	1338	1618	1223	1380	1341	2318	1579	1231	1221	619	601	663	1178	1057	1054	2004	2520	1443	1286	1172	1194	1235	1211	1251	1471
10624	5773	3945	3672	3616	3649	10129	3341	3625	4199	4201	4887	4555	5649	6157	6571	5340	5962	5341	3992	3312	3055	3026	10390	2996	3283	2629	3175	3786	3717	4138	5595	9047	9346	9703	6718	7809	8860	9740	6404	5943	4969	4316	6242	6533	6536	6039	4626	4092	3948	3576	3944	2933	3241	3710	3661	5157	4988	4572	4900	4330	4658	8544	4781	3766	3911	3265	3213	3429	3429	3979	4590	4872	4155	3117	4332	4164	7166	5939	3709	5099	4192	4475	4483	3858	4525	3587	4653	6656	3234	4796	4716	10019	8454	4959	5641	6618	11861	7476	5922	13445	6069	7404	9311	8270	9323	3078	2961	2952	3866	3381	4926	3654	3070	3513	10832	30205	6086	5922	5472	4683	10515	6602	8208	4768	3939	4639	4577	4988	4996	7246	8661	5481	5444	4785	5917	7086	5742	7758	7567	5041	4210	4464	4638	4701	4614	6674	4593	5755	3543	5088	3137	5220	3752	3116	2658	2864	2697	2763	3575	3129	3116	3615	4376	11365	5955	7155	13556	13573	5016	5272	10656	7274	7527	8533	10452	4630	5787	12328	15203	9640	15925	15820	8014	5212	14070	11177	13043	11374	4965	3463	5698	9202	11792	8500	7986	5514	3281	2554	2360	2699	2297	3456	4701	5701	5619	5165	4191	4789	12155	8219	7726	9375	8332	8236	5845	5392	6412	4822	4488	4177	4677	6293	6906	8095	14657	4986	4549	3235	3968	3891	3678	2945	3388	4071	4098	3134	2587	2721	2608	2657	3401	3409	2614	2975	3832	3632	4770	7343	3962	3303	3331	3097	3801	4522	4253	3369	2954	2970	2799	3470	5393	4159	3658	8770	13136	24230	22408	5999	7911	12157	10272	10709	9773	9829	9678	9789	6929	11461	3999	4896	9101	10178	10129	9328	11086	11369	11882	5612	9515	4190	3805	4556	5438	4739	4365	4542	4091	4666	9995	3283	3273	2874	2901	3220	3135	3510	2987	3984	3038	3905	2970	4619	5829	4497	4638	8469	4353	4974	5724	5599	4888	4450	4580	4879	5997	5051	5595	5483	5113	5365	5957	4845	5487	5328	5457	5368	5332	5688	6013	5530	6096	5992	5647	6457	6038	6007	5177	5385	4450	4874	3735	4076	3508	3982	3822	5375	5693	8862	12381	12659	10484	12789	13970	15307	14572	8715	5145	4619	4599	5294	15094	9825	6570	6154	6348	7144	7186	7334	6391	5491	4352	4967	5410	4563	3849	4845	6211	17245	18065	7646	5869	4675	4790	4685	5350	6247	7404	6949	5824	5237	3623	3941	6997	7242	4715	4105	4189	4248	5043	4362	4764	4439	5622	5394	5718	6157	6545	5991	16005	18350	5502	5510	7237	8305	7279	6313	6095	5414	4601	5004	2387	1885	1394	1821	1703	3099	1968	1492	1875	3008	2565	2838	5577	3851	3470	4051	4060	5760	4060	4636	7311	13868	4464	4805	4846	4677	4972	3997	7511	13284	5863	4805	3913	4187	4913	4379	22606	5678	4749	7835	4921	7479	6074	6342	7211	15045	8147	4329	6503	4654	4640	4408	4813	4199	4489	4543	4422	5659	5749	5901	18535	20690	20812	7193	6587	8141	16690	24790	14965	6546	6054	5977	6821	6091	6833	6395	6239	5379	7850	8619	8550	6929	4890	4804	5255	4316	4377	4050	10195	6043	4768	4881	5746	3752	5270	5700	6449	5509	4745	4301	4403	6709	5326	6606	6615	5928	4796	4478	4764	4431	3963	6368	7328	3725	4304	3712	3758	3646	3366	3640	3307	3868	4451	4790	4939	5338	4437	6025	6995	7553	3941	4207	4077	11561	10625	5539	6200	5577	6377	5615	6097	5272	5153	3674	4392	4424	3887	4168	4373	4042	4399	4352	5559	5106	6055	6632	4774	4364	4263	4390	4130	3730	3648	3446	4265	4203	5013	4805	5459	5932	6476	5622	5340	5163	5496	5225	5265	4912	4928	4943	5452	5578	4941	3619	5300	6043	4818	6029	7381	5714	3622	3193	3296	3211	3111	2745	2699	3289	2603	2896	2514	2019	2209	2073	2833	2814	2468	5866	4950	4346	6497	6020	7560	8642	8158	8745	6342	5625	5217	6527	6647	6661	10398	14750	14225	6450	4777	4489	4375	4259	3798	3988	3680	3773	3604	3827	4801	5740	6762	9322	7887
3409	5420	4866	3534	7309	3166	2936	3155	3722	1493	1870	1382	1230	361	494	894	610	434	569	619	866	448	403	858	300	436	223	411	471	261	163	417	1550	205	111	416	1709	299	105	260	219	325	452	702	459	350	489	344	1883	444	150	463	1006	135	1435	2040	2808	372	238	620	467	182	1003	1337	815	730	3295	2339	4753	2433	2617	3538	2929	3576	3834	7808	7281	7664	7402	12668	11082	4539	3224	1587	3375	1396	3974	5661	4977	5538	5591	5733	5189	5051	5431	6792	5227	5290	6590	6412	4426	5459	3059	2181	2607	1333	1261	1522	2530	2179	1111	944	666	583	497	529	1387	477	556	683	592	449	464	629	281	381	1990	1539	1854	283	459	373	1877	899	249	453	169	907	289	671	454	329	561	396	1795	957	311	417	1682	849	377	2645	2043	1317	853	620	531	460	506	1442	708	559	1397	1606	1397	1262	2198	1587	1656	1304	1368	1905	6363	5987	4506	3420	2765	3897	3854	3254	3105	4835	6335	2671	2106	4308	3046	0	0	2431	3283	5482	14878	9142	8798	8659	9342	5448	4282	2876	6385	3056	1741	2328	4431	2016	834	1957	4382	1443	2461	2729	5321	3660	2606	766	2926	548	499	833	2881	412	394	645	3599	1984	774	1131	1741	267	267	651	1385	497	476	2019	10043	2143	594	592	4001	1004	802	926	2800	556	337	2058	2629	712	1271	972	2647	328	741	2341	3685	1449	4074	6121	1993	1659	1791	2231	3257	2621	3768	4480	6516	4662	3693	3045	2409	3898	5333	3032	5264	2383	3042	3278	4964	2534	2920	3344	4816	3731	4531	4782	4534	4072	4932	5345	3373	2581	4054	2928	4267	1390	1601	997	1175	874	518	1330	2106	941	756	1452	2204	3271	1292	911	668	596	352	1030	3264	1210	584	475	1359	329	712	966	2842	1231	387	624	1640	619	411	490	3182	1141	621	771	1935	1416	1694	3821	1414	948	1872	2401	2229	829	399	1125	3012	939	3643	4255	3862	2043	2393	3092	3025	2503	3129	4312	2407	2013	5219	5579	4440	5874	1994	1988	2077	1625	4150	1800	3550	1585	1548	1593	3049	2355	2076	2131	3176	2329	2012	4027	4514	2996	3518	2295	3538	1397	3001	2191	5626	1974	1783	1717	2131	959	1618	1310	1104	782	963	3070	3672	1077	746	1099	1345	557	361	582	917	457	339	682	382	740	390	659	400	348	361	733	606	1372	330	722	1043	366	1509	823	2178	2248	2302	3583	5115	6835	7804	9082	6503	3984	3924	3476	1067	184	293	1292	478	1035	643	630	444	623	664	921	792	645	1506	2770	5612	3684	1258	1106	3607	3864	4413	3670	449	401	781	713	3055	3944	3381	3373	3818	3602	3675	3803	706	980	1984	2232	3481	2272	1318	595	2729	1239	818	1101	818	963	1591	1710	1364	959	963	1035	474	2133	1787	587	774	697	511	980	1580	446	999	632	837	589	447	710	1854	521	504	794	534	831	352	715	336	449	2836	775	2065	511	1047	1810	464	509	1223	2408	1563	916	466	346	614	580	390	1471	314	343	363	502	358	429	338	400	336	359	724	895	396	533	1014	921	419	956	528	655	562	597	373	396	548	373	335	449	634	265	561	754	517	487	472	642	598	552	1315	990	1262	249	328	767	429	175	236	705	2279	606	393	618	493	354	413	574	319	414	811	738	670	136	223	834	1665	4196	4714	5717	4245	4025	162	830	344	220	126	466	244	210	2955	1880	2098	1044	563	480	1345	502	1406	579	3032	361	182	340	304	1796	2621	3406	2746	2450	2414	2585	2657	2688	2368	2699	2531	2489	2665	2687	2534	3171	2909	3932	4575	2894	2471	2779	3338	2831	2667	3297	3292	2817	2529	2736	3006	3333	2517	740
6207	5262	4933	3639	5294	5533	4610	3135	2635	2271	2367	2630	3439	3499	3189	3807	3002	3388	3032	3820	2970	2178	2002	2566	3122	2798	2135	2795	2885	2885	2914	2801	2827	2585	2351	2186	3042	3376	3073	3368	3748	2981	3844	3938	3865	3635	3813	4820	4994	5588	5008	5728	4092	4126	3331	4320	5349	3263	6372	5516	3289	3628	4121	4953	4226	3961	4853	4523	3669	4244	4295	3648	5203	4923	8656	6842	7696	12465	4858	7946	5193	4133	3810	4685	4032	3912	4414	6798	5802	9481	3920	4563	4030	5428	6214	4592	4646	6289	7178	9888	6574	3746	4285	3786	3635	3970	4771	4560	3955	4489	5046	4918	4226	4468	4030	5570	4438	4961	8613	8970	7279	3646	4187	4112	5444	3122	3370	3415	4123	3215	2867	7484	5670	3285	3369	5626	4639	4714	7341	6630	4807	2437	2232	2247	2318	4493	3163	2439	2969	2673	2450	2529	6991	2914	2238	3993	2882	2382	2817	2588	2059	2394	2396	4630	4793	4820	4578	5987	5220	5900	3579	5876	6304	6653	4769	4098	4224	4210	3495	3820	4040	5311	4005	5038	12056	3222	5940	3149	3237	4335	3168	3081	4725	3236	4293	2803	3256	4956	2595	8592	6843	9320	5524	8670	4393	2498	4127	4384	3266	2316	4190	2415	2267	2178	2102	2366	4876	6115	8318	12713	4693	5400	3953	3310	2867	3555	9056	7961	5229	4587	3608	3099	4752	3968	3276	3112	4675	2974	4208	2498	4961	2493	4693	3970	2318	2892	2537	3511	3398	2635	2297	2519	1903	2645	4388	2879	2988	2733	2597	3346	2463	2611	2271	2709	2427	2888	2860	2766	2896	3313	2817	3234	3139	3696	4356	3954	3368	3711	3259	3037	4588	7517	6789	5372	3407	3879	3573	3406	3076	3597	2438	2100	2599	2991	3503	3831	3379	3477	3793	4490	5011	5360	4562	4022	4245	3478	3416	2656	2510	2777	2816	3560	3749	4329	5056	4079	3252	4289	4088	3443	3947	4558	4355	4491	4227	4206	4484	4612	4618	5475	5008	5230	5122	5320	5523	6462	6411	6105	6070	5337	3863	3463	3830	5381	5150	5406	5424	4765	4189	4427	4922	5145	4495	4606	5415	4769	5641	5409	4758	3592	3384	3941	3866	3794	5853	3897	3629	3471	4045	4172	4878	4406	4213	3529	3946	4118	4939	4405	4128	5945	3325	2380	2938	2724	4867	4496	2413	2141	2800	4462	4127	3759	3071	2313	3686	2571	1995	2812	2895	3434	3163	3315	2397	2279	2243	2620	2842	2828	3454	2763	2481	2367	1771	2248	3059	2712	2701	3355	2796	3128	3132	3234	3319	4176	3436	3563	5813	5490	5630	4450	4786	4490	3836	3222	2848	3029	4376	2773	29945	6155	7862	2319	1728	4059	2115	1673	1502	3384	2590	1818	27810	25242	31567	25615	30673	37819	28619	31269	31204	34301	35119	34307	37544	35810	37455	41825	37892	34942	38557	41100	41023	42505	40428	39240	41693	42016	37185	37210	35774	32971	32131	3352	3507	2863	6983	6700	4287	5582	7457	4316	5132	7454	8146	6265	6092	9996	6885	7242	5507	8527	5880	7796	6729	7668	6228	5975	5388	6355	9682	10670	7615	13228	6700	2397	3010	3301	3432	3807	3029	4452	2869	6406	3759	5026	3258	4131	6742	6583	3753	5115	2968	3137	2975	2808	3008	3197	2837	3396	3287	7529	3443	5305	5337	4444	3159	2780	2874	5147	3683	4789	5569	5817	7996	4120	3787	5754	4135	10165	6082	5443	1965	4092	2228	5483	6807	6561	3797	5477	12128	9415	3639	5034	8137	2721	2276	2420	2210	2020	5953	3807	4463	4215	4448	5079	12599	5398	4518	9594	3718	6069	3343	3818	7252	6867	4821	6323	4719	3127	5364	5843	5629	2722	2627	2484	3964	7122	6406	6174	4538	5850	5584	3030	2912	4937	4682	1284	2245	1900	7723	5195	7592	4486	2441	5965	5467	2036	2093	1585	1263	1614	1710	4437	3968	2375	5428	1749	9514	1616	1628	6237	3775	3910	2020	2000	1834	1806	1436	2212	3864	2920	5276	2128	2065	2622	2589	2407	6091	4129	2685	5256	5417	3001	2595	3077	2823	3529	4614	4718	9152	5156	5582	6127
28348	30155	32079	31786	29008	30620	27143	26032	27396	27849	26688	27857	27621	26788	24458	24114	26976	25711	25405	24903	25960	25639	25195	25468	26720	26636	26961	25869	25836	27094	26356	23681	24106	25844	20265	26091	26997	25708	25438	25118	25111	25937	23726	23861	23128	24717	23672	23379	22408	23532	23010	24171	24400	23724	23772	23090	24584	22098	24561	28864	26069	25125	24473	24919	23656	27343	31236	33454	27058	29144	32812	31566	29363	29499	30640	25445	28123	26919	31211	34538	34215	32092	35191	35833	34897	35560	41138	35694	33230	32332	32635	27641	27888	26457	27911	25801	27481	31069	35247	35974	35734	41658	38341	32941	31131	31256	25722	24474	27942	24109	24298	25616	24708	25735	27489	27426	27468	26619	32447	29129	25989	26119	27042	24875	22715	24463	23777	20165	20718	19459	22459	24638	24315	24962	23804	25430	27890	24510	27531	28350	25848	26158	25099	24677	24400	23490	28202	24747	28654	28516	27911	24741	25386	25500	23129	24627	24355	23922	23140	22782	22740	21702	21100	22173	28193	31933	24731	23810	23728	23791	25320	31301	34828	32009	31528	31264	27841	34436	31809	32258	32241	39511	41875	31154	36548	31778	31710	30015	32192	28984	27071	27447	28358	31045	28136	23949	28502	25737	29715	26667	28053	29966	27448	24851	23366	24797	27253	29266	28047	28887	29359	26333	36451	36193	28554	24945	26814	28278	26752	25216	26917	25084	25712	21652	22803	23764	23889	23764	26298	26569	28909	25971	24310	25452	24139	24178	24185	23752	24726	25579	25351	25847	23588	26457	24366	24643	22669	25891	25056	24064	23401	30012	31489	18063	31407	24552	20811	28361	19235	26605	28305	29062	28954	31957	29195	20096	20233	18045	19578	21979	25803	27321	25344	23691	21325	20625	20518	20600	19895	23131	22498	19403	25577	21101	26673	24749	23032	20520	28104	30044	30609	28887	30802	27655	26971	26523	30075	32014	31810	30553	27101	24152	26666	27754	24846	27321	27579	26820	25996	26702	26932	26432	25195	25777	26314	27860	27580	26543	25493	22528	21410	24149	20125	25867	26221	23726	26651	27029	24425	25264	24977	26583	25463	26810	25406	24920	26459	25446	24988	26413	26035	24966	25243	24334	26425	24403	25451	28610	30796	26322	22651	27395	25339	27762	22112	25070	27111	25757	25497	23485	24406	23915	23764	22771	22961	22791	27353	25546	26186	24982	26681	26854	23905	24856	23488	23831	24779	23494	22066	20375	21030	20939	20188	21601	19645	20940	19895	20741	21100	21837	20388	21387	23384	28475	32455	31458	23074	20385	20877	20812	20859	19282	20530	19137	18153	18647	20613	17588	18717	18852	19466	19376	18945	19128	18832	17803	14918	16383	16351	14927	16628	18193	20036	17861	16940	15930	18685	23151	22248	23187	23554	20976	23246	24125	23629	23347	24029	23643	33607	21138	24691	22316	23116	27263	26970	23616	25096	24432	23344	23213	32887	34006	39841	36013	33924	35181	34898	34849	41733	42226	31684	33243	33157	33599	32468	36116	35023	40405	43112	44665	37900	39836	36861	44202	40792	40250	40244	40171	40289	40923	43844	31735	33274	33804	46830	35107	31505	28123	29898	30052	23569	30756	30449	29401	26567	29139	30290	28797	26192	32141	37184	28936	25810	25977	26982	29470	28269	24597	25689	25435	25332	21359	23026	20067	20257	25711	27060	26206	25217	27498	29661	30934	27841	23910	25307	24192	24633	22855	25400	24213	25036	25024	25662	24279	27886	26094	26261	25391	23784	27573	24988	24636	25854	24499	24859	24591	25843	24785	33385	26325	26419	28421	27700	24077	24020	22621	23762	23896	23660	24736	24805	23337	22836	24073	29695	29067	26537	23547	24812	23769	22933	22924	23808	24639	25586	26441	24440	24705	24006	27594	38817	31772	34324	31035	32288	31223	30895	21339	24743	25133	22027	25600	22016	25689	24622	26114	28495	23868	23917	24224	23569	23498	26656	23268	23694	23985	22347	21290	22921	20248	27103	24483	25714	24382	24203	23062	24196	21110	24132	24297	22296	23509	21588	24637	22887	24355	24410	23850	24395	21998	24163	20669	25631	23977	26361	22041	22204	22208	23047	20880	24060	24782	26366	32144	25677	24086	25794	26700	26645	20560	14498	14795	14826	15861	16828	16411	17893	18627	13698	17799	16143	19343	19233	13971	12736	19606	17987	16911	14727	12702	14022	15183
1278	755	640	873	1429	524	678	1264	1699	381	716	403	619	1405	3443	307	472	1451	1455	1626	498	466	384	231	307	345	515	330	346	209	461	430	277	407	324	203	379	339	239	260	292	139	204	211	197	261	129	631	292	205	204	361	242	262	6345	195	2273	264	164	288	316	499	601	362	335	956	358	482	1518	527	3313	8102	3330	7085	7911	7054	6589	1875	2362	4925	3239	1047	693	4060	8810	5915	7379	2257	1122	1609	1693	1431	1760	1320	6209	3700	1609	1695	664	1974	2175	1827	1899	1854	1679	791	596	850	2561	8681	3956	2452	523	2397	382	238	557	479	2438	645	354	289	606	446	4058	7686	418	520	4123	547	1762	568	741	931	795	786	766	861	1297	2464	790	763	873	838	827	1096	832	817	840	612	724	713	699	1186	810	719	850	1134	757	999	1476	1504	5152	3528	3748	2820	1075	1787	3654	8178	1114	1303	1463	1297	1338	1898	1503	2851	2781	1537	1569	4432	4682	1993	2490	866	739	642	1552	1152	1485	867	1021	1740	2955	3268	3653	6843	1755	12683	10189	8329	2191	1797	1989	2110	1831	2151	1794	2175	1873	1659	1789	1882	922	4829	1473	1519	1847	1623	1131	1041	1249	812	799	1291	1384	1790	1644	1616	1478	1052	1125	762	1451	1164	1179	1077	1132	1322	1417	1494	1549	1350	1175	1157	1230	1100	1662	1274	1356	1262	1371	1553	1011	1175	1214	1046	1269	1001	1349	1278	1182	2034	1180	1636	1279	1965	2588	4903	1542	1346	924	840	1503	855	942	905	1351	1010	1027	712	6026	1226	677	819	1219	989	645	1080	538	822	640	1341	518	1089	1849	374	847	1542	1330	1264	571	465	448	538	372	465	515	266	230	436	265	318	471	457	236	274	336	257	620	868	624	1074	354	388	432	333	542	202	196	289	220	96	191	684	363	454	256	194	172	165	312	414	305	606	345	316	549	465	246	785	838	418	844	565	632	456	740	791	5647	7232	7211	4665	2848	3284	7344	3953	1682	685	817	1604	3566	4157	1552	4020	4070	4045	2735	2344	4932	6323	4225	2847	2886	4180	5179	4297	5502	5345	5198	5108	5441	5429	5444	5888	5969	5047	5090	1258	425	675	423	282	551	562	819	519	173	160	181	116	351	192	376	440	314	475	491	424	2131	2027	2088	1997	2082	2192	1867	2054	2193	2461	2375	2298	1760	404	329	463	258	354	6292	2084	280	359	130	179	2329	2509	4207	155	278	330	159	236	156	4064	2180	303	284	384	270	307	291	651	810	8282	489	368	272	345	261	7999	4364	910	708	492	240	2301	211	200	2065	4935	401	417	267	330	2585	6547	19702	9103	6763	5951	5938	10433	7872	6163	5667	5664	5937	6499	5880	3633	3927	7691	8109	257	247	292	623	6765	2249	2235	728	270	472	1073	313	576	1874	2893	373	3601	4275	5976	8586	10063	10844	7019	3517	1916	2671	506	1814	2006	1148	1979	996	183	224	6119	4116	4593	2280	3678	10115	12678	14328	12603	12817	8742	14434	5089	8971	1958	215	1996	482	2189	3453	1143	2390	2241	2661	587	5255	2490	6855	5308	6680	4864	10724	7615	6967	2844	4337	3118	5265	4586	803	743	817	907	2674	2934	2586	593	414	301	2718	2411	6090	977	1037	964	290	540	446	7558	13111	12264	3221	523	815	2292	348	247	2656	679	2133	310	668	432	335	561	4283	14338	6009	2085	2337	1965	2298	1942	4349	2302	4147	4207	2227	894	239	198	2326	2272	187	279	234	260	373	2369	4627	4356	166	231	383	286	252	365	369	6319	7195	4416	5394	3698	4939	1610	3567	1566	2475	1658	1400	2474	5741	3605	3750	8001	3312	781	490	537	2142	1847	5837	6909	8262	8301
304	263	665	511	1202	513	458	462	754	306	406	335	426	366	814	631	381	393	258	281	442	241	973	634	266	591	623	260	244	171	384	165	124	119	246	85	194	308	291	404	837	171	150	234	406	528	425	105	294	186	185	124	83	168	248	200	125	169	230	246	292	140	267	272	292	238	589	812	467	551	428	455	525	586	483	354	437	442	536	809	585	568	510	511	482	462	391	468	697	472	630	516	436	739	539	494	634	437	256	561	557	317	326	311	1976	289	158	266	343	333	216	380	341	235	262	538	716	271	668	426	336	369	218	281	192	265	313	131	432	172	184	506	384	125	192	220	258	165	198	187	254	173	153	150	167	127	231	149	336	155	132	150	178	128	192	283	183	183	210	314	312	467	306	417	559	583	596	496	552	585	649	868	820	404	444	768	700	781	508	641	595	622	726	616	620	851	709	604	518	662	670	520	506	406	472	566	398	417	461	839	287	465	404	292	189	692	352	450	387	325	377	558	1042	844	655	499	718	558	449	423	426	543	476	769	758	489	391	370	267	308	388	355	467	385	576	1074	622	207	183	132	267	328	216	362	167	170	70	135	178	203	459	284	250	750	772	975	419	471	438	639	346	435	432	390	527	813	443	553	575	1079	326	323	471	615	655	828	494	491	488	551	749	430	403	449	541	805	419	459	456	765	1807	606	1226	1039	275	789	429	248	357	613	519	245	525	287	470	623	344	254	186	361	360	349	1168	757	854	575	588	983	602	456	530	161	242	120	342	277	348	289	229	120	182	121	188	164	231	282	192	332	208	217	291	266	175	178	298	254	230	342	213	200	638	320	492	223	146	198	193	173	255	858	161	167	283	255	329	311	194	239	488	312	780	538	504	385	221	326	344	193	444	382	462	283	451	312	597	672	445	305	315	412	224	287	381	269	601	549	527	478	209	340	302	363	235	323	231	189	400	288	271	191	185	167	197	303	182	294	101	543	293	242	134	446	286	219	269	322	146	181	206	166	279	257	176	250	227	279	203	156	821	152	239	149	308	295	257	125	162	201	461	184	1018	1121	988	1190	1176	1246	1418	983	1029	1334	1255	1485	1430	1408	1329	1248	1629	1177	1025	1403	1328	1419	1038	1442	1026	1140	1360	1206	1457	1201	922	289	630	223	164	215	210	220	231	162	222	93	294	302	517	412	285	245	325	247	306	377	281	239	186	171	153	239	157	281	328	379	441	289	433	464	367	336	175	241	206	179	279	288	228	210	213	407	624	437	361	536	506	518	272	343	448	421	286	325	497	388	336	335	278	381	605	331	384	411	442	361	303	465	396	412	337	647	383	465	933	533	306	277	421	2083	1374	253	486	476	417	435	484	511	413	301	542	385	575	558	363	658	730	727	563	538	413	258	288	281	312	316	264	336	280	291	214	224	298	409	382	298	238	213	265	262	194	404	438	261	217	233	409	293	244	248	181	159	435	296	234	163	147	72	172	195	127	252	254	180	178	179	310	251	237	304	258	414	376	375	392	406	417	440	666	508	565	576	660	549	583	586	444	995	756	778	810	691	575	812	793	480	539	397	594	568	792	529	508	365	307	687
2266	2245	1902	1444	1186	530	1603	1379	250	238	237	249	202	258	246	251	289	260	244	229	246	222	202	263	219	258	241	485	256	271	226	196	259	238	234	249	212	379	401	364	403	412	357	395	401	348	324	261	338	239	236	264	242	261	216	208	237	208	263	244	236	327	189	243	229	315	277	238	303	319	288	503	710	12738	15789	15276	15510	9382	6338	7032	343	381	5148	4100	492	3364	6567	2454	3380	3185	305	379	271	327	292	319	294	356	312	832	956	335	306	243	295	264	294	294	256	283	349	313	311	317	280	320	278	298	269	251	265	261	394	300	319	266	264	351	283	265	383	298	313	408	400	485	453	441	444	446	508	495	383	285	419	246	294	280	337	304	300	291	331	291	273	334	329	314	341	286	341	310	365	264	290	396	422	415	331	359	465	380	456	321	284	332	350	335	383	310	246	274	300	724	929	704	602	493	457	339	248	433	299	291	280	354	354	469	329	402	420	325	404	429	396	352	350	343	270	291	261	310	298	281	207	219	249	265	252	298	262	270	276	271	252	294	210	231	253	414	367	402	394	433	359	395	378	383	290	326	307	240	268	284	284	256	272	301	291	274	248	253	256	249	267	277	248	337	237	248	235	259	324	528	1539	273	253	917	577	314	265	453	577	290	482	409	395	242	326	6192	16626	16551	16554	15881	15547	16130	16957	15599	16042	13704	937	1434	816	299	258	275	251	314	243	332	317	284	256	263	286	215	294	266	255	289	228	297	242	277	231	269	251	236	204	230	237	275	258	266	274	394	405	386	399	433	437	462	406	417	331	330	280	217	233	253	233	228	287	238	283	240	253	243	254	265	253	273	223	289	248	284	285	213	321	244	326	556	300	412	2269	380	333	424	350	314	291	2054	394	384	439	389	406	409	277	267	302	304	338	332	468	312	300	405	854	533	743	281	276	237	247	254	281	196	261	293	240	271	239	227	273	280	217	251	261	242	229	256	237	217	240	237	238	273	213	203	251	373	376	372	390	367	385	398	403	361	340	316	267	206	277	256	241	223	194	272	280	214	232	243	247	227	215	277	240	298	201	231	213	222	252	235	242	217	262	234	243	251	265	232	267	239	256	297	261	239	203	267	220	243	275	248	202	267	242	250	254	312	233	312	231	223	222	242	247	248	291	252	240	237	242	269	239	236	251	266	244	228	201	230	242	237	233	256	239	285	231	231	236	259	231	261	274	391	396	341	376	371	375	358	383	384	293	310	302	255	248	221	298	197	286	269	221	252	230	235	230	247	263	286	242	231	242	232	248	317	275	245	240	295	191	224	297	266	226	262	226	262	6206	238	248	269	353	256	223	231	244	199	340	269	195	291	252	214	388	259	239	260	265	281	233	243	240	263	644	226	309	264	260	286	228	215	222	257	244	249	216	223	232	221	239	273	242	226	233	217	271	256	238	366	441	334	403	386	477	420	404	423	295	293	305	277	237	246	212	243	208	270	236	266	229	294	248	296	249	228	280	254	263	247	274	303	279	271	233	277	326	401	458	257	244	397	496	582	393	252	358	276	257	243	275	246	257	266	258	250	243	424
6507	7272	7179	5913	5962	5940	7686	7663	5800	5451	5702	6193	8666	9068	7087	6380	4921	5403	6222	5454	4371	5421	6521	6849	5482	6816	6365	7236	5669	6178	6511	5637	2799	8131	8584	10193	3728	4939	4573	4660	6539	7037	6756	6985	7071	8905	9538	8286	8223	9803	8619	9270	6323	5749	5275	5889	5100	7393	9023	8302	5631	7760	8149	9080	7569	8925	7446	9300	6581	9968	15087	11405	9185	10052	11827	9358	9709	9853	7851	8237	8007	9364	7518	8009	6608	8398	9718	8847	6321	8089	7423	7777	6632	8034	7819	6462	6998	8120	13324	8896	8154	8543	6205	7010	5913	7409	6875	6995	6139	6112	6277	4718	4196	5221	6946	5702	5590	6240	7757	6221	5501	5511	6042	7504	8399	9609	9752	9884	4618	8325	9606	8972	8788	7433	8560	12138	12813	10914	10060	9447	9697	10163	10814	10729	11096	9831	9032	8700	12121	10940	8631	9388	9255	10064	9472	10649	8734	10614	11822	11174	9734	10857	12222	13720	11331	13279	17120	11975	11134	9312	11733	12801	12333	12145	10368	9444	10461	13512	13227	12657	12318	14319	13581	14158	11289	10475	12015	15505	14492	11725	10528	11147	11962	12160	17760	18113	9708	10232	10209	7855	6239	7141	7498	6953	10081	7038	6211	7323	6301	13034	13223	12221	11700	14441	12373	11803	6069	6119	5169	5355	4933	6439	7010	6894	3144	8500	6780	5053	4412	4504	7243	6991	8777	8671	8607	6677	5890	8075	7614	6847	6669	7797	7135	8147	6567	7265	7668	9554	6519	7142	7210	8108	7471	7640	7684	9583	10146	10174	13926	13791	8922	7154	9906	9533	9525	11430	12784	13216	10401	13587	10738	11971	11759	10161	6142	3763	3799	5581	4353	6415	9754	12017	12273	12797	13570	14126	11618	12165	7261	9216	10938	9221	8894	10646	10745	10063	8847	9148	7593	8197	10988	9761	16919	15434	15265	15878	15635	17061	13127	14165	8811	6922	7680	8925	9197	9354	8851	9155	10288	10776	9787	11629	9567	8673	6462	7432	9518	10556	10589	12353	10922	10053	8150	9577	9747	9793	9602	11218	9589	9178	9228	9404	8383	8986	7095	9094	9628	6487	7587	7489	10164	9507	12242	10414	14669	13960	11168	10175	9710	11464	10059	10530	8673	9147	8009	7536	9125	10544	11104	10765	7813	8104	6890	9783	9663	7071	6510	6757	7208	6467	6264	6429	8031	5727	6129	7324	6764	6455	5562	6682	5934	6427	4887	4988	4473	4340	4350	5178	6881	11217	9495	13809	11643	13191	11571	10600	8331	6627	6110	6715	6522	5412	7073	7173	9524	7479	5390	9862	7511	6973	5358	5323	5768	12234	6540	8362	8550	8795	10895	10212	10148	9187	8296	8227	10050	8071	7904	8023	7798	8251	7682	8457	11631	8057	7068	8802	8580	9163	10039	10435	12888	16048	13370	12884	14626	14064	12650	13365	13583	12864	12003	8749	10129	10330	8148	6953	8353	6229	7278	9391	9378	8420	9336	7847	7856	8297	7653	7814	8444	8104	7732	8267	7758	8339	6388	7038	8993	13090	11912	9959	9702	9140	7632	8916	9604	9035	8007	9135	9088	9096	8381	9069	9107	8749	7556	8280	8100	7960	7128	9333	9961	9444	6349	12307	9275	7172	5796	5070	4317	7156	8144	8164	7717	7690	9276	12273	10529	11552	8105	12291	11164	10685	8442	10720	9110	12735	9507	8324	9068	9646	9802	9753	12718	10247	9161	11460	14265	11978	7586	7821	11353	10917	6747	7403	8696	8626	9147	9266	9630	9837	11045	14013	14212	14056	9747	9902	8918	10156	8015	7743	8848	7427	7227	6248	7954	8162	7130	8893	8346	8262	7130	7439	10619	9725	7363	7890	8913	8395	7020	7500	7453	8221	7846	8530	8852	8612	6959	7526	8520	8532	7428	7373	7252	7019	5885	6691	7461	6559	4533	7593	7831	6385	7306	5879	8307	9668	9344	10540	9540	9628	8249	9928	9489	9013	8365	9019	9920	11100	9267	9663	9332	10821	8646	8954	9117	8718	8071	13497	12005	12156	9602	9978	13628	11536	8606	9197	9257	9649	8238	12407	9291	9226	8890	8379	8111	6126	5859	7555	5907	6863	7209	7479	8374	6658	6905	7685	8982	7675	6578	8419	8393	9355
11985	12144	11019	11195	13119	21518	17465	15703	14274	10078	11348	8042	6400	7197	8505	7044	8797	6275	5253	5154	6638	6525	4457	4791	2846	4587	4351	4095	6535	8877	6425	6113	5194	18100	10629	5916	12752	17071	14956	13639	13803	17128	12310	6109	3080	3148	3684	3062	2581	2495	2358	3310	2981	2479	5029	5943	2518	7928	3687	3628	5145	5686	6205	5936	5399	8383	14948	10794	19561	10478	11120	10746	14006	8453	8108	7974	10001	10817	9733	12356	7327	8426	5871	6995	7673	7519	9104	6511	11610	13367	9315	12720	7941	10682	9078	9176	9267	13581	9895	10038	14066	8294	7879	5433	5938	5462	8813	6936	5442	15855	33319	30898	19354	36607	48846	47336	56615	51129	51039	42174	41070	17438	1194	1739	989	1437	842	1301	1272	1417	6900	6941	12791	17338	18847	17048	17681	16916	16319	1989	2904	5242	2389	2750	2011	2061	2482	2668	1595	1710	1701	2504	5975	5061	1626	2052	3853	6685	4143	3757	5993	3980	9201	6479	6822	12092	17770	20749	17853	22501	8006	23072	23571	24203	17718	17629	14100	11121	7422	8068	11546	12521	10962	10258	11645	12295	13175	10279	10001	9055	9806	11464	9605	8636	8827	10031	5142	6945	6602	11110	14340	13393	9353	8240	9467	10904	10415	11349	13996	13012	6501	6047	8691	8985	8607	8505	8572	9976	8945	6868	6054	4794	4179	4805	3952	3386	6577	5384	3992	2430	2955	3632	4155	8792	9775	9901	11233	11443	11972	11179	5619	2539	3404	2329	2992	5613	11158	10682	3832	1907	1096	1482	1272	2679	1649	2469	5135	4515	3912	7788	12284	8916	10486	7348	9564	11154	13885	15612	11502	15573	9759	10097	10354	8594	11742	12890	11628	25834	19415	12446	10331	12026	13727	15897	14055	16360	13181	11958	14563	14670	16060	24857	12727	10759	9140	9539	9200	4855	10443	13601	11198	4908	3850	3773	1704	5202	5140	5878	7097	6146	4932	7153	9120	8160	7031	6036	7529	10525	15920	17032	6695	8789	8134	5685	7248	7393	4823	6978	7087	6819	5218	5687	5042	6020	6206	5760	6364	8908	6528	9410	8422	7039	10534	8798	5149	5460	5744	5673	8649	6135	6215	5983	7275	6918	9149	11743	17273	12165	14696	15279	13279	13121	14009	13703	16895	17108	14148	11288	10756	10306	13801	17761	22057	27234	25716	29898	30660	40931	46800	49983	18396	16087	13804	10192	8814	12054	9217	11333	8155	4569	6496	3040	3117	2198	2156	1417	4003	5418	6028	6090	6477	6299	5197	5775	5946	5757	5477	6090	6009	5896	5676	5862	5765	5932	5631	7194	6171	14670	11647	13636	13443	12484	12803	11761	7281	5619	6109	12456	8386	27304	17766	6307	5817	5636	5969	5962	6705	8900	6230	6713	6260	6201	5580	7519	5480	5568	5422	5632	5421	6354	5609	7810	5508	7661	5925	8062	7052	8296	6182	5497	5601	5472	5759	5532	8321	14164	19681	18356	13418	10722	14563	8123	6385	5955	6364	5336	5044	1780	3933	3221	3318	3002	2286	2364	1950	2166	1819	5230	5747	3882	1779	1719	1786	1614	3040	2097	2911	2629	2858	2170	1151	1331	1218	5054	3084	1516	1008	892	1142	947	1283	973	875	1499	956	1015	1045	1099	830	6464	1137	957	832	1065	663	571	488	959	1648	791	1182	974	707	661	6877	11707	1009	681	763	893	543	623	697	596	678	565	625	609	860	662	872	679	2692	905	818	813	595	767	723	710	3288	1887	608	787	716	833	837	738	1689	1551	1303	9498	10670	4046	1820	2677	6710	9562	5357	1306	2842	1100	889	1079	1483	1373	752	795	590	1182	2477	1089	1154	1139	1037	991	988	1248	916	972	2956	705	801	631	2805	974	1147	843	747	1668	817	829	910	1046	1171	1205	835	889	828	3106	4522	799	4447	995	622	807	930	1017	664	455	570	3233	618	764	718	827	2614	656	638	801	1145	1159	1665	4688	2135	1439	1111	2847	3809	1705	2050	4223	8315	5115	4441	2728	2813	2889	1843	1959	2227	1940	2143	1771	1820	2089	1929	4581	4951	3318	24866	18819
1266	1533	1409	1830	1420	1817	1630	1182	882	659	836	867	1112	1400	1194	1382	1231	1037	1140	814	877	784	903	744	707	817	861	799	903	973	1001	863	971	1124	959	717	587	573	850	941	1067	764	753	729	894	1541	1497	1510	1585	1426	961	1107	868	917	909	715	782	825	827	874	832	961	950	928	856	823	742	664	970	840	669	666	810	953	958	938	955	1039	1194	1014	736	897	942	950	688	949	920	1174	1087	857	1097	1089	1362	1228	1088	1065	1437	1141	979	1011	1320	1658	1244	1159	1229	885	1029	853	992	914	1247	1052	1148	927	936	938	1085	1186	846	1093	1099	1426	1372	1088	925	876	1001	1027	942	938	855	959	897	842	1089	853	888	907	1247	1162	899	966	833	977	1114	1135	969	1033	964	970	685	942	912	814	827	907	953	1132	832	982	865	1036	1015	818	1132	786	757	911	998	1062	930	934	704	807	1122	944	846	1002	1162	1113	897	639	1120	1338	953	1083	1225	889	1435	2187	1639	1263	1130	1390	1217	940	1259	1331	1004	819	934	1254	1104	1051	1005	1114	862	828	1157	981	987	1251	1362	1129	1273	1029	1106	1058	971	1089	946	1182	1038	1078	1129	1094	862	1320	806	969	940	1048	1300	1263	1177	1200	1233	1404	1275	1042	937	1184	1137	1371	820	982	979	816	1019	847	996	905	841	908	833	1068	945	915	850	894	924	1032	886	808	1039	1118	1200	1289	1020	1208	880	806	1068	973	977	926	1256	1570	3348	6508	6313	2674	3575	6026	5860	2503	1600	1532	4785	6380	5369	4234	6095	5923	4891	5761	5858	2325	5948	5680	4085	4629	5335	5154	4838	5648	5193	911	1017	1310	999	888	1530	1019	986	1003	1171	1398	1401	1641	1742	1188	1478	1184	1089	1333	1521	1299	1508	1417	1291	1046	1170	1307	1378	1179	1087	975	709	908	730	998	992	1053	1041	927	859	772	795	2456	900	2643	1005	876	824	2899	4735	785	843	1346	931	1364	1250	1356	1373	1123	1107	3147	4979	4864	4027	4854	5528	6111	5503	6422	6267	8282	1974	1719	2177	1097	956	3676	5977	5193	4054	2764	1138	817	856	1296	2117	993	1233	789	881	899	1060	1303	1257	1220	999	1100	1013	1115	1182	1176	1264	1109	1027	818	882	848	1168	849	740	710	2808	1466	569	592	643	695	778	2150	936	771	784	2300	729	762	966	745	773	919	721	796	6063	923	827	902	719	807	734	704	694	695	723	762	6296	6147	6547	7198	5075	5686	4716	5709	5869	5310	5506	6603	5783	6260	6357	7397	6705	9797	9574	8931	7718	5552	6022	6051	6968	6228	6557	5496	5804	6214	7133	590	757	853	842	890	862	884	959	1056	834	852	828	838	839	667	778	715	587	659	763	597	547	628	549	675	733	776	860	771	781	801	991	835	855	608	753	673	800	752	852	850	874	669	762	801	859	739	857	903	1027	784	762	1252	3794	1028	818	2310	773	739	988	726	842	2334	707	781	815	910	911	2362	759	698	844	1478	3669	791	2404	1028	783	2396	3560	2317	1688	1104	3717	869	736	777	762	804	720	794	833	863	1106	816	785	2007	835	664	739	763	704	673	708	708	682	755	697	652	691	704	633	664	678	654	680	914	622	640	708	551	660	591	839	649	2369	703	730	613	2101	674	731	2643	1782	599	632	802	773	741	664	632	729	645	749	777	698	826	1019	820	841	806	742	957	1089	747	987	841	741	709	871	803	797	1737	638	1611	848	806	909	784	730	965	1062	1030	784	673	874	834	863	1265	912	1840	1288	1105	2329	1212	1406	1445	1369	1098	1406	1644
445	5715	6235	315	652	595	1728	2079	2205	1490	301	391	183	438	196	111	124	51	132	138	147	140	111	300	103	247	137	140	80	320	89	255	235	187	130	383	510	342	104	147	77	62	160	79	76	430	98	110	106	77	56	43	104	86	86	96	186	159	94	50	172	127	174	177	269	1200	2867	2576	1903	2381	322	321	777	747	784	1101	466	797	598	364	826	726	378	371	211	322	311	158	368	710	327	984	573	450	538	700	486	746	461	741	466	431	360	339	813	117	178	478	718	82	214	172	148	179	196	87	215	171	278	221	163	190	390	247	115	672	96	44	125	213	29	102	96	150	227	34	41	66	168	80	37	47	45	76	40	51	15	58	131	116	196	62	168	112	105	45	167	198	69	195	395	88	118	286	254	205	102	216	208	247	281	161	245	447	341	249	294	229	295	520	249	655	1097	3782	1596	533	554	708	1480	528	392	598	4930	3094	1646	2405	2247	1880	1970	1796	529	199	159	246	215	53	87	93	109	180	403	126	105	429	488	230	181	270	124	145	146	189	243	89	95	205	57	99	129	112	264	76	66	131	122	119	110	203	258	116	307	124	226	70	64	62	49	281	580	54	441	392	384	142	210	103	190	205	364	653	559	535	340	264	303	239	141	704	8568	9879	4111	211	318	352	677	397	467	333	718	841	874	718	625	327	338	601	1218	947	271	321	421	284	517	578	349	256	421	192	114	173	205	93	100	121	136	71	164	113	203	448	350	133	288	136	160	236	580	407	159	45	93	248	69	73	146	206	96	82	85	94	187	46	190	79	225	111	139	150	163	41	58	162	97	90	68	142	131	102	205	130	260	217	173	165	265	1530	1936	3065	1367	257	241	278	617	207	237	236	324	242	389	376	328	297	530	646	385	383	512	261	555	466	331	534	424	520	471	106	251	354	165	199	132	166	188	152	259	145	120	119	105	83	132	153	362	144	119	91	191	242	183	249	329	417	1117	817	375	606	63	559	108	211	108	383	58	144	91	114	112	105	107	177	80	126	76	152	73	117	96	80	78	114	165	84	63	66	85	64	92	109	130	222	57	51	71	282	96	73	107	65	48	124	305	415	89	113	534	224	96	85	69	75	93	262	357	240	134	120	436	185	90	311	185	91	67	138	145	212	346	124	112	68	112	110	102	127	271	129	110	141	208	264	242	284	136	62	79	416	71	106	96	68	55	93	73	80	74	197	114	179	188	65	27	131	83	88	109	89	131	77	132	143	176	105	73	129	120	147	98	95	133	307	153	103	90	70	119	183	104	101	209	152	60	139	168	198	169	260	145	125	131	365	316	339	269	345	220	238	602	900	813	127	255	212	170	1478	243	374	280	297	284	362	172	293	424	330	353	291	415	327	182	173	111	100	110	123	115	59	68	122	78	48	103	176	81	102	167	171	96	1471	97	325	104	100	77	154	214	84	168	116	92	61	53	118	129	120	69	140	43	78	39	62	69	98	135	119	397	150	131	170	121	169	211	147	109	903	127	171	166	85	176	176	154	163	289	126	129	146	79	148	139	139	148	193	122	98	284	207	194	126	180	147	76	479
121	144	555	597	319	280	1300	1162	1406	1434	1664	1857	1838	1443	1490	1655	1243	433	689	386	357	312	169	239	245	217	210	237	390	361	331	104	113	321	400	9	1240	43	97	69	86	62	8	49	74	36	116	70	75	46	16	37	80	96	69	82	55	86	77	132	121	832	347	170	96	144	156	135	191	519	93	553	315	110	56393	131	129	142	152	140	247	76	38	141	152	146	173	162	283	393	317	191	194	221	273	302	548	299	162	228	272	343	182	194	185	41	142	62	154	139	92	307	146	148	201	193	164	225	189	324	355	330	214	324	211	67	89	53	29	35	153	63	37	34	20	65	41	64	32	310	196	39	8	88	37	38	59	52	92	34	62	28	63	84	47	40	37	43	263	52	42	34	53	123	75	154	103	152	123	64	126	119	207	127	224	187	278	293	220	323	148	756	1091	1761	2060	1177	493	99	97	195	433	97	56	36	30	123	109	569	709	5508	3038	1187	846	823	6835	967	1052	1199	871	63	15	94	93	65	58	54	61	56	102	84	34	25	128	52	79	40	24	19	38	39	91	144	99	125	55	30	69	67	107	151	8	83	56	54	69	47	75	45	39	47	29	52	84	28	74	78	65	85	112	93	136	82	223	116	106	261	229	68	276	109	168	102	221	177	107	108	91	216	135	189	270	2109	702	701	10042	547	549	543	286	151	116	90	606	102	89	279	153	345	204	307	417	181	303	223	38	50	14	130	38	76	52	73	60	424	26	34	42	94	15	58	114	36	57	44	68	87	93	69	28	54	37	30	42	33	21	43	24	54	1538	34	1126	1992	1737	33	32	1659	5023	51	1455	4536	5141	1290	4017	1616	1575	8435	7038	3467	4498	996	7714	1592	5481	5415	1537	498	4131	1299	1719	40	83	224	161	95	30	1983	2168	587	842	385	733	951	890	559	458	979	346	1077	2215	454	62	239	396	2732	42	1725	3465	1898	43	63	203	1623	63	2547	2820	231	142	49	92	1561	44	1645	2465	5424	1676	80	1631	20	2916	3554	351	3334	1611	1731	39	219	4876	250	6410	6799	7110	3106	5227	3312	1681	1898	3040	71	1812	53	1580	68	20	50	59	37	43	47	33	1457	36	73	36	2302	4207	4468	4789	3245	8047	4024	20	191	200	250	205	255	93	52	103	37	36	43	88	93	33	51	65	29	64	55	55	57	48	39	1207	7517	1997	5129	4545	2130	2233	5682	10799	8379	8128	75	57	75	59	659	37	50	72	37	1	0	15	6	50	60	33	55	66	42	347	60	78	35	36	33	234	6271	1551	1729	5768	11684	1725	56	10656	2837	6401	2909	8206	6473	3576	3957	225	1550	13	1619	27	34	38	21	43	16	13	46	36	25	33	9	39	39	79	55	14	1883	59	34	1389	40	77	87	310	2431	93	360	672	946	2118	1672	1638	682	1067	1946	59	350	24	55	44	1806	45	121	574	2110	1595	60	3370	42	16	43	1571	15	6225	45	91	45	1941	1351	452	314	5349	600	2639	996	3059	1900	949	836	45	93	32	31	39	1673	88	71	35	52	64	44	34	31	86	45	38	29	38	23	52	24	32	77	94	24	37	48	67	66	42	19	37	24	55	62	305	62	711	33	228	135	56	115	185	145	102	100	257	236	97	133	178	224	181	91	117	141	174	1709	1408	3817
1873	1453	1487	1173	8327	1749	2759	1991	2785	5709	7131	9402	10482	17606	43490	10688	10158	11937	11041	14979	14744	14985	11260	13216	11234	8067	9585	9134	10191	5709	7707	7403	7985	7901	8035	9270	8633	7899	6934	6808	6904	7719	6645	6609	6282	5964	6654	5389	6393	6520	5871	5870	6111	7290	10185	9661	9231	13688	6689	5223	12171	5868	3484	5503	6177	4538	5019	2388	4384	11419	8260	14056	13635	20371	19476	15875	14678	10863	12370	11020	11121	10844	10660	14416	14283	10848	12977	10710	9725	12703	13970	16810	16589	10111	12344	13131	15054	10453	11859	12305	12411	11289	10888	10112	14825	13432	18914	10319	20752	14806	14851	14870	14654	13415	16315	12079	17221	14271	13901	15789	21555	18535	14164	20391	14860	12244	13239	14841	11969	12184	12651	9719	14154	15552	12711	12612	25322	16903	14298	12870	17055	11857	13554	11127	11609	10759	17990	14253	15197	11358	12012	29073	33896	34008	11977	11321	12415	11544	10859	11122	9331	11276	10199	16062	11794	10955	11876	12025	13711	19647	16354	11689	19115	11697	13354	11929	14688	13780	11152	11178	11520	12066	12814	6142	8358	6132	6649	4060	6056	12194	13761	13326	13719	13156	12863	13825	14305	13418	13237	32587	35272	32696	18034	15563	14613	17305	17561	15282	16573	16890	15261	15531	15171	13923	18945	15798	22156	22429	24315	21515	26831	25418	13615	13564	25593	18525	26390	22603	13487	14086	13336	13264	16161	13543	10544	9473	8731	14895	10568	11047	11085	12943	13660	20811	12675	11507	19250	33547	42228	22502	20400	19537	13771	9530	12521	15400	7670	10686	8233	11592	12824	17335	12906	12408	11437	12605	4033	2832	3110	3489	3863	2476	2706	2545	3107	2980	3280	3329	3149	4236	4369	4254	3428	4045	4323	3534	3759	4648	1775	2349	7363	2717	9553	18339	13813	36745	27825	27707	11331	8399	9765	10521	9992	13895	13265	13511	12997	13202	12722	12907	12530	12943	10926	10559	11577	11541	10431	6447	12608	6305	10285	5649	2113	15382	11042	2274	4049	4499	6069	11353	9777	6418	16287	9459	1080	5561	4673	7909	3834	7292	1688	1246	1154	19364	20315	14199	1412	1412	1239	1343	2449	4355	1306	3055	1778	2425	2341	2606	3040	4456	5068	2173	3273	4820	5965	5145	6051	5098	4817	5427	5057	4961	5149	7442	4373	5452	9077	7003	4662	3334	5133	3096	3395	2935	3819	4757	3418	3779	4391	5971	3215	17503	23681	21778	5536	5770	3709	5191	4704	3705	2321	4515	8008	4995	5389	8918	4186	4154	3297	6124	7087	6215	5530	3711	3694	3940	3750	3872	3947	3685	3094	3486	3494	3502	2936	3681	4346	2545	3256	3261	6371	4575	4223	5657	3266	3278	4043	3173	5982	24000	33599	9958	7089	9087	9701	12429	5151	4160	6642	7730	5358	7307	5246	3902	5571	9928	9015	11400	7467	11959	9378	6544	5266	6169	5709	5370	5979	11011	4827	6037	5549	12356	29037	14859	11210	7977	4949	7832	3208	2926	3593	8905	5574	7064	5615	9333	5591	14812	20689	16933	4695	4590	5774	6521	13566	6063	11390	7181	6077	5802	3047	2702	6282	13394	13050	23606	4083	3092	5313	6103	9153	6389	3376	2313	3917	2967	1629	6819	3069	14168	10869	14483	5381	3510	5162	3850	3622	5530	4093	10286	7180	5402	5543	3780	5191	6911	21458	19139	10251	4199	7208	5534	6253	2271	3013	4398	4217	4016	4458	7331	8047	2701	8505	11150	8278	5008	3766	4056	6546	1562	8532	5594	8264	7472	4269	5123	4920	4801	4487	6030	10429	9522	8193	2563	3554	5657	5323	6607	9021	6530	8774	6059	6690	16508	31255	9080	8071	10588	6411	4700	2088	4626	2962	3077	5213	4654	3029	5387	6928	5784	4053	14894	9205	5737	3924	7807	2390	3956	2913	2483	5713	3503	4619	7270	3680	5053	6130	9010	3357	6098	7241	3497	3558	5120	6554	7486	4676	2600	2980	2724	2856	19048	14955	5065	1714	2625	1721	3666	2906	2862	3677	4637	2603	2602	5316	3685	2879	8302	4849	1833	4185	4598	4775	8775	5940	5555	5304	6062	5222	4690	9299	12651	9818	7626	8679	7987	11278	8305	7944	4567	8527	7503
237	139	549	167	237	349	225	698	1490	283	160	397	224	160	103	187	171	197	168	125	1280	99	128	203	99	136	82	497	541	102	110	110	107	336	110	93	182	148	263	95	105	195	1441	1330	1421	883	126	239	113	658	346	641	197	135	181	119	63	158	63	125	87	157	99	186	179	139	143	231	210	1386	97	170	622	234	211	211	1297	1360	3101	1313	1333	1216	518	208	231	794	319	2413	1536	949	275	150	218	316	385	386	828	271	170	177	295	365	953	406	165	1007	133	218	806	345	188	222	721	1366	391	273	131	118	116	87	404	989	147	78	143	115	120	67	74	42	2328	1106	98	153	119	175	105	128	77	1102	93	93	52	129	107	81	113	152	145	124	46	278	165	248	160	227	324	230	245	199	126	94	132	185	198	84	123	905	267	265	172	254	105	120	196	251	195	263	270	606	453	618	492	547	500	816	535	733	905	779	522	687	337	409	334	704	709	692	500	310	474	582	516	608	582	1937	752	324	330	422	324	194	210	332	1679	1071	349	132	142	215	102	252	228	1442	691	439	232	288	284	295	290	306	876	259	286	234	323	374	243	304	321	279	367	231	202	173	147	129	164	107	148	234	239	191	192	143	109	238	254	259	131	244	264	186	459	2269	1509	358	256	324	332	445	329	213	386	352	310	379	626	655	396	407	941	421	513	543	400	517	483	395	1776	2334	2183	2112	1736	390	327	322	272	270	246	178	183	309	157	264	189	130	189	225	276	239	293	452	187	331	327	144	174	169	503	423	217	494	211	395	194	211	134	179	155	123	149	210	166	616	198	165	175	167	129	188	147	172	191	134	95	185	115	144	105	182	257	294	334	266	517	467	377	429	430	444	487	483	522	558	728	455	404	613	529	506	464	508	566	448	1196	1152	1334	916	398	320	206	464	464	562	471	522	400	506	367	430	481	460	359	490	438	389	468	316	397	398	385	368	464	442	375	367	387	395	391	353	475	411	492	434	369	378	315	409	507	376	341	379	441	416	393	420	392	413	269	272	332	207	297	273	226	224	209	200	194	254	241	187	118	26	28	40	76	71	46	37	61	91	87	40	36	14	82	58	58	114	67	79	82	100	155	109	69	87	83	3209	5996	6459	5731	6485	6833	6487	4565	3219	1495	3299	2024	2757	520	3148	2228	87	99	109	109	128	123	37	604	63	25	72	29	42	78	18	47	21	33	101	98	58	96	55	184	69	33	48	53	65	23	64	65	122	135	140	86	90	132	137	114	109	606	67	112	113	80	46	101	87	102	114	93	131	115	119	138	126	168	63	110	28	80	89	161	243	189	258	111	114	99	108	61	95	93	94	257	119	121	83	92	120	148	67	118	111	124	95	179	83	251	145	112	165	158	109	83	112	88	183	194	141	217	193	187	196	376	273	1778	179	315	203	212	194	273	298	201	205	260	223	135	168	140	41	48	40	61	75	109	141	67	104	79	130	147	106	73	86	77	162	162	66	94	68	35	73	68	55	72	131	79	132	44	75	125	554	2838	3499	3649	3630	559	172	279	309	222	258	202	165	89	238	122	104	146	3467	3432	3150	2963	872	1364	269	349	229	391	215	278	293
190	669	85	118	235	159	121	245	158	103	113	108	197	66	125	197	117	180	122	69	103	36	52	92	116	40	110	80	104	64	103	52	32	111	91	61	71	65	70	104	137	76	138	118	56	59	137	326	147	61	116	127	149	94	132	92	93	151	74	595	85	102	69	89	102	91	107	128	203	221	97	133	78	166	312	843	357	112	222	70	159	427	117	102	81	134	133	109	196	128	159	156	160	252	165	261	58	119	69	293	255	68	75	138	112	115	109	68	98	59	107	146	50	69	81	69	155	106	83	79	42	57	2396	31	128	101	90	84	69	88	96	87	44	68	81	96	138	119	109	112	59	171	54	192	161	95	127	145	93	74	124	67	89	70	70	151	83	108	71	109	141	129	97	95	112	111	102	213	130	110	107	163	237	102	71	62	306	363	142	83	130	56	203	128	98	403	129	5896	3498	130	141	138	141	1229	334	87	223	95	60	109	115	134	125	47	133	132	89	34	95	82	76	95	100	67	79	83	73	110	99	72	112	48	126	110	81	96	102	95	55	132	92	127	70	182	124	122	503	279	315	388	1016	110	53	133	133	108	510	169	105	2231	124	101	146	106	124	95	91	157	112	1831	111	109	126	277	136	419	316	161	168	206	286	1814	2812	1431	100	149	173	134	135	445	243	128	217	110	288	353	116	193	180	175	246	127	449	201	399	356	268	175	108	94	151	97	151	141	78	66	77	98	90	152	74	121	199	59	91	129	149	88	147	48	71	77	108	57	96	79	104	67	111	113	77	95	88	73	224	496	109	152	89	134	67	122	71	89	82	1537	110	101	85	126	240	152	86	125	82	82	75	176	768	130	158	236	701	307	166	154	159	86	205	232	84	261	161	91	192	136	524	121	162	739	205	2010	255	430	194	156	151	163	180	105	165	113	83	818	404	152	119	196	63	218	196	199	128	39	146	112	122	157	102	136	95	109	150	117	101	142	97	133	124	117	106	62	85	178	99	77	109	92	154	52	111	143	74	59	72	165	170	59	136	103	150	7527	3783	153	109	81	104	180	75	130	101	112	152	83	118	94	66	100	89	161	101	143	142	77	84	71	146	111	74	96	116	220	45	190	215	252	151	119	139	166	104	73	79	184	177	138	125	115	100	463	70	156	89	114	95	141	79	92	69	59	153	96	99	130	139	108	109	110	162	66	55	134	143	100	40	174	104	91	84	115	106	88	154	77	138	124	137	124	105	113	79	202	105	202	48	128	113	288	78	94	111	121	109	200	41	135	106	76	118	124	89	85	58	128	126	86	50	52	74	72	201	125	115	118	52	104	99	92	124	100	81	70	133	71	140	73	88	105	92	125	129	146	55	56	79	136	86	55	178	136	75	94	105	84	141	131	111	131	85	119	96	127	91	37	72	140	158	65	158	103	32	106	82	70	125	143	78	117	99	38	129	90	137	174	65	102	129	154	143	112	77	82	45	140	139	85	201	111	49	123	123	87	81	205	104	247	177	109	395	12129	54	62	143	163	61	91	246	210	57	70	138	161	62	194	163	94	103	121	137	332	469	92
86186	50265	40368	48419	59205	43936	261639	327155	326636	317734	287189	313083	370524	315720	292774	285238	152356	61604	22086	20146	51104	7454	5887	7108	2523	4480	6912	2710	894	6040	1339	1334	10208	9454	2643	1208	1026	1474	924	746	1261	876	1584	3711	2678	571	726	1057	17811	8002	2993	9943	3847	1167	1458	1620	2085	1212	2575	2492	1804	844	741	1458	10111	1328	1621	44539	339206	88309	27142	29309	24485	26713	33135	39880	18187	32717	165675	8070	19398	11388	5755	5273	2903	4703	4235	2775	51953	12710	7339	8258	7687	6660	7195	5658	12629	19539	13056	14891	7663	9903	14072	18643	13892	16720	18250	24394	15785	8720	11182	12023	27274	12259	6793	11919	12719	11613	9330	10890	10820	13082	7042	16583	11938	7149	9029	15731	12038	13626	4844	9444	6607	6407	4780	2531	5546	8312	7018	7517	5700	4670	2211	1221	14452	6336	2164	2312	2158	2351	7367	3967	997	894	1715	802	1870	3218	4927	1563	8481	8672	2765	3957	1667	6852	47901	81901	16675	5794	4163	3695	7643	6274	5626	3982	7119	5970	3599	7282	3505	141738	200182	99211	187775	118557	28463	5282	10618	29972	144462	9324	7778	61899	43579	55332	75784	11082	22947	25095	28926	40008	21384	12745	28264	34106	25476	30637	17729	7058	7498	7633	6440	5390	4806	6133	9372	6152	9018	5187	11401	7635	6339	4961	4285	4033	5918	2216	3494	5150	1765	2750	4625	2983	1843	1196	4066	1804	2332	3163	2719	5188	867	3007	853	1609	1650	2912	6453	7179	1901	1984	1631	610	1582	2142	1932	4762	1325	1982	4170	7298	9999	3304	7450	40068	51086	7907	15372	26926	17281	12516	28523	72719	39170	22308	24837	15722	8154	34611	86555	45012	22114	17642	10203	15725	17661	19651	21927	16768	15862	15921	16115	21849	13291	7566	26405	30846	272779	346942	350204	108332	57345	19152	28709	24630	49013	14460	14159	8375	8557	3772	4616	3355	3674	2709	2132	4689	4397	2311	10135	9933	7586	6093	14430	2108	7860	16622	10325	6360	14432	5587	5629	12039	5164	6452	9677	10828	3190	5662	1111	1188	1444	1488	5622	1931	1452	1778	1066	1169	1068	1195	8945	12550	1924	21811	8069	3568	2353	4805	7614	10980	11815	22258	11048	24500	11891	9923	10477	12453	5361	6162	4721	6014	25492	325745	313189	277667	68590	55871	213105	350264	213951	59507	58297	209546	244143	44220	21924	36464	28177	23678	25344	28282	19217	13814	6925	5675	17010	3053	18254	10254	9545	12359	6077	12864	5725	15205	9113	14740	15213	12842	8754	10169	14154	9048	19124	13317	11688	12414	12510	12354	10429	11001	11508	14040	9899	11253	14713	11078	10859	12292	24440	23525	14236	11657	12715	11271	6746	1968	2254	2584	2410	2224	4345	2853	2768	2446	8896	7662	2040	2242	2326	2670	2070	1988	2387	1794	1478	2047	2888	11786	13627	6797	14379	12147	4438	2017	2613	1905	1987	2267	2820	3089	2942	2693	2400	1998	1549	1227	14823	8568	1148	1247	1281	2829	2040	6710	5941	1640	5938	1444	2585	2706	1967	4804	19936	11711	3109	3211	3083	3304	3615	2066	2249	2451	2032	1611	1520	1427	1310	1644	11060	10145	1705	1342	4208	2633	1396	1377	1452	1293	2251	1136	1777	1301	1425	1426	10881	8228	1052	1717	991	1376	1367	1082	1174	1230	1252	1170	1228	1363	1101	1096	10146	17087	1344	1177	1493	1401	1125	1259	1215	1366	1258	1014	2514	2760	1369	2008	16941	7474	1107	1153	1396	1398	1287	2195	1349	1108	3156	2046	1234	1423	831	993	13603	12113	1119	1033	1302	1167	1111	4276	4300	6652	1113	1017	1057	1607	1019	2311	15405	11332	1053	1549	2990	2693	3122	8610	10292	3451	1540	1178	963	2844	916	2975	15067	9800	8036	2252	1586	1200	3356	1958	1586	1596	1756	1681	2254	1684	1328	976	11133	6823	2242	1304	1499	1457	1437	644	924	1179	1002	987	859	1084	1167	1259	16392	16382	1975	1611	1267	1376	2382	1951	3240	3045	7289	11707	7569	2948	9645	13597	18532	18762	20820	40949	38419	23034	17535	16453	17007	17955	22812	34282	38281	25405	40216	32839
3792	4662	4213	3764	4541	3854	3910	6070	4358	4339	4219	4250	3651	2366	2768	4820	3408	4683	5121	7222	6429	7298	7128	6024	3400	3059	3571	4013	3696	4028	5007	5271	4356	3681	3126	3629	3825	2464	2151	2573	2159	1592	2181	1948	1964	2110	2445	1687	1959	1255	730	1340	1281	936	852	1374	1408	1287	916	1601	1434	1212	1324	2212	2254	1859	1838	3398	2686	2206	2239	2752	2940	3214	3426	3985	3601	4348	4342	4739	4142	3728	4178	4705	5144	3945	4238	5108	5780	4814	4056	4429	4116	3176	3486	3596	2699	3723	4868	5152	6327	3897	3850	4597	3897	3774	4875	6125	6674	6219	6172	7742	5501	6692	8256	9018	7777	8795	6934	8082	14079	8706	5118	3774	3703	3014	2973	4095	5177	4895	4740	4915	4615	4078	3999	4271	4130	4537	4642	10818	4568	4479	4191	5339	3638	3347	8983	10819	5993	3227	3017	3768	3478	3699	3744	4320	5934	1766	1187	2832	2615	2069	2040	2793	4095	3029	2563	4100	3634	3266	2423	3579	3966	3751	3554	4409	5071	3730	3396	5116	5744	4766	5559	6651	6730	6793	6962	5871	8008	7133	6892	9224	8422	9521	8462	8761	8157	6949	8577	8351	10560	6494	7573	7695	7269	8578	8625	8707	7458	6946	2373	3693	4245	2402	3180	3761	3182	2993	2794	4207	3631	11562	15675	4833	2459	2611	2442	7459	5337	3154	2287	2441	2490	1977	1535	1963	2546	1230	1406	2091	1877	1736	1565	2185	2030	1690	1014	1069	2573	2396	1713	2367	2273	1953	647	2898	1578	932	1514	2692	3005	3359	2999	5320	6016	5594	6905	6855	4747	5301	5618	4158	4464	4509	3993	4840	3563	3880	3576	4494	5842	5146	5057	4005	3918	3737	5070	5103	5244	3061	3482	3391	4814	7325	5861	6436	7188	6751	7421	8272	3928	4585	3972	5181	4173	4990	4414	3746	3714	3795	3736	3801	4393	4896	4860	3743	3667	2963	2641	2356	2174	4176	2761	2310	2620	3518	2101	2519	3197	3921	3252	3302	3060	4145	4000	5333	3782	2948	3340	2731	3361	3094	2568	3286	3340	2639	2780	3118	3640	2609	2891	4052	3458	3506	4046	3937	3752	3260	2716	3497	3425	4557	4845	5362	5753	5878	6710	8007	7635	6352	5463	3850	5501	3259	6491	4959	5488	4692	5342	6171	5731	4359	3529	3943	2931	2346	2720	3430	3260	3111	2183	2433	2905	2158	2198	3498	3704	4164	3718	3728	2711	2849	2685	3211	3042	3335	3419	4686	4182	3915	4107	5080	4466	3902	4793	4999	4994	4180	3294	3867	4154	3765	3400	4036	3816	3796	3704	3798	3431	2771	5099	3275	1493	1480	1680	1996	1788	1619	1626	1603	1675	3385	1347	1479	1660	1501	1459	2064	1860	1784	1565	2142	2197	2085	2473	3142	2902	2932	2580	2761	2663	2478	2595	4618	4259	11163	6665	3573	3629	2410	2115	2376	2191	1847	1909	2517	2599	2620	1990	2624	2425	1818	2726	3983	3015	2265	2037	1739	2321	2037	1967	2639	2521	2259	3256	1793	2175	1725	2240	2807	2487	2151	3471	2573	3265	6196	2869	3105	2625	1729	1762	2216	1919	1296	1633	1321	1041	801	4594	5399	1152	1006	1107	1291	1104	579	1800	981	1262	1118	865	1388	1748	1590	666	939	1081	429	484	953	973	942	597	1171	1118	847	971	1324	1708	1454	1058	2029	1422	2070	2840	2724	2044	1370	1575	2197	2027	2149	1737	1749	1678	1302	1615	1702	1874	1700	1651	1841	1880	1323	1480	1998	2262	1693	1582	2125	1460	1596	1257	2429	1903	1960	1782	2530	2025	2095	2046	2021	2163	2337	2205	2702	2698	2448	1270	1759	1450	765	1616	1548	1331	1513	2374	2903	2708	2351	2726	1274	3053	1244	1489	2022	2549	1671	947	1681	1521	943	5865	1517	1335	786	802	1019	1115	886	711	1363	1306	1483	2359	3166	3270	2386	2077	3144	2593	1873	2554	4125	2918	3134	2950	3795	4583	2433	3444	3535	4707	3804	4509	4304	3845	3284	3168	3752	4582	4393	4495	4426	3813	4311	3803	4655	4114	4622	3056	3935
16601	16675	12668	4943	5275	8336	10889	6638	5426	6289	9463	5652	4593	6011	7503	10577	8185	9471	7809	7338	7419	6932	6254	9173	5626	4259	3861	4270	3029	3446	3929	3381	3498	3796	4571	4493	4263	4379	3706	5122	6259	6599	6719	5308	6492	4657	7218	6898	8463	6791	5431	5269	8046	5236	7479	5673	6411	5906	5539	4734	2737	3759	3234	4949	2914	3498	5948	7033	2775	3080	3796	4311	4032	17075	22778	14272	8848	6445	6770	6121	7010	9148	20133	10548	9404	7532	7448	7069	6453	7273	5705	6426	6731	6675	8280	8787	9603	6131	6805	7250	7199	7816	9330	7154	7130	5570	7020	5663	6444	5620	5958	7099	4831	6184	4385	9149	4029	4005	4477	3391	3359	4026	3106	3975	4427	3408	4678	4139	2693	2664	2619	3103	3241	3380	2648	3312	2832	2897	2760	3249	3325	2504	2522	3166	3373	2752	5012	4962	3270	2415	2308	2770	2245	2197	2720	2793	2315	3202	2959	3166	2778	2595	5209	6615	3357	3463	4005	3326	17287	17218	15762	6499	6111	6598	7314	5043	5033	6313	6713	6756	5949	5205	8209	11249	7850	5835	7737	5513	6388	10833	11321	12089	12969	18064	10514	9240	7978	6597	8853	9418	14004	41024	47409	19683	5549	3684	5338	3025	8855	2714	3345	2278	2920	2611	2497	3135	3679	3327	4014	3506	2585	3682	2673	3061	3225	2880	3593	2733	2539	2706	2958	2524	3004	2328	2895	4197	4048	5305	4700	5657	5408	5856	3097	3737	3473	2658	3218	2940	2327	2390	2533	2457	2373	2301	2637	2436	2583	2383	4107	4319	2810	2704	2867	3381	3737	4685	5834	6592	5433	6522	6076	6626	6411	7848	6229	6741	5380	3264	3390	4174	4107	3483	3752	4564	5185	4719	7182	6506	6356	6632	7166	6372	4029	5149	6758	4441	8254	8467	7258	4295	4628	7547	5356	7628	4594	6397	5850	4564	6278	6009	3613	3917	3089	2604	2845	3285	3385	3033	3081	6472	13673	8607	6654	5260	10519	4448	4403	3833	5332	4583	6906	7402	2699	2941	2700	2330	2805	2609	2484	2618	2303	2262	2156	2446	2463	2172	2128	2652	2435	2642	2798	2493	2747	2696	6006	6621	3782	3640	3232	3197	3301	3177	5162	5529	4661	7238	7861	17338	13093	14496	11486	8816	8037	9920	10412	8414	7412	7268	7593	7507	8198	7225	5796	5249	5284	5055	3795	5561	7928	7952	8126	7722	6151	5320	4162	4127	4803	4362	3025	2846	2982	2406	2428	2870	3419	2232	3392	2568	3030	2482	3047	2348	2425	2835	2433	3078	2292	2565	2800	2971	3465	4239	3786	2922	3460	3693	3799	3945	4471	2530	2625	3251	2121	2324	2327	2381	2257	2165	2320	2754	2288	2226	2327	3031	2532	2723	2847	3269	2900	3088	4549	8300	3801	3160	6780	3536	2577	2597	2421	2488	2685	3333	2526	2239	2648	2515	2696	3255	3746	3669	3528	2981	3524	3677	3302	3517	3688	3824	3058	3106	6853	9882	5774	3613	3346	2817	3153	2870	3240	3161	2772	3434	3847	7088	9419	11321	7526	6531	2849	2446	2329	3135	4456	4648	4379	4396	4474	3707	3070	3274	2700	2997	3119	3442	2674	2616	3089	3296	2864	2744	2818	3169	2353	2899	2535	2742	2916	2558	2601	2550	2908	2937	2311	2289	2331	3073	2414	2384	2157	2389	2579	2513	2741	2850	2606	2408	4732	6922	3345	2911	3203	2682	2627	2901	3049	3590	2947	4014	3421	3488	3263	3116	3039	3165	3565	2683	2770	3208	2942	3069	2833	2950	2765	3330	3536	3857	3032	2768	2935	3436	3102	2976	2903	3026	2385	2451	2371	2270	2556	2846	6174	5675	2556	2851	3384	2759	3243	3245	3079	3087	2925	2951	2745	2582	3291	2899	3041	3294	4834	3714	2988	2696	2665	2586	3298	3884	3715	4419	3602	4268	3994	4676	4408	3588	3247	2787	2995	2940	3538	3251	2487	2178	2383	2820	2182	2208	2130	2503	2527	2800	2783	3308	5109	8042	2445	3322	3393	5365	3655	4742	7192	9657	7282	5890	5406	5628	4868	5110	8653	7744	7087	4118	5550	4175	7257	4471	3903	5262	7805	6986	6377	6738
108704	124425	162023	158112	154322	161509	169276	185356	164557	139146	156304	185821	178880	165478	145773	130802	160259	189769	191714	174441	174156	195357	195067	202190	173944	202713	195242	134712	105965	202037	235729	224801	223800	189256	199666	162819	174611	219012	218085	202472	163436	168257	171425	181669	187072	183182	188010	184659	203625	194929	182619	143273	183925	185542	198930	181573	173418	148141	167575	147693	149505	162505	147564	130526	118294	160867	179778	168259	152734	134481	150190	148693	117083	108294	91114	72316	64714	63735	69878	79467	157026	164708	172466	129033	71111	67735	67385	62802	82022	87621	104795	150310	189424	147931	117546	125342	122785	132982	116775	127326	159193	193341	183069	164217	139649	149158	157066	152133	170381	172058	135896	132334	149094	150960	128899	144510	129301	124358	130317	146387	154813	166438	168726	119463	158334	167348	159003	156137	155688	134605	159399	152587	135381	130541	137238	135529	124097	110450	135540	107870	116335	158103	127126	106409	112801	91510	92958	95567	99560	100219	91383	88006	86634	100659	105918	81793	91666	101111	89630	81595	66616	84183	97447	97529	96148	76989	97006	105686	111230	122163	96138	119209	114984	139147	152419	128381	132634	128859	131197	124566	113321	121276	130512	99724	79928	83951	91891	119065	131493	130215	102483	92807	91332	98771	77914	86553	91064	81013	82698	100912	92421	113450	125868	111448	92096	105266	114012	105748	92284	129427	120734	132181	107947	110787	117742	135068	137040	149892	128114	128576	126191	116175	114278	113247	112121	126469	131609	122408	112839	113970	127484	127711	125242	103384	121092	112935	89885	98032	119974	118287	109865	132124	130306	91246	118245	133244	145666	106653	135394	149265	136770	121035	99128	145766	144203	146368	126489	116259	151493	145354	147820	142555	146639	169834	173035	181616	154918	171360	184792	207359	219080	208482	209930	202260	177035	205151	215482	180058	187463	202551	199792	160759	184167	137141	74267	76114	72756	73543	70886	73869	105226	200277	207228	200286	198608	209335	200570	192446	189223	154829	164013	167311	199356	208320	156893	183582	171830	188927	188770	199270	157325	196742	155000	184843	179180	147202	162912	185696	168974	127930	70628	44090	40609	52531	59000	55613	75526	186028	147603	199474	158306	156034	145916	171829	157389	132174	153255	158446	164898	109424	122187	158291	146865	148008	137239	135378	157786	141144	118495	143394	155426	138586	120933	162305	153987	140464	135433	131445	142539	185506	156916	170962	153079	158456	142554	151922	180805	187329	141777	107006	134334	108542	118914	118995	119236	128823	166257	170629	176427	181680	179592	187909	200258	214470	208400	190649	160623	172481	163935	143663	154202	125959	105649	100060	105144	107364	111932	100891	90789	97275	84185	89805	90276	90104	80246	99771	95140	84995	79282	70428	60575	76605	71684	58756	64562	60443	50640	57222	52493	53302	50617	55848	51788	51112	46496	46473	42190	40869	39022	42474	42896	39975	38349	38090	39450	46033	67796	42189	49121	72130	77447	64516	41478	62488	60575	61643	45520	57381	66165	62865	43185	58211	61762	60947	59803	41510	37298	60466	57943	66164	67991	56935	60416	59365	59510	65682	65692	64611	59925	67968	69314	84868	83866	86062	80878	80956	81741	64308	56410	58087	59721	73293	67301	64364	76230	83887	93856	89834	83175	75013	84547	80124	80965	87867	75055	96757	86837	73954	65921	79831	80666	59579	54641	67921	80260	75320	75391	79099	73934	99451	103538	90318	94167	99090	89241	104180	98267	98645	88649	80698	85342	86985	86154	67396	79343	84308	82993	57143	65848	74844	82822	62941	80033	86044	88589	74108	72157	86804	71311	84650	47354	91860	86289	88382	66721	78985	95024	85209	59243	69423	88907	83278	47472	61800	64369	63615	58589	57202	68320	66663	68049	61980	76381	68868	59938	57893	66082	66834	70644	60390	69378	73047	74149	69075	70606	78883	84856	85032	64126	72787	80505	71387	71474	79367	63752	69970	52164	66938	70980	72374	58585	63242	65400	74007	64944	59706	72722	72090	79927	69737	51465	52027	53458	57999	58544	59889	56426	49822	47918	51429	41978	51508	47816	46142	44029	42253	46247	44868	41508	40513	38090	42509	39848	36748	35315	30154	30909	33544	32373	32811	30086	27913	31279	26358	30044	33341	32853	33000	31119	28173	24845	25148	28672	31102	27512	30198	33165	43722	44693	45488	42723	46603	53842	65059	71068	64423	59753	51272	63859	67823	60686	59473	66992	66237	86243	73387	76155	79014	91992	78397	82933	88617
1786	1251	926	553	565	49	1382	178	79	636	1318	116	5582	1005	152	122	89	169	354	344	178	351	387	512	556	331	440	540	399	134	223	182	228	561	612	74	132	46	101	181	165	121	164	73	115	118	72	87	123	103	169	83	144	70	46	121	776	1696	952	1909	524	1319	1147	505	90	51	11	11	52	51	68	151	33	43	71	156	105	144	368	704	514	171	161	5534	1007	1251	243	295	373	256	413	410	476	373	60	129	220	921	192	248	45	188	127	226	1011	1018	1058	670	652	586	596	587	365	429	371	282	158	105	221	269	379	396	325	228	372	282	320	326	386	170	281	166	91	147	136	212	125	605	210	84	164	116	268	77	34	37	59	67	55	51	60	22	2267	3208	14	71	72	7	38	23	52	7	58	45	52	55	38	18	132	96	248	221	109	286	190	146	285	568	112	92	188	283	504	7773	3495	317	445	283	308	468	573	928	1008	647	788	1743	1851	1235	1458	1231	1221	1315	1275	1517	1286	1217	1459	1502	1572	1322	435	160	758	1033	971	1220	709	1632	2179	2753	361	790	932	433	403	1009	895	1235	956	1181	840	862	931	1297	1918	8603	12904	4036	3406	697	22	36	27	20	16	64	52	424	5	26	7	26	48	338	1874	3045	3387	2961	3137	3161	3263	3082	3023	2879	995	120	275	149	278	210	111	81	144	381	117	181	107	24	188	289	243	339	233	305	610	532	1729	1412	2658	2803	315	265	266	406	193	237	162	335	298	406	280	384	499	361	414	340	430	412	413	504	297	329	1190	2929	2643	260	288	292	398	330	247	310	322	230	233	90	76	110	147	254	91	124	176	231	252	358	208	161	189	1755	1880	1744	76	75	57	100	63	65	78	57	79	86	102	48	51	33	69	46	120	130	67	80	129	92	82	161	180	174	96	1542	125	202	308	134	103	678	176	766	269	236	2851	2597	272	362	1902	519	139	98	79	4212	1899	289	237	135	110	75	239	310	149	1127	716	1329	602	264	183	245	201	89	109	217	241	320	251	3613	1136	289	95	212	139	54	66	47	41	33	45	311	30	85	182	95	76	373	447	37	338	489	1246	1442	5912	735	54	70	53	54	119	1312	93	141	154	129	144	193	94	109	191	82	53	83	92	65	86	89	98	85	97	118	329	405	513	251	265	133	331	200	109	216	119	121	197	119	146	805	505	637	731	746	857	647	3092	10760	4808	230	222	195	467	364	361	317	114	106	76	148	138	135	183	162	64	146	117	152	157	84	116	212	99	32	74	16	103	77	81	73	35	27	49	59	68	66	28	33	37	39	81	73	79	36	100	41	19	55	40	35	75	34	48	42	31	41	29	42	35	35	35	14	20	38	20	24	52	138	32	118	100	66	71	55	60	134	156	26	36	48	16	49	50	137	64	54	44	92	54	1570	323	215	87	2262	2165	890	795	2171	50	43	139	128	192	278	160	216	137	1292	2586	1104	1572	2971	120	79	138	186	193	188	162	91	193	148	137	759	96	180	109	244	661	743	93	166	147	103	150	110	308	159	172	204	3895	157	131	111	123	72	73	57	186	103	83	51	149	169	245	259	246	232	292	157	101	429	168	142	87	1644	180	294	304	719	195	289	291	558	603	540	676	2920	3762	5145
1766	1508	1202	1204	1429	1176	1135	1299	1040	778	1107	1165	1052	1173	1396	1552	1495	1449	1404	1580	2382	1733	1249	1380	1286	1552	1369	1333	1253	839	1111	824	1003	1898	1910	1310	1436	2025	2064	1454	728	1160	710	1083	1029	1015	883	1061	865	869	1274	950	827	722	945	824	1165	1324	1155	1071	880	1151	1254	1581	1541	1364	1885	1970	3055	3002	2918	3061	2590	2480	2478	2681	2569	3191	3466	4011	3093	2683	1812	1793	2126	2244	1903	3666	2782	2471	2792	2204	2312	2173	2246	2212	2341	2021	2524	2074	2384	2048	2774	1966	1501	1395	1214	1291	1391	1286	1266	1303	1171	1100	1265	1351	1336	1080	1278	935	1474	1792	2165	2297	2135	1938	2082	1705	1319	1197	1372	1446	1538	2854	3501	3608	3061	921	869	752	2458	2049	1734	1625	1393	1170	1251	1174	1183	1187	1145	998	907	1146	1216	1222	1194	1170	1118	1175	893	1016	1791	1930	1542	1996	3168	2197	1931	1401	1757	1691	1681	1395	1173	995	1765	1610	1774	1926	1904	1764	2106	2761	1674	1907	1675	1887	2467	1690	1238	1361	1437	1470	2050	1391	2145	1806	1408	1504	1167	1478	2113	1606	1374	1404	1619	1552	1602	1692	1419	1357	1543	1617	1396	1401	1612	1617	1688	1209	1248	1139	1340	1458	1005	959	744	1002	1005	837	766	915	597	427	467	441	468	504	442	560	802	405	284	356	372	519	588	446	468	418	625	598	874	1367	1380	1842	601	618	569	1102	895	828	1095	1068	1029	1039	1746	1537	1516	1663	1159	1272	1203	1262	1242	1346	1808	1116	1546	1052	1644	1666	1885	1326	1534	2329	1847	1641	1415	1279	2353	1283	1103	1551	1209	1512	815	906	1352	1309	1443	1467	1441	1449	1714	1117	1016	1281	1366	1328	1303	1431	1849	1295	1266	1032	865	1134	953	705	618	581	698	669	796	738	761	779	685	902	890	591	653	515	435	625	695	427	639	665	522	427	436	628	612	488	543	492	937	1278	1267	1150	841	887	1529	1430	929	1659	896	1244	1682	1531	1530	1567	1574	1496	2314	1997	1694	1105	1327	1396	1108	1412	1703	1642	1591	1667	1600	1290	1441	1410	1380	1331	1349	1114	1386	1038	1152	1292	1891	2138	1562	1649	1209	1124	878	749	945	773	661	632	783	690	1089	1020	1149	1194	1281	1219	1008	824	666	633	851	699	957	860	807	601	691	768	781	627	405	411	435	699	595	1123	682	593	479	569	545	506	360	391	619	340	527	570	557	518	621	638	780	1138	2051	1149	407	787	781	1101	765	1028	892	907	906	1006	1154	1259	1027	1260	1067	922	1006	775	1164	1191	1127	1106	690	860	999	970	1135	957	979	1078	1054	1001	1171	1159	1121	1473	1106	1441	1236	1065	1283	1094	853	960	1374	1242	791	922	796	1303	1355	1492	1012	866	961	799	961	880	866	908	874	943	581	654	1055	1123	849	714	717	700	833	805	652	838	807	640	853	632	735	608	650	555	510	490	598	663	577	632	548	454	518	696	549	541	445	477	525	650	716	741	816	936	743	802	961	802	1108	972	1065	932	831	970	1151	1298	887	832	959	1040	833	822	658	840	960	920	1111	1443	1304	1145	1182	1272	1352	1212	918	925	837	771	1194	907	944	795	1295	1418	1322	1133	1064	1339	1089	960	825	1033	800	1227	932	878	1395	1040	1114	1372	896	895	593	829	860	903	772	517	525	652	672	787	515	555	641	864	763	602	474	567	705	557	547	716	710	705	721	575	605	489	555	677	660	1248	935	971	1110	1000	1534	1604	1444	1126	1205	1171	1150	1309	1102	1228	1306	1218	1071	1309	1416	1520	1454	1607	1517	1339	1239	1308	1290	1124	1364	1641
11587	15943	6261	6627	7528	8252	6803	2818	3194	3158	5899	5443	4711	2512	3762	4308	7392	6390	8785	6533	7431	4117	5215	8710	11642	19058	2187	3433	1279	884	2652	8677	7922	5100	2333	3074	6051	6393	801	5038	3205	6405	4502	3131	2366	2804	3531	1619	2049	1987	1771	2003	2259	2402	3650	3063	1426	2022	2843	3013	2544	3684	1664	1433	1527	1309	1115	1100	3175	3261	3274	3826	4770	17432	19685	7052	6693	6576	5877	10548	13600	12106	14694	7111	5839	7165	5999	7674	6958	7627	5596	6417	7709	5831	9194	10132	6234	8375	7213	6958	7269	6081	7616	4158	3669	3677	3116	3937	2643	2266	2389	3207	7288	3640	4705	3094	1959	1758	1877	2125	1880	2741	2243	2747	3329	3046	2442	2303	3096	6383	4276	2248	4470	4004	2637	2411	2556	3049	2639	2392	2274	2515	2138	1913	2160	2125	1945	2228	4842	4133	4960	3246	5938	5851	2103	2858	2228	1556	1544	1502	1489	832	1148	4574	13288	3738	3826	4048	8463	15243	12288	4270	4938	7809	4594	6385	5659	9566	16943	5560	5983	4234	4447	5461	3957	4900	4733	5070	7349	5412	7496	7783	12733	22055	31037	7416	8185	6306	7293	5848	11770	15555	17899	8136	6638	8571	59548	7307	7164	6588	5581	2804	2690	2287	2292	2260	2256	1717	2587	3043	2353	3101	2251	2732	3997	4359	3519	2481	1648	1632	1801	1630	4055	2768	2612	1907	1379	1990	1325	1962	1387	1740	1436	1728	1209	1456	1723	1693	2339	1820	2354	1958	2676	1766	2243	2738	2078	2000	2049	2735	3372	8423	8025	4947	6753	2156	2532	7163	3764	3913	4086	5258	12207	14007	16586	18289	19060	16231	19822	17508	17611	18488	15586	13727	14856	15234	12038	9604	5698	11842	7697	4114	4939	4387	5730	3567	5105	6299	9323	2595	2862	2965	2692	2791	3197	3436	3390	2694	2457	2763	3323	2593	6285	5767	3330	66461	35787	29770	56173	43596	32621	21890	17477	10725	2741	5442	2060	2671	3917	2207	3992	4387	4580	2723	1415	2239	6855	3471	11059	9430	8279	9652	2273	2987	1200	2729	2578	1026	640	486	1487	1694	1332	3054	3043	1038	1571	4031	3020	1974	2546	6188	4992	12427	20138	26791	20073	12567	9063	11548	24450	11863	39265	10005	61106	7743	5422	7764	7499	8195	19658	13702	7420	5272	6055	27435	11055	21758	30689	7228	9088	28247	37627	21994	11960	11344	5981	4478	6520	4530	3314	2197	1760	2111	1577	28050	39598	2795	3203	3080	5413	7544	3225	2101	1969	12701	2063	32833	1819	11195	2619	36853	2881	23375	5708	27613	4667	22142	1829	6403	2455	6585	4131	3138	3204	8940	4465	15766	7094	11670	9289	8117	1613	19764	1566	14930	3246	3948	7628	3650	1235	7765	5203	53078	1183	1348	26502	4478	6534	6597	35951	3789	23178	34809	3374	36597	3624	13896	11269	43335	38899	20577	11017	30712	6613	13997	9784	11402	3983	17984	1618	5872	5308	14904	2542	9900	6533	13394	4179	7340	3436	17529	6647	11705	1865	12376	1098	945	1240	941	680	846	1140	2521	2593	696	1058	949	1017	1345	1827	1181	2485	2300	2152	1834	1688	2444	1473	1714	1468	1677	1904	1199	1790	2031	1342	1716	1163	983	949	1293	1530	1761	1781	1902	1841	2260	2298	1948	1958	1502	967	1274	1607	1239	1602	1524	1215	1170	750	615	973	967	957	815	893	1858	1745	1150	1735	1936	2202	1753	2452	2167	1810	3995	4263	1673	2205	2308	1804	1584	1801	1895	1391	2393	1156	1806	1250	1096	2183	2668	9991	2951	1699	2814	2145	2293	1087	1843	2867	1725	1923	1202	1422	1589	1387	1381	1367	1362	1152	1241	876	1229	2250	1294	1645	2499	1793	1298	1338	1165	904	1070	795	2345	1825	1354	1089	678	294	621	2509	583	1271	868	784	687	663	971	1286	2994	6404	1717	694	7593	18013	5895	3112	1813	6144	7896	13416	10175	9708	18513	11403	8326	7924	8547	7752	10156	7366	8110	8327	9952	10108	8650	11735	9907	9294	5663	7012	5577	5625	14174	14149	12567	6691	6273
1683	3231	909	133	77	95	15	345	509	15	26	81	18	41	92	791	17	670	47	96	44	123	526	469	88	373	947	65	145	169	61	89	69	118	65	105	65	29	128	684	439	66	366	483	448	45	148	67	285	142	108	416	114	42	85	177	146	133	118	94	119	4238	4884	5932	2073	22	3	31	1	31	507	817	221	973	1948	344	55	59	66	177	202	650	61	243	303	205	131	399	208	126	102	104	167	267	752	125	211	566	111	95	163	101	114	117	86	140	111	164	137	108	215	150	147	265	550	831	110	200	99	271	79	303	314	167	136	128	202	124	135	231	102	137	160	66	66	102	55	288	60	119	160	167	71	72	84	101	73	102	173	179	216	164	135	98	103	120	45	83	184	131	122	104	29	59	44	109	32	48	1353	350	1869	492	64	151	117	137	96	191	360	282	484	341	253	252	155	133	193	163	465	230	156	221	727	237	229	154	498	222	184	100	1211	464	2498	1646	128	286	210	318	191	132	265	365	258	151	287	245	260	378	270	169	182	135	85	182	208	121	157	118	57	73	27	26	28	7	10	20	12	37	71	101	71	16	33	58	105	31	26	67	82	61	79	144	48	71	49	51	55	22	35	21	26	17	103	75	1260	121	65	110	56	122	68	167	1336	255	1408	332	98	12	33	235	160	271	312	237	391	340	40	153	80	87	80	36	141	882	1196	1295	1009	23	68	171	59	29	44	33	27	72	74	33	93	119	84	88	31	22	33	20	9	13	1	20	2	20	34	1	22	11	22	11	42	14	5	26	15	1	17	3	26	58	58	128	31	601	38	29	19	194	18	91	25	112	45	108	47	60	74	89	68	26	10	1	10	12	141	1075	178	24	1020	24	178	497	191	31	343	85	51	30	46	672	51	75	532	181	67	270	120	297	342	343	246	127	102	54	95	28	82	81	39	54	49	60	144	52	98	69	75	141	108	148	141	159	155	95	206	103	25	48	100	244	189	241	239	217	296	230	311	200	188	161	269	137	286	228	316	239	318	258	252	285	192	210	244	119	95	105	189	121	162	104	128	123	267	215	203	146	103	290	282	90	252	205	105	772	1405	438	497	20	100	395	139	8	43	108	77	93	64	28	66	146	15	26	26	14	4	14	1	23	4	4	2	4	0	47	5	51	15	9	29	1	1	4	129	253	86	30	7	3	25	8	49	60	27	50	77	33	44	34	78	29	83	99	39	15	10	44	17	32	27	47	15	40	66	29	37	7	49	3	10	30	89	15	5	18	7	12	77	55	13	12	3	5	62	40	32	26	20	338	466	84	50	42	123	266	219	73	60	50	138	95	39	23	1421	19	91	23	28	35	101	112	167	98	74	22	29	90	28	31	38	34	28	126	105	69	47	45	36	53	81	22	85	223	470	148	222	63	56	48	54	88	188	53	30	14	9	43	66	24	1	2	13	158	14	12	1	3	2	1	38	56	21	2	27	0	1	0	1	6	2	4	0	45	18	115	15	21	4	4	32	34	132	1199	551	41	95	132	554	191	280	236	86	69	32	76	85	189	100	164	57	178	59	19	101	443
3290	3674	4641	1987	1088	844	1738	485	614	454	406	2313	799	503	1829	2030	2184	226	536	2708	3279	2408	1063	1208	1372	1197	1514	1395	1490	1284	39	62	202	125	51	146	206	242	2060	3272	4641	3398	1227	239	1548	543	173	984	1248	102	314	96	59	2550	629	226	3112	3646	3555	2916	251	259	1469	208	104	111	67	166	345	238	342	699	619	3151	2868	1160	1756	477	556	543	370	756	4882	6452	7213	1552	320	747	426	871	887	667	558	700	908	1499	626	1011	899	1088	1069	1138	867	246	337	1807	3639	4121	740	362	184	204	248	224	708	1280	181	152	1233	2984	2298	1451	130	2187	183	173	197	211	257	1343	7641	7913	5040	7448	787	6492	1443	105	37	168	820	922	848	238	70	99	148	71	11	13	24	31	73	51	107	387	382	80	101	82	138	114	96	186	187	220	105	456	2776	2942	1731	739	1997	3506	3035	907	3513	4561	2069	2824	3582	3453	4005	3036	1316	490	258	327	303	193	428	702	815	849	715	334	475	3511	4719	1326	2756	8906	4876	3219	976	4425	3023	3312	688	1977	219	241	240	176	160	360	154	280	191	333	156	3671	3555	91	70	57	79	116	27	108	158	196	126	101	54	51	48	176	84	91	43	141	129	117	124	46	39	88	57	168	86	111	39	84	79	65	135	154	59	137	284	114	198	237	173	157	125	313	469	2351	3326	1376	1182	2562	6627	756	1077	5090	5248	4720	6166	5759	6284	4742	3486	2419	1490	3694	2068	2667	1684	3072	1360	2986	834	621	752	633	808	1741	9746	281	600	500	504	786	2474	1887	1541	1129	801	1083	1412	947	1072	1021	1195	1318	896	1026	997	524	943	1171	1238	582	480	1091	829	553	912	1047	642	3504	3658	662	120	208	363	226	170	266	98	162	154	142	104	53	96	109	81	212	79	138	103	119	376	387	391	402	350	643	714	405	458	1035	920	1797	873	787	1552	803	672	279	532	591	715	816	950	900	882	1089	1440	1109	1059	944	714	374	399	332	731	4176	1583	324	1668	2140	3950	2716	3105	577	433	435	429	442	455	449	477	827	401	1016	1380	204	275	171	241	92	99	67	70	138	81	105	135	88	988	3421	142	100	52	102	279	21	24	12	10	226	22	20	12	9	39	32	116	48	72	125	78	48	2605	3011	3158	102	157	169	138	113	213	199	119	222	122	201	325	205	294	183	280	305	310	301	270	213	234	340	237	2572	4622	215	258	212	286	162	106	137	552	3440	2750	2170	3198	3429	774	440	292	331	324	230	598	2274	2463	1972	2369	1900	1620	405	387	154	189	217	215	144	130	1092	205	137	291	652	388	538	296	256	93	158	201	75	114	32	21	15	94	47	26	31	33	58	22	106	98	64	54	73	20	83	58	176	39	90	113	97	109	167	115	191	4755	3081	1067	76	60	67	44	182	304	239	394	699	209	130	715	348	101	149	409	201	215	374	160	248	223	181	212	220	120	144	130	255	148	92	1054	429	3283	3122	6966	1210	1793	3266	6532	3649	283	996	1433	2656	1371	1449	2440	1773	1669	1914	1750	613	292	1196	871	1174	1284	1431	1152	763	947	2314	517	72	28	2005	397	355	35	13	25	34	13	81	168	526	36	52	51	78	74	63	40	108	222	157	106	125	91	87	84	1409	141	285	441	323	333	614	309	987	1304	1248	4327	4228	2933	4442	1548	2022	2131	2184	1290	694	923	3074	2343	2733
27371	30772	30022	24155	30593	30219	27028	23999	28902	28951	24227	25328	22695	22225	18906	16559	15894	18969	21895	22471	25203	24102	21780	19799	21806	21591	22100	29217	24716	23958	22219	23954	21289	20272	17236	13734	8482	9052	8693	12804	12613	10500	9795	7963	8723	8686	8375	6787	6451	7968	7760	7279	7065	8516	6865	8487	9358	8467	6603	9399	8736	8573	7628	7262	7138	8705	7274	10599	12477	12621	13359	9527	12729	11491	11530	12536	17285	24900	28736	20699	31610	23442	25814	27959	24355	20414	19433	15210	14947	19388	24055	23931	20437	21376	24366	29375	28304	21430	21390	22053	20424	21880	18924	15808	17313	21195	18741	23318	23869	30750	21495	15460	13135	13258	10412	11641	12894	12470	14932	15069	15606	18227	19231	20731	25534	24420	24969	21041	18839	19178	18821	16096	15230	16914	16983	28693	15630	18897	16420	10325	17659	12601	12809	15448	16260	11485	10085	7998	10586	12432	9931	13595	9925	8242	6404	11877	11687	13444	11578	9044	9097	11657	8659	9988	18930	18794	19721	14571	14625	11966	10468	10647	14988	17548	13058	11753	15158	18692	16994	18293	20081	21830	27681	27229	23558	21734	14225	0	0	15767	25428	23110	24022	23491	30555	29646	24787	23614	24601	21448	26275	25089	22806	18765	11196	11704	8005	8024	8333	7532	7332	8133	5501	5618	6734	7612	15845	14665	13512	8623	18762	14298	14534	16560	11524	11315	10722	11578	8658	8694	6776	8718	10452	10204	5539	9650	5677	8002	7958	6435	5570	6465	6303	4420	5309	5868	6115	7983	6309	7000	4953	7944	9035	9116	7731	3735	5649	8678	6528	6213	7168	5296	7253	11338	12104	13309	12261	10702	11478	19770	16375	14278	15904	16298	14050	15423	15045	16801	16873	13742	14685	15741	18256	16480	21187	26283	25495	25305	22299	25611	19083	23487	21040	23779	20041	11979	12476	16956	13521	11316	15294	15913	10605	12566	11860	10418	8884	14175	16167	13506	13082	13924	16620	15956	15701	26298	27437	28420	25140	25318	22302	18844	20053	17467	15762	16320	16190	17239	16158	12011	11205	10184	11571	10917	11906	10589	6918	8912	7910	5519	6709	7327	7825	6744	6821	7474	7266	8933	10009	10622	8040	5510	6548	9155	8828	7085	8722	9889	9070	7280	8831	12014	23010	18413	13771	15781	13429	16909	18152	22710	16291	18470	24823	18476	14652	14931	15725	14255	15405	17168	19706	21169	26474	25861	18361	21091	21224	22951	27195	27184	22388	22241	19921	19611	15488	12928	13052	13089	11610	10834	12474	15388	10634	8669	9779	9257	8016	7562	8654	8411	8056	17414	14087	18195	17152	14556	10113	11290	11020	9711	10393	8825	11208	10739	12649	10563	6656	5843	7641	7696	8111	6861	6225	7665	7605	6305	7379	8572	8219	7880	7865	7663	8585	10799	12099	11779	12181	9268	5863	7211	5530	3966	5703	4972	5619	5925	5859	4956	5605	3796	5185	7229	5830	3986	5944	9708	9353	8973	9655	7906	6002	4877	8313	7912	7079	5448	7289	6313	7134	6709	9677	6942	6610	9867	9889	10350	10271	10636	13466	15701	10229	7558	13516	11830	11061	8876	8779	9488	11831	13362	14715	8692	9542	7733	8443	7451	9373	19536	16323	13709	12941	11688	14448	13266	10251	11811	8717	9418	6597	10210	11926	11061	7654	8521	15816	15430	7437	7973	5646	7461	5061	5378	8963	8599	6811	8052	6128	6052	5110	9017	10456	14354	15212	7598	5406	5385	4785	5750	5914	4947	4592	3918	4897	5844	5893	5676	6435	8280	7942	9229	7633	9560	7239	7086	8672	9368	10651	9388	8400	6889	6526	5684	8487	13115	11431	6775	6386	8426	8130	7324	7837	9060	12795	10486	12081	11309	8662	6888	8928	12051	13249	11374	10777	10270	8715	7144	13332	13199	12300	12566	9076	12601	11176	16864	19371	18739	15491	15969	10367	13279	11424	11271	8941	8833	7988	8760	10534	7386	7374	7002	9961	9628	9444	7387	6551	7938	5191	14108	9492	7120	5971	6140	6517	6924	6579	6985	8251	9717	8662	6179	5519	7633	7772	6179	6220	7187	14440	16275	7782	8941	12210	12527	14184	15023	17457	16089	21153	21644	21734	18058	21331	22224	20754	20197	25716	27146	21352	21255	23442	18181	20606	24834
66114	65164	62683	60320	60005	54234	56802	56170	54979	53511	57254	60690	63498	61079	62837	59792	56480	58896	60643	57353	60474	63751	61246	65345	64837	65414	64549	60324	58496	58795	56704	59663	62987	63073	64551	63425	61623	62875	55471	49577	49400	50349	52959	51326	49700	51558	53507	56011	54935	52132	48332	47409	49572	45651	45446	42289	41188	40819	42110	40588	39476	37855	41636	40300	38397	40633	39509	41505	38308	40579	41423	48980	46435	51347	50538	48439	52815	59323	62958	66361	66610	53083	54986	57895	60277	61651	65020	68022	67006	64446	63935	67754	65454	68519	68991	69829	64649	58760	66112	69777	74493	66361	68566	67714	64171	59321	59554	60041	65833	58503	59313	63186	59029	56125	56267	58273	65025	65455	61085	60227	61608	69197	66684	62284	58351	59093	57699	54014	54997	56807	58233	61213	57759	51449	55402	51598	48885	48087	50677	51083	54393	50167	51718	48639	47188	47725	48229	49371	51885	48654	50768	49308	49398	47948	43501	42668	41423	44640	43677	44542	42426	40775	41603	45060	50967	51046	57323	54376	52229	55463	57349	56620	59644	58645	57350	55249	56509	56747	60971	66713	65493	64147	69388	64038	62144	60721	62139	63353	55919	55857	58500	55280	52381	53650	53638	55850	53182	53873	55964	57560	53659	54058	53854	55234	58823	56062	58585	59626	58603	54298	63646	64988	66652	62504	61470	65119	64282	68907	67224	63845	63603	71502	67316	66921	65224	61744	62828	63753	60951	59802	60386	61903	64205	60639	61326	58642	59124	55089	54655	51931	53059	51431	49572	44932	43857	45831	45760	41529	44871	43385	45048	41910	37941	42429	41618	43426	50425	48942	43750	46131	53701	51302	58960	57036	56024	54473	54655	51200	49422	53508	72922	59056	57677	63160	61067	61848	56824	58068	60856	67408	64602	60673	62120	63301	62430	65131	59135	64823	65113	68018	70246	72671	66226	66583	63864	66440	62505	64345	69417	63083	67093	66045	63159	67979	65614	72372	74206	69970	66494	59442	58266	59798	64334	70600	67370	63048	62775	58952	63825	62175	59815	58550	60734	65151	63440	61488	56992	54640	58696	50947	49418	49255	53620	58209	56926	56295	58063	49391	49639	50997	47483	44340	44542	44805	46031	48837	51319	49110	49817	49687	46402	46205	43160	44366	47432	46553	51142	51473	55703	56933	59824	62501	51202	55046	60979	63844	64465	67962	66385	63140	65309	62801	62617	65577	63359	63103	63258	66376	70033	65461	64862	61655	60563	62258	66023	56730	55940	56645	56017	52402	50289	58542	54847	51194	48963	52414	44898	50771	59503	63766	54635	47294	47382	44704	42702	43812	44005	52796	54105	49325	47140	45386	53202	55345	55348	53135	49673	51864	54361	52832	57518	53455	58879	55755	57235	63625	55441	52952	49351	46741	55841	54506	47682	43197	47222	42887	42681	45171	44813	42784	41622	42572	40929	38269	40990	40822	41028	38904	40057	38043	38628	43201	42915	39441	39173	41796	43969	44397	44479	47134	43299	45093	45884	44725	46746	47579	50190	50370	50335	53941	59161	57545	53490	55434	52946	55243	56104	57339	61431	63305	61515	54621	52227	54646	54174	56494	59311	61427	52518	52974	57365	59269	57499	51992	54303	60161	60224	56800	57478	60659	57966	57889	55127	53533	52753	51318	51319	52267	49520	47450	51937	54237	61004	55374	49840	46461	43131	41756	43911	48515	47896	48533	43542	45935	43637	47372	47123	45498	44784	41901	40595	43384	42749	38732	41178	36239	34578	35832	36689	33953	34163	31792	37495	42791	30727	32894	29025	29374	31771	32014	34106	35397	35595	41965	48615	47474	46847	50602	51381	52257	50044	50475	49261	54788	55542	52685	51543	52934	53475	66261	83718	79521	72118	67340	73313	71121	55103	53357	52916	54783	57729	57140	58831	59222	59886	65362	63530	59844	59978	63165	60042	60647	61515	61249	60564	63253	68367	60871	59689	62231	61649	55261	56545	61583	62778	62607	66536	62178	54844	55841	55502	54480	49590	50486	46518	48888	50882	50892	54573	48735	43209	45404	47765	47846	44601	41672	37014	35597	37977	38794	37485	38109	37052	37770	40368	34994	38566	39748	44633	39214	38336	42753	40812	39026	38185	45087	47718	44988	47916	50866	47530	44061	47074	45836	49277	49007	51073	53078	56675	65361	63127	67556	66054	65735	59942	57659	66209	64300	73752	53889	54378	56244
41266	30121	29978	37000	29724	30290	24787	29217	27265	24610	24828	24129	23158	25514	30188	28650	25180	26517	25626	23080	20015	22699	22527	22311	24927	25325	28345	28400	25378	22554	20946	18418	24777	23667	20694	21141	21686	21040	20955	22883	26626	23300	26186	32194	35786	25918	26553	26823	25630	26277	16673	18213	18968	19454	18111	17379	18645	16866	18124	17426	17579	16101	16966	20555	18967	24428	24009	20271	17840	17884	19662	22835	21964	22340	24529	28122	24478	22678	22599	24207	24932	29346	35721	44928	31161	29973	51833	29109	30669	37684	43782	55092	50518	26703	32347	27621	32922	34279	37179	32001	23480	25974	27436	23155	23586	25741	25263	24906	22373	22873	21481	21725	21618	22273	26822	30013	24407	23772	21723	23642	26258	27334	28889	22204	20133	27943	28228	23411	23179	19377	20376	24113	21083	19234	22657	17777	15323	17262	19661	25525	23092	27102	23117	17533	19416	19836	19049	18870	16481	16929	15702	15435	15350	18038	13204	15320	14138	14886	15502	13917	17132	20987	22578	22522	22488	23182	19924	20376	23505	22635	21966	20626	24087	35936	41634	37953	43933	39417	34619	41648	36240	47826	61579	58420	49711	43756	32960	36077	44405	41485	42661	39505	30070	31982	35145	38093	36105	41444	33527	36637	35481	36476	37189	36376	36644	34275	25357	24094	27837	30508	29635	28019	30607	26218	25335	24637	26277	25583	24291	23522	21286	20032	23010	22024	24591	23082	21134	24158	21482	21102	17777	16978	16665	19832	18450	18022	17964	19602	17310	17858	18079	18464	19946	16093	15757	18816	17431	15347	15243	14587	15250	18636	18817	15894	17185	17818	16632	19070	20393	19703	17001	18164	18847	18673	20154	20972	29656	30611	35727	30322	29344	34357	28559	22441	28996	26257	27334	32869	31042	26712	31305	27289	28000	31325	28896	31300	32523	30243	35786	28859	30746	31476	30963	27665	27199	23901	21269	25413	26740	29757	28543	29857	35195	32229	31359	27705	29995	29821	34121	39400	32089	31066	23055	28951	24398	22830	26219	22101	25040	24193	31023	24112	18489	18377	18369	17032	17978	19141	21761	21659	27643	24046	21611	19634	18020	19013	17774	20517	18869	18550	17617	17896	16192	19453	24464	24258	18706	18597	17166	16863	15274	15451	21840	14908	13426	14085	15217	14702	19592	22703	21355	17855	17227	20237	21915	20222	25999	27290	28677	28741	31640	36756	33565	27933	28029	26352	31575	28096	28294	35175	34993	32710	34247	27625	30949	33068	26642	30558	32719	26064	25089	26694	34146	28529	28594	39658	26346	26550	27853	26778	24760	24406	25591	32867	27227	27763	23701	23562	19847	21289	25927	24521	24879	24110	26609	27135	24432	29418	29114	23945	21044	21790	22212	25818	32230	27093	21915	19879	19970	19671	20205	18150	19432	16831	15803	18830	23915	18167	15971	18071	12251	12413	11685	11261	11755	10169	10933	12394	11182	10226	10644	10061	11237	13243	11528	11307	10783	11873	13487	13483	17263	14306	14063	14198	15639	13206	17051	17761	17024	17416	18262	20680	18863	18215	17596	16671	15207	17672	16163	18506	16506	17230	17400	16570	23935	17514	17735	20603	18512	23637	24052	20945	21544	21677	25367	23138	21444	22315	27754	20611	17152	15867	20216	16037	16774	20403	20024	17353	16408	20323	21498	17854	18683	17286	16277	16491	17334	19874	16567	13731	15789	15032	16248	15116	15986	15003	15160	17159	15051	13646	13512	12956	11247	12282	11921	12605	11762	12600	11904	12870	12854	11094	11241	11037	12095	11959	11044	12484	14436	13417	13035	17092	14751	12451	13597	17921	14355	16700	18150	15606	16754	17353	19587	15623	16620	17700	18346	15814	17757	19744	17766	14389	15000	16826	15501	19509	21337	19342	22846	22926	22851	22231	19677	16986	21184	22036	18472	20003	21406	20788	19232	17483	18193	19130	18357	16043	16484	20017	17063	18317	17614	19391	19729	20942	18744	15813	21632	17258	18108	14992	16407	14787	16732	24053	21444	15737	13266	15679	11296	12677	12666	12457	12165	11423	12036	11867	13093	15098	12002	11564	12600	13088	13536	12411	12451	13263	11020	11806	18258	13774	17723	12909	13790	20925	20608	15592	15508	15444	16616	17253	16896	18867	23255	26864	32503	23504	22250	24797	30989	29814	29342	26360	23742	37658	33682	33301	35548	31585	32613	34321	28021	24697
9829	19006	18244	22780	36145	25432	34054	39008	24406	26169	28693	15457	20938	28197	21627	21040	12857	17700	12383	11825	12243	15126	11358	16194	21614	18776	31731	21750	19181	13786	16710	21290	21226	20295	20818	19904	20961	17096	6408	5020	2418	1143	1667	1164	1257	3964	6439	6634	9211	3472	3336	2158	1093	1663	1524	2406	1383	875	1655	976	594	648	729	2011	1243	580	743	676	3275	3964	2854	1002	1224	8569	3555	2491	2927	4564	3731	4391	6343	19108	29116	28321	20527	22571	21237	29713	19046	21375	20241	26606	19434	30508	18991	31811	26122	27701	19733	21951	18217	18133	23468	21551	27981	25435	15548	11576	12661	9563	9222	10514	3798	3023	3732	3951	8106	3988	4636	3060	3620	3135	2899	3761	5791	6860	7465	2984	3645	2840	2268	1954	2103	3112	1820	2242	1600	1488	1304	1970	1958	1733	2134	1428	1782	2280	1321	1508	1727	2470	2782	1554	1452	1307	1167	323	1026	443	671	1294	998	1139	983	1108	1290	1570	1909	1987	5226	5199	6973	15494	3169	3312	4642	40409	6226	5770	3266	6035	5338	4809	7242	6186	7157	18439	18482	23614	24356	24621	19548	20064	18485	23050	23796	28532	29269	26812	26636	21441	23118	35635	22122	28179	27115	25533	22290	29098	23622	25593	28863	18324	18430	20951	16261	20134	21616	22406	22304	12074	15921	16877	12616	13331	10573	14034	15448	15446	16051	16887	18052	8282	2849	5483	5701	4788	1544	1560	1544	1635	1288	3211	3150	777	903	1090	973	945	904	562	668	1182	901	1111	835	1045	2596	1017	996	1540	1350	2014	2434	2037	3060	7782	15357	21148	21786	10084	5305	8004	31336	21257	43047	69818	23462	25194	27426	19571	19943	24906	26464	34418	25058	42822	23351	28968	28429	26887	28831	18535	17726	16814	12660	18805	18412	6451	8155	23933	13923	8786	4902	6879	2654	32273	18380	8982	10077	6466	7561	2826	3022	2339	2390	2499	2468	2396	4000	4644	3301	4337	4292	7831	3612	2604	3014	2518	2616	2847	4986	7612	6524	4423	3940	6766	8766	6234	3346	2970	2825	3052	4876	6214	1605	2071	1806	911	857	1155	904	1685	759	695	468	1002	1092	814	989	1263	1696	1815	14266	22145	36500	8529	21067	38566	41773	11557	6154	20866	9035	15571	7966	3216	7699	12664	11077	16472	15036	9370	13484	25291	23589	24171	26293	25414	8847	10999	22626	28504	15521	8482	2195	4499	9602	2902	4067	2848	3265	2619	2486	3058	5498	4268	4085	4100	4936	5018	2400	2157	1697	5458	3139	4268	5928	7099	4985	4530	3283	2536	2459	2607	2682	2480	2537	2120	1827	1931	1930	1864	2285	3086	2707	5953	7061	8278	10034	6011	3845	5840	406	397	3195	4344	357	354	361	567	369	360	382	1187	1318	615	1067	642	679	4976	7902	7295	7786	7076	8076	8079	5844	7649	7461	6453	4755	4872	4171	4097	4941	6400	10419	10227	11048	12412	20186	14184	8808	13496	10901	13984	16802	16138	9919	13294	17518	15485	10722	9807	7277	5911	3647	4579	3782	7440	4590	4558	11775	17451	22573	16721	3917	2566	8663	35197	7390	5624	14654	9077	8455	2957	3908	5172	3795	3591	3369	4224	6339	3765	12792	1277	1500	1557	1308	1122	1291	1292	1125	1123	1940	2406	1356	1027	1135	1050	646	396	516	734	698	423	622	813	617	311	694	949	751	1331	1569	1377	1207	1206	1699	1445	1557	6698	20838	37257	16200	9849	3334	2200	3712	2322	3516	11720	12421	13703	15083	20774	11681	9422	10384	9074	3767	2745	15968	29996	3708	3062	2314	3360	3121	3619	3030	3291	29903	30615	12433	16623	15109	8469	3908	7695	32819	11424	9341	3117	2459	3925	7855	14390	10598	23335	11858	5618	6244	11749	11705	12418	12636	9679	9120	5164	1086	974	1005	1187	1011	4958	5936	2085	633	667	1657	839	3916	3042	729	1018	867	1062	865	943	1049	1011	4885	1286	353	450	2220	882	2177	1821	6034	19701	17460	6854	2359	9203	10867	10517	11005	8842	5607	4632	4028	6783	11461	5918	8690	5378	17530	14677	8247	15965
2421	2653	2570	2109	1950	2164	2614	2537	2105	2039	1667	1268	1207	1678	2119	1229	995	2970	1867	1902	1218	1213	2293	1380	1603	991	973	1310	887	1073	948	709	905	921	993	908	976	841	901	739	585	899	780	636	689	567	567	527	1067	592	756	564	757	1294	622	662	551	867	916	917	659	586	710	784	686	767	1137	959	999	1086	1870	2434	2107	2555	3978	2858	2391	2197	2167	2207	1875	2003	4617	1756	1962	1723	1672	1602	1748	1763	1406	1497	1855	1429	1995	2341	2909	3616	2637	1908	2707	2099	2134	2347	2221	1745	1548	1930	2375	1964	1802	2041	2372	1729	1541	2527	1907	2053	1739	2002	2122	2100	2065	1934	2139	2037	2511	1758	1219	1163	1066	1050	1113	1189	1243	1123	878	1275	1664	1153	1422	1209	1488	1127	1243	917	920	874	1030	985	1003	790	824	810	581	797	668	986	1107	1178	1313	1358	1133	1681	2634	2840	3155	2537	4543	4030	7782	2888	2717	3122	3753	2748	3986	3424	2527	2024	2348	2708	3245	3092	3155	3339	3762	4096	3476	3170	3009	3229	3342	3004	3037	2412	2410	2191	2638	2492	3137	4650	7953	3867	3191	3052	2885	2630	2745	2248	2525	2613	3301	2677	2679	2721	1919	2299	3356	2679	2173	2492	2280	3302	3326	4601	4776	4070	2311	2700	2299	2231	2090	2474	2420	1939	1873	1688	1824	2901	2158	2045	1495	1607	1737	1986	2039	1973	2392	1961	850	1163	949	1064	1225	1423	1366	1171	1064	910	1095	1304	1447	1680	1468	1401	1764	1642	2630	1458	2129	2156	1716	2166	1708	1945	1874	1986	2226	2838	2277	1852	2277	2118	1912	2353	2990	1986	1432	1629	1748	1819	1397	1378	1328	1567	1379	2006	1653	1794	1268	1854	2065	1804	1346	2598	2688	1299	1561	1872	1845	1251	1103	1862	1628	1508	1042	1345	1683	1364	1339	3339	1147	1074	1018	989	1066	959	1022	1171	1000	725	816	671	463	687	904	459	515	766	707	781	725	1103	825	687	553	869	680	940	1704	793	799	1051	875	773	919	905	933	956	1266	934	1255	1073	996	767	841	1152	1270	1323	1265	1055	972	1608	1235	1279	1495	1138	1146	1016	1260	1866	1224	1410	1911	1910	1750	1368	1107	1752	1347	1540	895	1154	978	1144	1389	1468	1193	1254	1208	1839	931	917	1010	1147	1012	1003	1564	1597	1265	1552	1290	1189	1148	1223	1252	1182	1261	1026	1394	1420	1243	1407	1021	978	937	1074	777	617	460	545	840	783	1157	1036	865	690	842	617	627	469	555	525	738	503	553	476	651	703	783	758	992	843	908	1084	896	1172	873	427	451	544	944	817	619	1118	970	888	998	1390	1148	1168	1240	1448	1222	1515	1341	1104	1071	1311	1155	1118	1208	1188	978	1073	980	867	1421	1040	1189	1161	878	1136	905	807	974	863	1240	932	1598	1629	827	1032	1166	944	941	971	890	1104	881	633	962	951	1272	1117	871	1256	1541	1621	1631	1851	1467	723	1531	2135	2150	2064	1100	662	452	452	564	540	405	289	859	863	822	827	1209	1020	1202	1151	877	647	474	835	761	808	1090	864	974	1277	1045	1591	1059	1274	1224	1229	808	864	1124	1127	786	742	965	888	900	1410	1479	958	1572	1806	1534	1270	1474	1588	1585	1226	1525	1659	1364	1705	1378	2203	1658	1198	1255	1438	1444	1207	1659	1225	1181	1172	1272	1275	1434	1664	1709	1831	1687	1510	2081	1449	1307	1659	1536	1427	1257	1152	1022	1189	895	985	887	915	2756	2256	780	716	973	1192	953	916	904	912	1027	1485	1303	1056	851	849	861	808	732	994	1167	905	1146	1383	1397	1013	1168	1119	1190	1911	1632	1267	2625	3141	2083	1494	2060	2058	1824	2070	1500	1536	1109	1660	1265	1837	1015	1153	1760	1257	2136	3548	2511	1666
112	824	83	55	73	31	129	167	39	37	60	107	33	58	66	81	54	40	30	49	32	21	45	28	46	24	16	5	44	1	2	3	28	25	54	92	109	43	42	432	464	59	75	60	91	54	39	15	42	29	32	58	36	1	13	13	15	15	0	1	10	1	6	7	3	15	16	18	16	28	14	14	60	75	40	18	10	30	89	142	98	442	409	504	319	710	3881	894	112	52	67	53	930	91	54	74	117	258	134	159	130	1015	4316	823	161	159	116	225	235	148	192	172	164	189	177	132	11805	201	273	49	82	21	3	7	5	3	18	48	39	49	70	66	28	9	39	20	20	32	14	69	73	57	19	10	61	22	16	14	17	6	1	1	12	63	2	9	13	17	6	13	21	2	12	15	10	36	72	170	382	246	109	69	347	136	212	95	209	256	262	394	263	257	210	2403	3222	3246	3636	919	787	435	258	110	53	63	58	168	102	59	72	27	39	99	99	60	111	73	138	105	101	79	81	96	22	36	6	125	96	45	35	39	93	128	247	203	260	238	328	1240	3621	1039	40	24	114	30	35	38	17	5	10	8	115	17	183	105	35	6	7	6	11	16	13	9	17	60	78	30	63	73	91	16	100	509	103	428	367	221	196	106	86	7	59	37	43	254	7496	3322	64	49	27	69	153	307	103	3046	3065	2099	36	122	49	128	172	548	570	664	829	992	2954	4129	3081	3072	905	1696	1019	1885	567	1278	1221	986	1203	471	1118	1283	680	1141	1338	1915	1625	1877	1878	1803	2016	2142	2110	1752	148	2154	1547	2584	2625	2465	1876	1973	3606	4316	4003	3582	4039	3840	882	832	467	372	845	503	282	226	745	288	92	366	284	323	54	114	421	29	71	85	138	369	438	239	558	365	224	516	239	438	572	131	115	102	138	145	319	107	12	152	117	41	27	43	61	216	284	414	301	148	58	59	51	55	81	26	70	122	88	98	143	70	48	57	73	60	26	14	11	8	11	23	14	23	21	27	26	86	118	130	82	58	58	59	81	35	63	13	0	26	26	35	5	25	1204	1796	21	21	75	88	48	107	13	41	51	19	21	69	29	58	30	29	38	15	20	63	39	77	21	50	29	52	35	68	97	18	104	144	176	122	69	49	59	48	37	86	74	61	94	41	61	46	31	62	5	58	33	126	176	52	67	42	100	68	16	13	39	17	8	7	8	12	62	5	21	93	17	10	42	219	40	34	39	2233	1095	18	29	51	47	97	132	184	201	135	57	27	36	30	36	31	15	21	12	18	44	14	40	18	2	20	5	0	12	6	3	11	4	9	20	7	13	8	11	14	18	34	30	85	4	2	17	39	7	36	45	778	3467	245	933	49	63	69	46	26	11	14	9	30	57	60	10	42	97	21	31	19	5	4	8	41	47	31	19	19	13	24	37	85	144	89	82	14	61	47	82	81	69	130	82	130	93	41	25	35	49	69	84	59	66	43	24	34	60	60	44	79	27	43	10	2	2	6	3	2	6	3	2	1	12	1	1	26	16	1	3	29	5	12	9	5	16	8	56	143	62	12	6	64	11	34	222	615	1872	317	454	1333	854	402	108	107	35	24	446	10
329	850	855	1164	793	263	1058	1226	3805	3896	1099	567	697	283	443	455	361	315	583	393	257	363	238	380	318	395	410	1210	1389	1047	1231	1268	1285	1126	1399	1446	1364	731	100	47	66	189	62	65	25	8	11	25	7	5	55	34	23	50	136	18	12	175	2210	29	38	23	24	61	35	69	55	39	80	110	177	283	607	357	234	262	181	407	340	739	545	265	465	1330	571	2585	538	1000	320	380	281	620	861	710	532	672	602	2157	5148	784	328	582	2935	3878	2508	284	534	1120	1539	753	367	453	365	226	352	191	2709	3797	70	95	247	208	145	261	162	2021	2627	76	134	224	1881	107	24	464	654	1188	545	358	230	67	47	83	161	90	31	28	37	38	82	41	34	31	42	33	42	34	35	38	104	248	86	102	92	68	114	95	90	658	201	562	400	519	748	1444	1397	1709	2463	3967	2251	2008	1438	1824	1688	2440	2092	1656	6915	5078	3551	1782	1813	1759	1739	536	2800	4529	4735	5158	3062	1846	977	330	734	339	830	325	137	291	410	190	273	371	435	344	233	171	152	180	250	419	265	2080	402	449	324	895	517	962	861	204	305	154	267	221	181	72	19	149	106	201	42	35	17	327	12	723	368	33	36	54	13	93	21	45	83	541	61	212	48	86	149	60	88	695	72	268	317	306	374	368	228	752	684	434	528	1568	2889	3805	263	1499	1428	587	801	657	777	720	982	875	656	434	1221	1089	250	404	323	327	203	252	103	158	428	201	195	350	99	364	231	61	131	131	185	348	254	235	211	281	217	1284	470	268	349	388	254	722	141	63	141	231	70	51	86	204	281	316	221	436	365	338	336	377	354	417	431	393	304	369	476	117	195	142	335	364	84	183	228	214	168	237	183	1249	132	149	348	311	177	206	283	377	442	557	236	858	2075	2866	2267	2374	2102	2749	2140	2530	2605	2352	9055	7689	1671	3053	8660	3459	333	267	516	258	218	186	320	334	354	168	557	610	200	332	131	129	32	106	219	270	336	186	398	131	255	2491	1470	193	275	381	440	3388	241	400	117	9340	608	224	125	18	528	471	173	169	193	27	47	20	37	22	84	34	10	35	97	46	34	36	21	129	21	11	33	132	259	206	227	803	600	485	216	2835	2635	3551	2688	3263	2769	2985	2273	2794	3011	3919	6751	894	324	333	201	525	164	450	1166	155	599	563	765	394	377	396	628	581	1346	1030	12461	1925	9084	1114	1023	552	822	259	126	449	380	78	256	384	581	477	182	496	531	2668	537	559	617	10184	11108	602	507	259	66	34	21	14	11	86	189	587	1240	958	1029	1040	1112	572	158	108	74	72	34	14	67	16	66	7	33	121	38	15	27	208	120	4	11	539	83	86	232	274	150	3044	3678	307	527	636	796	562	164	1407	300	343	269	385	268	611	435	5055	3896	629	656	418	336	540	627	234	616	154	109	182	420	577	1576	1680	1851	1996	1970	1867	1824	2318	1884	1489	1837	2147	1392	1976	2019	1449	527	1763	210	235	143	192	113	138	86	257	334	258	696	441	671	284	217	200	186	204	842	20	303	97	24	29	25	17	34	59	12	13	13	18	73	181	88	73	106	113	137	140	186	673	112	606	395	321	239	4549	2217	287	176	240	402	663	186	183	357	511	437	370	1132	3561	751	689	471	440
27772	25224	20116	23567	23927	38931	52070	26265	21993	17568	12947	15571	12152	8996	6340	8798	7241	15070	20530	19260	12506	11917	13287	10137	11284	12413	6181	8653	10237	12783	8160	2754	2489	1984	13340	12865	1504	1006	997	2191	2304	4057	1814	1647	922	3600	1341	2498	1085	1179	1610	5517	4546	1871	919	1923	1054	1703	1662	1449	1452	776	6108	12293	14356	14422	14879	14801	15343	14249	27466	29443	19229	19052	19390	16800	19476	24849	19976	23031	22432	24774	34660	39136	36247	29164	37903	28775	26026	30474	26729	25443	22235	29155	23769	28127	35317	27505	32878	14196	12806	13635	17231	22231	22181	25304	31541	26272	36019	32393	23936	20558	18816	17645	16373	19457	35068	22983	23204	23461	25886	22871	16004	15183	13676	14148	15060	17825	15780	14907	16372	15704	13959	13305	13030	14414	14403	15195	14352	20104	14451	14496	19843	15501	15574	14496	14643	17119	34048	16211	17220	26901	14277	15054	16010	16873	17377	14742	13707	14376	12007	11854	12129	20674	23998	24201	21858	16390	17436	22221	19022	18398	17870	17896	18348	17747	21298	18006	14904	16630	16045	20918	18097	20582	17649	19699	30529	22885	24007	28476	35924	20408	19781	15957	14782	9829	12798	12643	7736	8347	8408	15579	15786	23431	10436	6363	7218	6772	7095	6581	5111	14332	14740	14117	23122	19288	16875	17158	15977	14199	14675	17445	15159	13115	13805	14838	17151	16754	18714	15398	13449	14737	14949	16134	14738	15449	14386	14268	14506	23258	17696	21044	16665	21482	16297	16659	16479	19526	15318	13503	16384	15031	13978	14005	13865	13818	13961	13774	15462	14082	13889	14769	16610	15922	16367	18657	17587	16887	20083	19171	24525	23159	18146	20759	23533	18093	21403	27812	22257	33574	72453	61050	33555	24652	21879	30010	67708	63707	43794	38810	35732	29939	20811	42180	40561	35888	47096	53867	46666	56068	48921	52530	47232	43391	58133	45194	64273	45444	43335	56362	54200	50701	35275	53879	49579	47897	37391	29236	34377	15298	39942	44065	33441	26384	25242	25358	25354	22180	27361	18228	29888	25879	32949	24318	23531	32689	35102	39706	12738	7413	4967	3519	5434	3862	18659	14774	27183	17562	9753	3787	19542	22896	10718	5401	16954	10055	1937	3503	3511	10619	27010	32827	31252	32909	22981	13610	32125	14638	11553	22325	10443	10355	28148	17465	10173	6976	11876	15329	32925	31157	31511	26944	18053	13250	12001	12381	14535	10990	12172	12036	19583	32881	28130	19094	43536	34637	34511	34085	39083	34229	30402	34346	18972	26260	27398	15854	18911	13865	18953	46437	54675	25088	26557	21285	32151	31878	26330	16526	17124	32182	34723	23002	27739	38464	30439	35991	21758	24017	23116	34034	32241	30031	33855	17745	25065	28764	19005	35407	31722	26740	19364	34937	22820	21244	19856	11753	7308	12503	12382	12282	11090	9486	23307	14036	15673	6977	15098	13666	11245	12896	12659	15834	20558	15511	11730	18506	14965	14286	19340	16100	10870	18336	13442	17829	17841	13703	14649	14746	19912	27520	29991	23991	25823	27191	38796	18572	34745	27978	20535	12228	19665	7995	22264	28587	37783	28086	24960	24505	36927	26784	28363	28640	42390	31593	27961	10757	27969	31723	31875	26826	18815	30379	31957	19512	18417	26314	30979	29330	22555	13022	28782	31323	17029	19797	19097	17285	32571	21040	25465	15913	14086	12012	29588	24945	18174	11167	13459	30394	18949	21307	27580	23927	23786	12002	17845	31330	23782	20596	34268	12438	22031	17758	24726	28855	22090	25113	18313	18436	16539	29077	24619	21421	25041	29212	10321	3437	8209	4136	2236	3868	9081	38521	40029	30125	39873	26991	31891	41993	37722	36486	33498	29923	46734	30644	35553	35048	26948	36248	10246	38983	32135	41804	43102	54151	47545	52119	58636	61834	64574	60474	64806	67389	53985	68905	65046	64669	57864	57081	54785	41204	46495	39139	67698	48973	65237	64277	65031	48699	80042	56198	69584	73517	56189	68684	56487	57998	66562	54087	65020	61219	63151	60136	65167	62526	58297	62841	54144	66599	49729	58538	51506	57308	54487	47922	49590	66125	61606	70890	75760	21285	59340	46323	34405	37957	29268	24804	19762	20617	56760	45833	21239	13859	7412	22546	27639	18834	16462	17496	20244	32244	26170	23763
13760	12305	12987	15327	14855	14236	12686	15546	14620	13871	13416	12750	12289	12173	11693	10667	9246	9826	10201	11537	11840	11479	9799	10965	9869	12671	9427	13664	10952	10983	10825	12994	12460	13810	13611	11458	9177	11031	9894	11318	11332	11061	13935	18011	13227	13031	12150	9835	9242	9130	10081	9835	9589	8489	8261	7064	8610	8969	8311	8772	8314	8230	9141	9779	9842	11834	12199	9094	8328	8492	8384	9664	10303	11539	10139	13223	14601	15435	15334	14861	13759	15386	14173	14575	15893	16180	13842	13751	13033	15009	13267	12284	12658	13647	13360	14539	14883	15756	16062	16669	16882	17444	17933	17014	17954	17484	19286	20292	18729	15719	15650	16614	13858	12583	13082	15276	14646	14270	15200	15099	14677	15267	14652	15822	16158	11810	12409	13116	14466	15354	15575	12636	10654	10414	9394	8900	7930	8186	10228	11524	10931	11316	10346	11170	9833	10604	9968	9712	9873	11204	10528	9501	9624	9198	9428	8667	9891	9297	9415	10271	10053	10120	10743	10511	8985	9780	12649	14219	13095	11224	11495	11640	12741	13123	15103	14623	13884	13722	13965	12746	12816	7432	9886	12610	12802	13389	11248	10442	9701	9717	11024	10932	11831	12720	12791	12136	11417	12077	12775	12778	13941	14181	13248	14124	16093	11609	11078	11368	11006	10920	11180	10041	9417	11314	11241	11310	11318	11540	12230	12627	10070	9729	9754	9210	9495	10165	10623	10369	10155	9778	9672	10419	8936	9235	10580	10184	8943	9056	9532	8597	8211	8669	7731	7857	7957	7592	7966	8959	8492	9044	8970	6990	7092	7997	8032	7647	8882	12232	10506	8282	10829	8880	7820	7619	8236	8051	8931	8630	7473	7914	8286	7781	7515	8787	9132	9075	9006	9478	9501	10485	10153	9899	8998	7105	8240	9500	9736	10308	11042	13813	11671	10951	9867	10751	12405	14248	14623	14727	14005	12601	10508	11496	9805	7977	7918	8430	9284	9597	8404	9384	12846	10988	7394	6891	12247	13510	11992	9926	10467	9784	11321	14298	13253	14438	13168	13404	11196	10166	9789	8120	7774	8792	8358	7016	7258	7092	6854	6699	6465	7295	6688	8075	7207	7875	8175	7691	7511	7495	7217	6874	6072	7338	6989	5902	6374	5496	6626	13733	6781	6399	6138	5857	6397	6050	8513	8745	7316	7279	7429	8868	8870	10133	9518	9034	8549	7970	8169	10186	10156	9622	8057	9840	11184	10874	9579	9383	11444	12266	11097	11214	11223	11712	11701	12587	12993	12693	12533	15004	16709	14085	10863	11228	13353	13114	9351	8468	9273	10745	8459	8740	8191	10405	8500	8303	9353	11135	10288	9227	7446	8417	8218	8460	8536	8337	7921	8166	7594	7614	7720	8351	6677	5913	7330	5863	6673	6875	6700	6824	7603	6570	6744	6069	6414	6626	5786	5987	6199	5865	5822	6491	6327	6939	9126	9318	8855	8784	9817	9683	10930	9270	8159	8390	9103	10279	9993	10804	10171	9899	8921	8144	8329	8077	7780	9895	9655	8897	8399	7030	8362	8344	7093	7987	7323	8054	9011	6772	5261	5836	5841	5517	5486	6176	5289	5384	5957	6198	5191	5372	5505	6041	7907	6444	7534	7162	7384	6178	7344	6772	7010	6419	6217	5450	5383	5652	5291	4789	4741	4585	4948	5165	5947	4709	4401	4681	4807	5287	4977	5016	4820	4609	5306	5324	5830	5027	4558	5233	4549	5086	4747	4581	5882	5381	5639	6010	4969	4465	4941	4392	4287	4958	4940	4878	4645	4238	4980	5878	7466	7344	8564	7705	7516	6893	4822	5338	5819	5878	5565	5765	4977	4962	4635	4726	4929	4422	5292	5551	6214	5510	5131	5019	6563	5968	6411	6066	4991	5043	6671	6876	7069	6757	7111	6868	5587	5980	6297	6750	6747	5420	5633	5249	5069	5600	5876	5810	5038	5825	5992	6420	5618	5648	5510	6622	6437	7572	9718	7420	7510	9198	9359	9619	8003	9016	8202	6717	7440	6613	8313	8162	7499	7916	7085	6848	7700	6796	6610	6971	6237	5822	7802	6578	7163	8449	7393	6942	6241	7934	8067	7697	7658	8259	6460	8019	10453	11462	9985	9960	12194	15039	15044	15503	15341	12105	12652	12247	9386	9418	10567	10008	11681	12069	12871	12468
683	524	1889	1368	325	773	437	407	519	453	1167	364	594	276	421	311	438	403	764	609	1004	975	1281	504	734	865	1169	1007	1583	1147	938	988	1564	1291	1322	1570	1802	1865	1899	2978	1947	2397	2440	2720	3147	3317	2679	2842	3161	2862	2633	2688	3278	2907	3445	3847	3920	4432	4314	3755	3863	3351	2459	2774	4318	2853	924	1711	5352	1537	585	699	793	415	388	917	507	925	589	789	783	819	1318	840	563	533	675	2507	1841	1062	735	396	740	860	1760	1347	1258	1594	1583	2142	2418	3156	6102	2595	2182	1839	1739	1623	1431	1264	959	967	1193	1153	1073	993	1057	1058	911	637	362	100	390	70	492	410	188	108	148	225	37	295	1128	78	147	2288	157	1020	794	558	370	309	218	325	237	524	13726	22352	291	238	125	130	53	178	110	112	19	52	328	84	315	228	557	378	1795	310	411	343	260	528	14067	11388	5681	5360	5196	4279	3234	4005	563	360	320	1720	1751	4586	4907	3439	3463	3148	4663	2014	1239	4745	3061	792	1886	1196	1199	929	1056	688	749	466	413	543	21766	27867	26247	26956	15378	331	123	517	1165	333	598	258	184	297	286	554	243	178	152	195	105	119	113	155	19721	24186	23969	16881	1397	2475	1258	1208	1519	1192	1338	1483	1492	553	57	39	94	37	347	314	294	1442	30	360	170	110	73	154	2082	341	1537	263	441	348	222	295	361	666	865	992	1010	1036	775	1154	916	1021	1154	1079	685	1038	656	927	1698	4843	986	687	918	1158	603	746	966	1189	1197	1197	998	1279	811	5536	979	1169	1344	1181	22123	8045	875	496	397	696	467	211	65	131	264	144	154	190	196	1254	944	167	34	162	66	269	227	121	19358	23442	2154	1095	42	677	54	102	88	56	30	57	104	136	53	106	115	80	83	49	87	27	27	16	31	79	187	206	202	159	950	268	557	495	676	766	630	922	1449	1260	546	772	931	695	824	1749	3717	4343	2855	3591	3047	637	1002	768	613	409	660	610	600	910	1522	1170	875	1041	532	751	757	684	409	670	374	575	21064	17834	382	479	412	337	569	269	382	385	356	727	757	675	531	428	518	393	479	425	342	349	534	390	23682	26222	4142	4051	394	1490	1497	1485	1184	556	527	302	578	390	294	330	414	513	421	342	421	576	582	411	541	460	409	407	553	512	505	713	903	486	1031	595	694	839	777	619	630	762	644	664	1129	623	440	273	522	451	588	272	382	416	250	314	414	502	356	416	628	10287	30280	629	722	725	656	429	928	532	900	529	22527	28741	21453	517	486	496	563	288	452	453	464	448	517	573	570	328	567	496	623	609	545	1082	475	634	20360	4488	1985	2040	1906	2144	1719	1629	2087	1558	653	461	799	645	638	517	520	487	603	411	706	374	833	437	486	552	546	610	599	507	566	506	1308	661	628	432	583	655	935	409	1876	1897	555	553	851	702	477	616	680	968	840	1253	954	701	811	653	717	603	802	547	615	1255	874	874	766	983	2059	571	708	612	636	603	9722	654	629	508	572	739	601	321	791	509	714	576	511	607	888	999	541	597	744	6672	19448	13819	1016	1411	10179	1485	557	1913	489	1594	535	436	927	657	454	321	611	609	657	518	698	519	581	582	614	738	448	351	360	576	481	653	733	624	588	500	511	1123	611	330	335	319	508	359	543	799	712	668	626	484	454	659	426	879	637	934	652	945	1424	917	919	937	764	749
552	1788	219	422	447	1114	938	1062	1220	989	1038	701	470	482	362	771	1028	641	675	1141	2777	2958	488	404	408	703	3453	2722	2908	290	361	743	356	98	572	964	35	308	385	85	108	80	103	24	107	46	51	143	1119	7536	5150	4890	4644	1423	18	15	19	8	36	115	6	37	11	18	237	127	889	3900	888	4056	4212	3755	4704	877	550	898	1603	199	357	638	1380	84	111	102	264	108	123	383	93	227	158	756	440	425	380	442	608	1273	4459	912	388	326	176	596	255	376	265	5225	13216	171	265	1072	1087	423	312	469	425	2789	1169	314	251	207	154	131	317	121	88	42	33	1566	80	104	25	35	108	262	555	235	181	157	303	225	141	111	40	35	122	296	188	62	31	82	238	540	232	61	25	85	34	73	62	79	1759	214	166	142	446	594	418	199	453	1252	1983	1095	1906	1710	2446	1790	2862	2179	620	587	835	918	5483	1723	754	953	2577	1874	983	1169	559	648	491	882	810	742	1318	1106	1107	871	973	2708	1548	1366	1104	1212	1166	1107	1285	1280	907	606	409	514	334	1099	267	231	901	409	528	806	447	558	517	375	398	524	104	341	91	2702	1291	197	44	16	2	417	784	92	33	20	421	245	31	628	8	27	39	2	5	33	122	61	50	37	2327	44	230	693	651	254	650	101	201	919	475	166	324	147	192	189	227	234	383	351	336	75	1893	129	462	143	1888	424	276	1775	2667	3175	816	150	108	1581	840	2366	290	407	1814	2869	697	127	162	295	118	191	215	163	196	124	301	152	168	218	142	242	1790	295	171	157	1167	724	195	138	89	144	159	2680	7946	10033	10670	13924	1888	65	110	125	199	139	137	180	90	145	277	232	183	102	237	240	186	199	248	282	298	85	109	119	116	55	680	374	165	293	617	1313	1080	1164	519	595	14489	9549	2747	6666	6900	6743	7393	2377	840	553	238	2427	1103	717	295	199	179	311	239	187	264	268	4153	5653	178	244	142	123	2385	1291	1666	1610	3337	4449	4269	121	73	176	171	99	157	124	110	209	19	8	30	18	33	137	656	508	122	374	14	188	11	1523	18	27	25	19	10	15	67	12	6	19	16	1204	30	11	5	3	103	2019	248	22	55	52	144	319	34	24	32	22	15	64	375	497	901	1299	1243	603	1117	1014	1062	1099	1208	898	551	595	542	417	578	808	256	116	160	184	168	182	227	240	432	1074	1518	540	269	293	521	900	971	652	200	350	426	435	443	2144	1815	1089	84	243	186	78	6	5	19	78	325	234	343	367	1350	1488	250	368	278	2675	1178	634	35	15	25	42	23	115	69	6000	7419	6798	7292	7466	7148	7228	4706	52	42	21	14	13	4	10	32	2	271	43	33	36	12	27	16	66	28	67	13	326	36	54	35	19	68	24	40	43	65	31	31	33	115	18	53	244	753	771	715	337	304	36	1890	1266	37	66	6	103	39	35	256	56	99	4	326	593	526	523	271	134	171	470	85	46	3168	497	188	196	228	431	559	415	362	354	280	453	358	431	422	659	1159	2328	2299	1663	2113	404	470	552	580	370	456	396	164	5	12	18	27	26	27	173	198	191	32	15	13	52	16	9	35	22	18	1338	63	70	199	446	141	93	239	147	516	1231	2322	400	1693	2801	1827	3195	452	484	334	404	229	307	303	635
17030	22294	17488	14931	14316	7146	7023	7198	8028	6760	18673	50668	18348	7672	6351	4990	6432	6211	6247	5675	4310	4878	5977	5286	6732	5695	6235	8199	5572	5629	6074	8462	5785	6784	7810	6719	5934	7399	6328	7596	6943	6968	6219	9018	7056	8001	6174	6463	6867	7436	7775	5820	7007	6935	7085	7049	5803	7030	6845	8013	7136	6724	6003	6458	7497	5521	6220	6342	13028	17418	4908	5351	5248	12285	11757	8213	6848	5851	19466	8719	9750	10310	11180	5968	4870	5953	6183	6263	5657	5457	4442	5611	5725	27438	22909	55678	6551	6378	6885	7490	5926	5854	39852	63115	6124	6285	5671	5575	4981	4716	5051	4278	6561	5816	6014	6582	5428	4902	5183	3802	4881	4168	4124	4836	4168	4235	3223	4385	3272	3318	15073	3558	3551	3063	3201	4803	4442	3618	3617	4565	5095	4242	5965	6797	4167	6624	7029	7439	6302	4042	2838	2752	2344	2300	2408	3589	2464	2431	3242	3136	2954	3037	3015	12741	51867	3315	6680	12735	13985	24785	12626	7728	6477	5503	8189	25075	14180	17676	13085	8982	11068	4894	7552	6427	5293	6783	6355	7844	6284	7370	6469	10247	8146	22076	11606	14369	6818	6880	5425	21424	31889	31101	16474	21412	12385	6638	6416	6807	7540	3424	4858	8147	3383	2946	2956	3719	3259	3259	3647	3848	3801	2952	4626	4051	6289	5124	5585	6596	6919	7974	9915	5170	4492	10058	6217	5843	7087	9855	4698	3236	2492	2988	2729	2861	2709	2754	3105	6227	3108	2751	2644	4025	2815	2806	2552	2751	2775	4615	14010	3493	14621	14379	18889	19416	5857	4032	5227	7168	6461	4516	5726	5304	7723	10406	7824	9201	10146	7832	25301	29698	9932	49913	8692	6607	5239	6111	6701	4966	5747	5873	7957	8796	7147	8565	13594	17520	46400	26581	4907	9235	5836	4626	4175	3899	3355	4459	4302	4067	3423	3586	3976	4616	4376	3584	3961	63416	54974	51416	10772	3961	9971	6346	6473	5798	5605	5023	4434	4545	7070	4076	8454	5831	6267	4849	4255	3383	2861	2929	2714	2798	2936	2778	3069	3226	2593	2443	2494	3784	1943	2138	2691	3494	4113	3984	5233	4284	4183	4079	4898	5621	5132	7109	9220	12277	8081	7734	8784	8522	7293	29518	93445	108048	104648	20938	33898	21888	12332	5309	9091	11132	11204	11330	17466	6030	8299	62392	92515	83345	30500	31183	31003	32393	28719	25196	32841	10430	11502	15526	12362	16649	9367	28654	38256	44740	39012	26898	43102	39048	60698	51081	6941	3489	31840	26862	57455	32499	30446	39709	36118	31553	84216	14932	9045	32231	26969	21555	71153	34287	52816	40771	38185	82721	29733	28748	9132	65267	24920	102506	45843	59046	48768	41428	52646	4931	2748	2332	3541	3309	4696	3169	3097	3245	6048	3035	1777	2404	8436	3184	2404	3027	3054	3277	2992	3149	3582	2994	3779	3158	3562	4265	100317	79809	100392	90634	71065	20753	20985	12357	12114	6791	3006	6595	4572	4481	4105	4991	5299	5486	5218	4734	7829	10196	10861	4646	2483	2553	2709	2758	4959	3550	3085	2499	3219	3017	2580	4259	4589	4924	4764	3138	4397	3899	4234	3796	4579	5921	5342	5765	6089	5860	4462	4687	5562	5723	5495	6160	5209	5200	5647	5221	5332	5627	5358	5445	5045	5830	4858	6415	8060	7446	6091	5484	5139	4694	4662	4785	4690	5050	2760	2569	2749	3270	2926	2580	2987	2995	2658	2751	1963	3143	3374	2567	2579	2858	2619	2842	2547	2654	2518	2437	2341	2641	2534	2643	2230	2454	2148	3006	2904	3298	4639	2483	3346	3160	3819	3097	5819	8136	2335	3880	3420	3967	4324	4168	3637	4493	3983	3216	2916	3881	2649	3094	4331	4074	3170	3988	3774	3803	4386	47639	51846	3481	2711	3631	3566	5029	3162	3811	4522	3291	2183	2847	3475	3024	2991	2980	3608	5253	4763	4801	2844	4893	2437	3286	4114	5208	3735	4839	7723	7433	7325	8300	7244	7959	4016	4197	4109	4730	4066	4575	3988	3836	4398	6604	7004	6974	6459	8564	6423	6687	5991	4374	4533	6522	4998	4759	6706	5216	7999	5518	7747	10132
2920	3112	3010	1762	3218	2034	3825	4206	4253	5066	5268	8210	7806	2989	2616	1896	3558	1768	4352	1835	1533	1603	2735	2240	2050	3018	3327	2689	2780	880	663	671	600	673	556	661	875	960	1373	1478	1088	1156	1248	1255	1194	1702	830	968	886	833	2178	1636	1246	1255	945	1209	1076	1129	1422	826	1208	955	3377	1690	1514	1724	746	1226	642	616	490	623	623	1403	1982	1209	1165	886	618	853	799	1197	1873	1300	1039	1164	1230	1515	2633	1293	983	838	4409	4077	1339	1275	2090	2916	1331	951	747	1305	1360	904	778	1561	1144	1984	2299	4411	4753	3029	1666	1981	753	4252	7940	3631	901	2231	2636	1694	2129	1598	1290	766	2559	1179	1479	976	1019	1034	1055	975	864	1484	1213	1047	1339	1272	1218	1400	1022	1169	1082	1078	1625	960	994	760	705	413	344	258	401	428	482	629	766	616	732	515	1218	1144	1222	2036	1784	1433	4104	1949	2443	1107	892	805	423	612	996	1212	533	853	489	714	829	836	921	1287	2901	1170	1187	1714	1416	1230	1202	1587	1454	2424	3853	4089	2860	2320	2818	6585	7578	3651	4023	3168	3354	3674	3987	3813	3532	3695	4034	5058	4868	4609	4706	4193	3556	3105	1128	1491	1399	1409	1439	957	548	538	448	560	639	1355	791	809	903	706	966	861	1476	1869	3403	1486	891	1135	1130	1181	721	699	776	1649	957	918	702	1066	1281	1019	1053	1210	944	921	899	871	978	777	1714	1842	1691	2136	2258	2085	4158	1952	2348	3538	2344	1489	1836	2316	2090	2798	2267	3245	2327	2911	2788	3050	6368	5845	3302	3151	1279	1470	1163	1973	3705	976	1463	1361	2456	4659	5298	5963	5181	5086	5977	9941	8859	8380	9506	10501	8187	6281	5614	5367	6268	6418	5758	6042	1429	826	887	5951	7911	789	395	479	534	6359	6703	408	464	369	543	670	544	678	561	543	525	535	453	352	402	267	314	303	317	656	418	367	406	975	827	684	654	627	771	1000	1693	1107	813	885	976	1237	1381	1592	1169	794	1009	1497	1115	1104	1297	1087	2463	4301	1546	1024	3357	989	948	768	963	1914	1543	1419	859	12432	16189	5037	3242	4108	3925	3610	1563	1028	1237	3944	4314	3550	4157	4123	3348	2178	4226	4338	2908	811	1400	1257	762	1405	1007	817	492	319	596	522	502	370	548	306	496	269	828	224	392	775	825	499	331	195	183	113	142	237	879	501	5706	746	121	125	110	257	181	132	260	99	272	413	227	111	83	560	435	333	779	353	1722	1488	373	341	394	1549	6096	4483	5715	6090	5256	4679	5388	3529	5658	4669	4136	4915	4762	4688	6443	3463	144	1263	4373	275	318	147	419	664	1571	393	421	263	270	285	1654	3696	188	317	82	199	213	102	3885	2516	142	229	259	254	293	389	568	323	248	441	142	212	132	265	283	547	563	380	330	954	257	325	349	350	400	295	329	436	299	397	260	241	196	170	232	132	247	221	3922	5408	5626	5284	4908	248	202	321	238	221	233	245	226	337	144	315	394	382	413	342	408	378	738	167	273	305	350	380	583	920	1347	933	751	350	299	382	416	355	1421	3394	3415	1615	963	503	1808	6832	12439	2421	243	603	7549	1529	1124	881	277	382	398	375	1443	219	269	211	1020	757	3456	4171	3828	3467	6465	6126	1280	798	366	6277	675	1129	2171	388	360	373	257	214	147	260	388	379	266	214	305	325	221	221	152	240	263	177	341	481	698	556	666	675	6342	1548	1111	1930	7549	2127	975	787	915	562	721	1627	2514	1252	16141	10841	2711	8148	2952	3743	2541	4163	4877	4027	4065	3074	3043	3362
1166	76	426	91	197	242	1232	78	78	136	78	119	122	303	376	555	354	302	746	868	949	133	146	144	104	97	86	137	133	98	135	252	193	251	350	161	120	193	314	182	85	158	205	157	74	146	170	96	134	157	180	194	204	181	132	194	266	290	206	276	206	230	303	205	336	158	260	387	110	194	111	75	100	146	88	169	159	199	99	97	241	212	111	290	1340	1286	513	147	73	219	221	122	125	208	271	198	369	458	1304	1119	850	465	22	6	114	36	14	201	288	403	820	389	14	41	9	37	422	298	242	296	156	172	132	352	254	530	85	160	37	49	13	21	15	2	36	50	38	84	50	24	62	24	37	61	110	25	26	26	87	351	250	73	39	49	49	126	24	86	99	230	108	72	171	167	205	216	136	150	244	103	148	109	98	251	162	134	181	242	593	845	661	458	399	340	317	134	108	622	953	676	1094	913	577	608	723	657	1050	713	1010	775	865	953	950	951	657	1093	639	1061	878	1074	1176	1118	991	1511	1147	1431	470	73	195	231	1299	381	74	231	122	122	38	74	20	37	38	96	73	104	76	67	151	145	362	192	277	232	362	285	261	1996	98	144	216	216	313	182	171	183	19	26	11	2	17	53	110	38	27	39	51	44	599	179	134	63	86	74	53	177	245	242	195	207	338	245	375	256	411	536	329	174	189	241	770	553	231	255	339	278	196	204	428	409	224	308	339	300	795	1278	266	182	744	302	385	277	399	459	422	410	512	481	422	265	302	540	241	185	192	254	192	242	242	276	112	337	96	26	89	1	0	3	37	1	1	1	1	2	1	3	19	5	43	64	147	134	2	11	3	21	255	349	301	2015	253	185	211	150	209	152	152	83	143	392	40	88	64	155	57	137	88	166	111	88	335	367	153	350	403	249	368	414	233	235	287	245	329	247	243	253	377	280	110	5	39	2	32	15	91	16	1177	135	347	578	362	253	289	433	559	497	385	482	421	471	354	460	842	961	817	745	324	98	193	122	177	183	2	25	427	374	157	241	1	75	2	2	1	50	29	17	12	7	14	30	2	1	25	51	27	4	13	26	13	232	12	54	0	42	264	206	5	182	302	327	37	22	2	6	13	15	11	18	0	74	29	67	14	56	4	27	99	111	88	86	12	146	12	0	39	16	2	1	18	13	85	32	27	37	60	14	45	61	109	97	279	110	85	136	37	13	12	37	14	0	15	1	24	27	25	1	3	0	1	2	37	28	3	3	1	1	2	1	1	1	3	2	14	2	62	205	216	241	255	25	25	3	37	0	1	1	25	36	1	517	24	2	0	1	1	3	6	14	13	3	16	2	29	1	3	139	212	36	3	1	13	4	2	15	4	3	8	10	2	1	14	373	2	14	39	2	36	2	1	145	1	2	14	3	3	1	1	20	1	1	2	2	24	0	25	1	2	85	0	24	25	1	0	1	37	2	26	0	2	13	13	38	13	2	13	2	313	1	2	27	37	2	13	43	50	61	50	14	3	110	49	39	2	25	12	151	26	2	13	37	100	15	13	13	32	347	16	8	98	120	440	254	185	528
460	373	336	1570	208	1946	6888	8519	10698	13470	20931	23511	25976	25226	29770	30587	16742	964	215	95	146	7	227	83	68	44	840	359	49	63	103	28	88	50	169	46	34	19	220	23	49	71	273	4845	43	34	122	8532	6217	9	135	44	21	19	137	57	37	7	108	50	68	21	117	23	5	38	382	1045	4860	434	3423	305	543	692	1959	2136	729	2059	2142	1026	432	439	362	648	565	1269	595	226	3699	1183	1093	1156	241	2393	5640	1437	591	1258	1137	264	747	630	688	503	2115	161	754	187	195	192	145	269	29	186	117	192	40	146	163	6	69	14	145	58	25	72	96	37	7	30	120	6	23	53	173	31	19	41	201	35	23	8	113	179	19	32	192	49	36	29	214	14	33	7	200	48	32	46	284	65	203	76	262	21	706	2299	253	113	125	715	2575	12352	7483	662	339	310	359	444	886	276	323	2132	5087	3440	4303	3493	2928	320	1333	544	6734	4707	1820	1237	1058	238	388	177	397	424	235	280	305	140	212	64	250	164	152	32	703	20	80	66	172	47	36	20	139	12	14	21	140	4	15	18	114	8	8	8	166	32	33	39	187	24	30	14	129	550	14	13	133	54	30	8	140	45	6	11	102	18	22	5	227	23	118	70	151	97	658	307	427	530	605	4260	2139	1691	2375	1409	1354	1806	4321	6358	4738	1337	1190	3041	2015	3264	6858	1610	3191	1354	2378	2808	2172	3318	4175	633	3535	4485	942	11781	9298	430	1375	342	234	120	61	48	289	116	134	77	146	44	60	70	166	44	118	148	232	59	40	67	153	104	37	62	149	15	36	27	167	61	50	57	240	272	35	34	69	1142	99	15	159	30	51	35	94	12	20	18	254	36	14	36	137	53	43	118	524	3236	5725	2475	3593	3226	768	119	419	760	551	3142	992	2393	1831	420	571	601	337	178	1398	10380	10949	14086	8224	8306	15367	26673	31270	7793	4009	14448	11412	1048	661	605	442	308	161	160	441	411	1481	112	202	130	78	48	231	178	127	11	262	15	13	16	94	22	40	754	430	1006	75	17	243	5	10	41	282	28	35	28	142	30	13	17	211	400	54	26	200	24	46	10	192	42	27	39	142	7	15	13	180	24	61	72	133	28	85	8	289	39	54	26	172	26	71	88	264	482	684	88	237	58	67	58	264	111	36	55	128	42	35	25	387	18	24	65	231	131	57	50	122	56	38	92	226	51	37	11	291	90	61	21	187	13	12	27	241	22	104	13	201	7	24	62	140	8	9	44	215	18	7	6	154	12	10	23	241	50	11	5	236	150	27	15	166	18	21	20	247	12	9	20	127	4	3	4	130	11	9	15	271	23	10	9	162	32	55	10	131	22	17	33	179	30	43	16	210	7	17	9	262	8	20	11	156	5	22	6	166	19	24	23	159	27	8	22	218	11	22	6	118	19	37	27	190	7	149	24	184	2	19	40	95	29	11	10	155	7	6	33	153	62	12	7	149	21	7	11	189	20	7	15	177	59	10	11	156	131	37	10	131	10	10	10	111	8	24	4	185	8	12	166	140	36	13	62	167	90	125	119	320	522	717	833	1577	5885	3799	3401	3254	8024	5549	2404	403	219	283	252	421	889	1732	2027	2370	566	358	736	1911	5722
195	315	449	616	155	441	673	525	718	145	195	351	88	770	743	345	142	231	184	225	74	146	83	135	137	70	70	33	11	50	50	45	51	77	16	20	58	50	8	59	36	22	4	41	17	14	63	4	18	4	2	11	93	33	7	18	55	15	52	65	34	24	5	63	62	61	27	104	93	188	294	292	859	669	447	741	1031	553	524	931	768	1287	869	409	1329	1970	2072	795	332	768	686	294	327	220	358	195	533	327	497	451	512	906	1535	2109	1178	270	438	205	93	127	107	61	509	14	159	53	63	15	16	505	370	36	51	39	21	3	16	24	92	109	5	24	42	29	25	27	19	6	42	30	32	22	27	14	25	44	82	81	37	49	38	4	1	3	18	64	19	40	18	40	196	72	166	77	230	809	117	329	333	474	486	279	680	497	722	782	314	721	1644	834	840	464	355	363	557	1600	568	1015	323	803	542	858	842	830	659	279	360	423	417	1081	501	141	203	297	136	354	64	279	571	339	13	6	22	48	51	291	28	27	6	27	24	16	38	16	41	11	38	67	52	12	79	58	29	60	37	704	18	41	46	418	288	129	164	206	446	142	1103	534	238	73	28	63	5	32	6	69	75	4251	181	187	553	439	4371	195	209	437	184	152	602	1330	1573	725	814	671	1202	492	291	269	336	237	246	350	378	7596	3465	643	615	957	696	419	331	1053	866	1571	749	139	214	94	107	155	125	70	133	142	111	154	90	72	51	53	68	19	8	30	20	83	31	47	76	39	63	41	12	17	9	2	31	309	216	23	22	6	20	17	31	85	17	25	26	15	22	14	59	2	47	3	27	23	17	43	24	59	149	130	53	126	169	1102	276	3967	1119	306	233	368	525	5096	5372	283	565	201	299	227	346	2319	2448	594	837	937	310	167	287	462	2038	4382	610	521	436	476	369	350	157	85	88	164	854	208	79	82	69	16	51	54	90	78	23	66	3	14	17	34	43	5	29	13	55	8	56	24	28	23	73	62	40	42	53	16	46	65	61	40	81	197	102	54	101	138	159	140	36	45	102	50	28	16	30	3	6	90	160	145	287	1256	267	131	173	212	344	299	134	269	403	440	224	1246	1302	255	365	278	320	111	68	57	13	11	87	66	71	68	86	79	73	74	100	170	49	110	38	87	26	16	37	138	81	27	20	38	43	19	33	18	10	29	16	17	53	71	7	14	13	23	39	29	37	22	23	38	16	54	33	27	27	21	17	31	36	38	22	16	20	40	14	28	16	27	38	17	19	26	39	30	11	37	39	71	33	18	32	32	39	43	17	21	35	42	19	64	65	46	63	28	71	47	75	64	20	50	58	57	17	73	61	27	18	35	26	19	51	46	54	72	34	27	57	66	159	56	68	66	138	35	29	25	15	39	46	53	54	48	16	13	11	24	22	12	39	14	19	77	40	13	7	25	48	24	44	11	10	30	21	18	11	17	12	33	23	15	12	13	14	20	43	31	12	16	11	26	14	53	61	71	116	71	73	473	164	214	717	132	212	193	410	600	447	251	435	339	239	512	326	212	174	85	164	210	316	238	837	2963	3594	4436	3396	914
438	370	347	235	341	432	567	639	579	593	634	515	518	371	218	365	153	182	144	236	111	190	149	159	103	119	94	123	277	177	266	197	147	228	254	184	101	150	207	261	181	204	236	222	157	226	196	139	163	206	190	190	137	74	110	152	219	246	415	334	137	220	159	247	385	324	354	284	416	378	377	466	304	361	477	1243	379	372	378	577	554	232	613	359	328	326	199	299	324	337	363	396	502	332	309	345	343	216	148	300	175	178	200	222	265	319	190	279	320	294	231	223	220	148	280	199	167	111	143	205	138	231	387	256	248	141	84	113	82	74	167	127	165	87	173	182	155	75	91	37	188	265	209	215	172	166	49	49	46	132	194	352	70	185	142	153	387	525	325	325	220	300	351	224	137	120	167	168	244	192	284	358	223	286	223	377	405	342	451	179	238	208	204	179	105	189	113	275	243	274	265	191	193	286	209	518	323	460	303	119	139	284	138	229	233	299	159	200	191	310	293	236	227	88	95	151	127	146	24	70	146	127	152	290	238	215	108	55	135	59	115	58	66	122	154	402	793	882	1245	1003	1041	1206	713	216	80	90	153	145	59	21	92	91	126	67	260	289	202	244	328	402	376	512	338	391	441	499	694	670	677	920	798	493	644	397	546	490	296	291	315	309	240	158	240	133	363	312	629	448	348	352	86	216	507	203	225	263	440	652	272	211	231	250	187	151	285	167	240	216	185	184	116	345	147	101	175	89	168	80	48	195	356	281	230	354	355	419	466	185	401	300	387	109	132	94	138	282	49	117	200	148	96	200	35	69	40	57	117	62	115	85	108	326	194	132	212	173	148	327	356	255	337	241	220	332	201	439	231	211	239	149	185	134	184	208	290	129	163	140	235	138	246	278	127	236	304	177	65	98	185	185	226	337	235	218	131	261	241	273	177	228	323	161	187	109	82	258	274	116	145	59	64	51	153	202	58	51	209	179	99	85	51	60	143	117	88	170	53	38	48	71	47	94	37	85	211	176	141	100	214	112	73	281	309	264	82	96	123	303	530	223	365	347	332	231	290	330	501	286	248	496	210	93	273	204	90	96	284	446	174	200	238	221	273	267	222	167	202	142	178	281	159	193	228	211	150	237	268	74	132	247	273	210	143	90	130	73	137	131	168	186	210	254	230	125	145	221	182	100	185	165	109	192	143	157	163	178	110	203	181	129	100	32	98	117	90	138	158	143	125	117	76	87	184	273	273	219	210	195	177	250	359	219	340	215	298	287	409	236	201	289	246	336	367	392	404	380	254	369	317	378	363	417	348	529	423	213	177	310	161	243	239	483	411	425	314	237	152	144	216	329	237	257	246	379	372	115	270	438	389	329	172	118	122	89	117	104	201	102	154	165	95	81	60	121	83	129	420	235	326	232	217	180	144	146	123	217	199	223	146	245	88	191	139	102	126	148	192	158	107	125	175	193	113	225	234	202	286	353	389	344	1038	1839	888	382	422	354	390	224	329	372	386	450	281	271	386	588	380	426	353	521	950	705	376	455	479	380	329	338	449	810	974	997
150	166	383	191	166	86	90	316	353	191	106	97	24	149	195	127	182	64	78	55	132	141	131	32	9	47	13	31	9	30	6	52	203	16	16	24	7	6	1	3	7	5	9	3	3	1	4	3	1	4	5	4	3	2	5	3	4	6	4	9	70	3	11	6	4	4	65	120	238	354	520	133	87	67	213	115	171	97	83	252	142	378	131	370	330	549	270	196	117	114	405	199	110	81	201	195	85	177	305	605	661	221	216	98	123	41	86	72	22	98	59	34	40	2	14	54	19	27	29	72	15	4	7	48	6	5	5	3	19	44	85	158	39	48	86	98	127	75	120	41	109	115	204	72	73	51	1	3	74	68	36	44	44	12	16	42	22	30	52	5	3	5	4	42	72	121	43	172	74	40	160	307	289	123	142	73	221	210	201	157	114	58	104	292	374	253	236	248	472	240	207	254	239	39	194	321	117	84	151	118	211	610	256	180	145	39	94	97	92	51	91	174	147	267	23	7	49	60	23	2	7	4	5	6	37	23	11	79	4	34	59	4	6	37	0	3	142	46	47	61	126	88	69	37	16	38	4	10	0	1	29	51	3	13	56	76	25	18	71	96	46	101	83	65	244	311	204	427	157	248	115	356	838	457	387	393	631	392	364	602	663	500	367	206	206	192	288	285	352	1287	1309	310	389	182	456	476	371	347	270	329	256	57	206	521	102	32	135	72	8	93	35	3	61	37	45	124	97	95	112	114	145	90	107	117	55	96	86	155	103	35	71	133	228	242	257	190	220	247	146	161	198	108	79	33	53	79	107	124	15	68	91	67	42	226	90	69	6	147	56	113	214	109	200	267	236	470	242	427	645	654	300	460	216	260	285	137	237	304	167	185	365	242	242	81	200	42	105	119	95	100	194	148	215	84	196	118	210	218	79	87	54	143	1046	829	336	184	86	25	48	93	37	42	15	1	6	37	90	35	1	4	7	40	30	4	1	13	3	60	16	77	14	18	14	16	233	553	507	290	16	2	2	2	3	1	1	17	4	14	16	14	29	63	31	16	5	149	73	61	255	96	13	73	385	231	311	288	328	119	54	96	292	118	92	90	75	80	109	103	476	195	424	506	214	197	96	98	112	36	80	131	131	109	89	140	172	87	143	161	150	123	164	194	240	188	185	214	161	275	176	157	126	225	207	433	249	211	132	87	253	349	465	211	94	117	33	41	12	28	25	44	38	71	104	120	78	1	1	2	2	8	3	7	4	1	4	3	9	24	4	39	16	37	15	29	17	37	136	152	339	32	1633	1983	1573	1508	1817	1799	3602	6607	7125	3755	3430	3229	725	249	11	7	63	28	4	5	27	37	49	47	41	54	48	37	20	117	125	42	143	268	7	8	79	28	9	1	25	3	53	37	19	16	1	2	1	6	10	5	4	3	4	1	2	3	26	72	38	46	53	36	27	2	1	3	1	3	14	17	5	1	26	14	1	14	3	48	6	94	55	7	24	61	25	64	98	86	211	126	245	81	254	172	196	306	155	265	123	123	476	299	180	164	184	159	85	204	142	190
0	0	0	0	11	0	0	0	0	0	0	0	0	0	0	0	0	42	24	21	40	34	23	51	0	0	0	0	0	0	0	0	0	0	0	1	0	0	0	0	0	0	0	0	0	0	0	0	0	0	0	0	0	0	0	0	0	0	0	0	0	0	0	0	0	0	0	0	0	1	0	0	0	0	0	0	0	0	0	0	0	0	0	0	0	90	2	0	0	0	0	0	0	0	0	1	0	0	1	0	0	1	1	0	0	0	0	0	0	0	0	0	0	0	0	0	8	14	1	0	0	2	0	14	0	0	0	0	1	0	0	0	0	0	0	0	1	0	0	0	0	0	0	0	0	0	0	0	0	0	0	0	0	0	0	0	0	0	0	0	0	0	6	0	0	0	0	0	0	0	0	0	0	0	0	0	0	0	10	0	0	0	0	0	0	0	0	0	1	0	0	0	0	0	0	0	0	0	0	1	0	0	3	0	1	0	0	0	0	0	0	0	0	1	0	0	2	0	0	0	0	0	0	0	1	0	0	0	0	0	0	0	0	0	0	0	0	0	0	1	0	0	0	0	0	0	0	0	0	0	0	0	0	0	0	0	0	0	0	0	0	0	0	37	0	0	0	0	0	0	0	0	0	4	0	0	0	0	0	1	0	0	0	0	0	0	0	0	5	0	0	0	0	0	0	1	12	12	0	0	0	0	0	0	0	1	2	0	0	0	1	0	12	0	12	0	1	0	1	0	0	0	0	1	0	0	0	0	0	0	0	1	0	0	0	0	0	0	0	0	5	0	19	78	0	0	0	0	1	0	0	0	0	0	0	0	0	0	0	1	0	1	0	0	0	0	0	0	0	0	0	0	0	0	0	0	0	0	0	0	0	0	0	0	0	0	0	0	0	0	0	0	0	0	0	0	9	20	19	2	0	0	0	0	0	0	1	1	0	0	0	0	0	0	0	11	24	59	12	0	0	0	0	0	0	0	0	0	0	0	0	0	0	0	0	0	0	0	0	0	0	0	0	0	0	0	0	0	1	0	0	0	0	0	0	0	0	0	0	0	0	0	0	0	0	0	0	0	0	0	1	0	0	0	0	0	0	0	0	0	0	0	0	0	0	0	0	0	0	0	0	0	0	0	0	0	1	0	0	1	0	0	0	2	0	0	0	0	0	0	0	0	0	0	0	0	0	0	0	0	0	0	0	0	0	0	0	10	0	1	0	0	0	0	0	0	0	1	0	0	0	0	0	0	0	0	0	0	0	0	0	0	0	0	0	0	0	0	0	0	0	0	0	1	0	0	0	0	0	0	0	0	0	0	0	1	0	0	0	0	0	0	0	0	0	0	0	0	0	0	0	0	0	0	0	0	0	0	0	0	0	4	0	0	0	0	0	0	0	0	0	0	0	0	0	0	0	0	0	0	1	0	0	0	0	0	0	0	0	0	0	0	0	0	0	0	0	0	0	0	1	0	0	0	0	0	0	0	0	0	0	2	0	0	0	0	0	34	0	12	0	0	0	0	0	0	0	0	0	14	31	0
53	7	6	23	47	46	13	43	1	33	93	32	31	24	56	19	12	1	2	4	2	3	1	12	12	0	23	3	1	2	1	0	29	1	27	1	15	13	1	0	0	2	1	1	0	0	0	0	1	0	0	0	12	0	2	0	0	0	12	13	0	2	2	1	0	2	0	0	21	0	70	66	21	78	44	13	59	27	23	29	22	11	6	44	62	112	47	36	17	1	24	84	49	101	23	38	32	36	83	32	48	22	41	48	67	13	173	63	93	1	47	14	13	1	1	14	5	0	0	1	2	11	13	2	2	4	3	14	34	24	69	54	12	1	13	11	47	16	36	39	1	43	35	14	13	25	13	1	13	2	15	25	88	30	12	30	24	24	54	22	45	87	36	63	9	65	97	107	86	58	34	23	24	16	55	78	57	12	36	22	36	38	28	109	18	0	24	20	39	60	25	60	63	99	106	34	110	48	66	25	70	25	53	13	25	7	1	14	9	3	13	13	0	86	34	26	0	12	0	0	11	12	0	2	0	13	13	12	2	23	33	59	33	1	12	35	12	25	23	24	24	21	23	16	45	4	3	1	1	12	46	23	6	0	1	33	1	67	1	77	36	2	27	13	71	43	33	39	70	10	12	36	41	75	102	95	41	149	106	58	34	24	102	135	114	11	4	35	50	72	25	1	11	13	1	23	24	1	20	24	22	1	2	0	0	2	25	1	0	1	0	13	0	1	13	3	4	0	2	14	1	0	0	0	2	0	13	1	88	33	12	0	0	0	0	1	0	13	1	2	12	0	2	0	1	0	1	3	1	33	20	3	64	5	0	46	1	0	24	36	14	86	71	12	14	52	68	51	4	22	51	0	0	34	0	12	35	13	1	1	28	2	23	24	14	1	4	92	47	12	22	13	1	5	2	0	4	4	2	0	0	1	0	2	13	2	3	0	0	2	0	0	1	11	43	24	26	2	2	0	12	111	37	2	0	0	0	1	5	11	0	2	11	2	24	1	13	39	0	1	1	34	3	1	0	1	0	0	14	7	0	2	3	55	46	22	6	50	11	1	0	1	0	2	21	2	2	17	56	51	138	18	9	2	2	20	87	24	2	2	38	47	5	3	1	1	11	2	2	24	3	0	3	2	5	2	3	3	37	17	29	2	10	1	0	1	1	21	0	6	3	1	11	3	0	1	14	25	14	12	73	2	22	3	2	0	1	1	1	12	73	2	1	1	13	1	0	1	1	0	11	0	1	0	12	27	22	3	1	0	33	30	6	8	2	8	3	0	1	1	42	2	1	1	0	13	22	22	1	1	1	2	3	2	19	24	2	4	28	62	45	11	35	2	5	2	2	1	32	22	12	9	1	23	2	19	12	20	0	2	2	7	25	42	39	16	9	1	13	1	1	0	0	0	1	17	28	2	1	23	10	35	34	1	0	1	1	3	54	40	5	1	0	14	1	0	13	13	46	33	15	53	13	0	18	4	16	11	15	58	31	37	74	25	30	50	15	31	42	21	54	36	7	20	22	7	11	11	6	73	2	13
1492	3107	3723	4906	2718	2860	2511	1458	1186	1042	1006	1051	1238	893	1060	1228	1264	1159	1057	1141	1002	1017	1108	1107	1088	969	1041	1093	946	990	979	1053	1400	1399	867	836	750	1101	1342	1083	810	990	735	805	768	916	297	87	242	172	105	126	111	79	243	101	207	137	76	15	134	121	154	326	56	80	188	174	334	492	269	596	499	1710	1683	1543	1210	1889	1391	2137	1286	1681	2184	1816	2184	2213	2517	5121	2386	1753	1716	1204	2218	1591	1964	2352	2188	1947	2431	1733	1741	1433	1863	789	1354	809	1385	1097	1891	1123	821	857	984	17	137	55	101	149	35	114	57	89	35	27	37	22	109	50	66	152	75	77	29	275	180	183	129	101	54	54	52	40	57	173	98	76	98	115	61	56	96	54	90	43	66	87	22	29	188	61	588	130	161	322	306	466	494	557	805	648	5236	10214	8184	1231	6726	16853	16990	3157	1405	1283	1505	1820	2558	1471	1201	1723	1494	1181	939	1132	1779	1015	3382	2784	6093	5194	3047	3029	3248	2859	2837	2581	3193	2920	2650	2604	3559	2289	2115	2113	1442	1382	956	1053	1028	2213	858	617	883	1038	437	134	230	546	220	180	175	285	238	218	174	236	186	133	145	165	155	257	62	258	1807	935	284	202	154	171	196	151	195	131	158	89	129	182	171	238	238	192	347	588	243	434	655	1295	4477	5809	4756	6808	6273	4032	628	1016	668	596	625	959	1074	1127	1278	1136	1761	3913	3248	1929	1589	4162	1622	1312	1022	1093	1216	1655	955	1034	1003	1119	1230	953	1820	1634	1351	194	173	117	177	592	419	686	658	677	496	414	782	369	329	487	372	393	300	403	451	305	368	125	29	29	206	202	266	210	54	134	53	65	9	12	5	178	49	44	40	6	6	56	18	51	62	236	26	58	83	59	230	326	272	275	292	234	549	787	736	1081	1383	1651	1539	1349	741	1139	906	812	739	1129	1159	1472	1343	1679	1022	730	1023	1081	401	1929	485	544	372	818	2418	4242	3005	966	823	1014	826	687	437	196	444	436	321	421	170	37	141	189	65	71	47	105	50	45	17	67	58	63	182	461	7	6	37	113	43	9	16	61	136	330	239	126	72	34	60	524	1575	1070	2116	2550	592	7	1240	80	4	17	3	4	17	20	44	70	145	77	19	354	192	170	603	316	409	456	272	164	318	716	546	267	744	730	796	657	541	841	470	369	580	1150	1032	574	357	452	868	384	322	258	342	197	313	201	134	233	116	83	45	98	32	234	91	128	99	64	65	43	16	60	256	201	293	142	325	258	172	190	267	200	151	156	173	136	14	234	360	580	447	599	63	171	1093	733	703	1054	727	224	306	20	18	60	32	55	31	6	8	14	7	6	20	7	4	7	48	55	15	16	35	224	58	113	144	155	260	67	323	562	159	6570	206	225	252	253	518	259	57	177	187	168	170	93	117	39	51	19	173	403	21	6	119	62	21	30	85	110	124	37	619	414	81	120	94	83	130	74	133	278	342	177	201	32	93	18	19	8	18	19	18	42	29	47	41	56	49	18	18	20	5	51	80	118	4	117	17	100	84	26	4	26	12	6	21	5	48	125	35	33	160	115	773	79	477	426	753	506	786	1091	433	1095	1952	2416	2929	2625	2288	2463	743	614	552	463	248	508	303	378	549	637	896	369	1283	2062
0	0	3	23	0	0	0	0	0	0	0	0	0	0	0	1	0	0	0	0	0	0	0	0	0	0	0	0	0	0	0	0	0	0	0	0	0	0	0	0	0	0	0	0	0	0	0	0	0	0	0	0	0	0	0	0	0	0	0	0	0	0	0	0	0	0	0	0	0	0	0	0	0	0	0	0	0	0	0	0	0	0	0	0	0	0	0	0	0	0	0	0	0	0	0	0	0	0	0	0	0	0	0	0	0	0	0	0	0	0	0	0	0	0	0	0	30	43	37	0	0	0	0	59	0	0	0	0	0	0	0	0	0	0	0	0	0	0	0	0	0	0	0	0	0	0	0	0	0	0	0	0	0	0	0	0	0	0	0	0	0	0	0	0	0	0	0	0	0	0	0	0	0	0	0	0	12	0	0	0	0	0	0	0	0	0	0	0	0	0	0	0	0	105	100	1	0	0	0	0	0	0	0	0	0	0	0	0	0	0	0	0	0	0	0	0	0	0	0	0	0	0	0	0	0	0	0	0	0	0	0	0	0	0	0	0	0	0	0	0	0	0	0	0	0	0	0	0	0	4	0	0	0	25	28	9	0	0	0	0	0	0	0	1	0	0	0	0	0	0	0	0	0	0	0	0	0	0	0	0	0	0	0	0	0	0	0	0	0	0	0	0	0	0	0	0	0	0	0	0	0	0	0	0	0	0	0	0	0	81	0	0	0	1	2	0	0	0	0	1	0	0	0	0	0	0	0	0	0	0	0	0	0	0	0	0	0	0	0	0	0	0	0	0	0	0	0	0	0	0	0	0	0	0	0	0	0	0	0	0	0	0	0	0	0	0	0	0	0	0	0	0	0	1	0	0	12	0	0	0	0	0	0	0	0	0	0	0	1	0	0	0	0	0	0	0	0	0	0	0	0	0	0	23	0	0	0	0	0	0	0	0	0	0	0	0	0	0	0	0	0	0	0	0	0	0	0	0	0	0	0	0	0	0	0	0	0	0	0	0	0	0	0	0	0	0	0	0	0	0	0	0	0	0	0	0	0	0	0	0	0	0	0	0	0	0	0	0	0	0	0	0	0	0	0	0	0	0	0	0	0	0	0	0	0	0	0	0	0	0	0	0	0	0	0	0	0	0	0	0	0	0	0	0	0	0	0	0	0	0	0	0	0	0	0	0	0	0	5	0	0	0	0	0	0	0	0	0	0	0	0	0	0	0	0	0	0	0	0	0	0	0	0	0	0	0	0	0	0	0	0	0	0	0	0	0	0	0	0	0	0	0	0	0	0	0	0	0	0	0	0	0	0	0	0	0	0	0	0	0	0	0	0	0	0	0	0	0	0	0	1	1	0	1	0	0	0	0	0	0	0	0	0	0	0	0	0	0	0	0	0	0	0	0	0	0	0	0	0	0	0	0	0	0	0	0	0	0	0	0	0	0	0	0	0	0	0	0	0	0	0	0	0	0	0	0	0	0	0	0	0	0	0	0	0	0	0	0	0	0	0	0	0	0	0	0	0	0	0	0	0	0
40	12	51	11	23	40	40	23	0	1	1	2	0	0	0	0	1	0	0	2	0	0	0	2	2	53	10	65	2	73	55	13	0	8	0	0	0	0	0	0	0	2	2	0	0	1	0	0	0	0	1	0	0	0	0	0	0	1	0	0	0	0	0	0	0	0	0	0	0	0	1	0	120	745	1260	1525	1164	0	0	0	35	2	1	0	0	0	1	12	27	12	13	0	0	0	0	1	1	0	0	0	0	0	0	0	1	0	0	0	0	0	0	0	0	0	0	0	37	83	24	0	0	0	0	0	0	0	0	0	0	0	13	0	0	0	0	0	0	0	0	0	0	0	0	0	0	0	0	0	0	1	0	0	0	0	2	0	0	0	0	0	0	0	188	0	48	0	0	0	3	0	0	0	0	0	0	15	1	0	0	0	0	1	0	0	0	0	0	0	0	0	0	36	12	0	5	1	0	0	0	0	0	1	0	1	0	0	0	0	1	0	0	0	0	0	0	0	0	0	0	0	0	0	0	0	0	0	0	0	0	0	0	0	0	0	0	0	0	0	0	0	0	0	0	0	0	0	0	0	0	0	0	0	0	0	0	0	0	0	0	0	0	0	0	2	2	1	4	0	0	0	0	0	0	0	0	0	0	0	0	0	0	0	0	0	0	0	0	0	1	0	0	0	0	0	0	0	0	1	0	0	0	0	0	0	0	0	0	84	0	1	0	0	0	0	0	0	0	0	0	0	0	1	0	0	0	0	0	0	0	0	0	0	1	0	0	0	0	0	0	0	0	0	0	0	0	0	0	0	0	0	0	0	0	0	0	0	0	0	35	17	12	0	0	0	13	0	0	1	0	0	34	0	0	0	0	0	0	0	0	0	1	0	0	0	0	0	0	0	0	0	1	0	0	0	0	0	2	0	0	1	0	0	0	0	0	0	0	0	0	0	0	0	0	13	0	0	2	0	2	0	0	0	0	0	0	0	0	0	0	0	0	0	0	0	0	0	0	0	0	0	0	0	1	0	0	0	0	0	0	0	0	0	0	0	0	0	0	0	12	0	1	0	0	0	0	0	1	0	12	0	0	0	0	0	0	0	0	0	0	0	0	0	0	0	0	0	0	0	1	0	0	0	0	0	0	0	0	0	0	0	0	0	0	0	0	0	0	0	0	0	0	0	0	0	0	0	0	0	0	0	0	0	0	1	0	0	0	0	0	0	0	0	0	0	0	0	0	0	0	0	0	0	0	0	0	0	0	0	0	0	0	0	0	0	0	0	0	0	1	0	27	0	0	0	0	0	0	0	5	0	0	0	0	0	0	0	0	0	0	0	0	0	0	0	0	0	0	0	1	0	0	0	0	0	0	0	0	0	0	0	0	0	0	0	0	0	0	0	0	0	0	0	0	0	0	0	0	0	0	0	0	0	0	0	0	0	0	0	0	0	0	0	0	0	0	0	0	0	0	0	0	0	0	0	0	0	0	0	1	0	0	1	30	19	20	25	22	10	0	0	0	0	0	0	0	0	0	0	0	0	0	0
1908	739	743	1453	773	770	808	424	580	311	370	390	795	493	1811	1464	1427	1480	1594	245	520	680	611	753	575	315	195	38	113	18	27	234	356	12	177	29	44	32	82	225	188	74	12	21	9	23	9	21	82	31	13	17	28	10	13	1438	3043	2306	932	897	1415	753	370	80	243	149	363	800	1888	1420	2340	1833	1072	2077	974	725	1164	565	723	1121	1132	1437	2636	2641	1201	1193	1275	975	1099	2845	4617	1085	1262	416	985	2609	2006	577	988	1618	1301	1194	993	1249	1703	1158	1189	1588	726	554	105	2092	2408	1000	620	194	529	743	1277	685	775	331	64	72	16	69	40	178	147	100	90	24	7	9	73	62	22	17	3	2	18	21	71	16	10	26	13	32	11	10	17	1636	4771	1140	517	1044	2157	115	138	81	65	131	909	1501	1791	437	388	550	406	723	735	903	560	851	884	717	827	1115	1378	807	2539	2401	1010	1309	1061	1651	1023	0	0	947	1857	821	627	580	742	383	926	550	718	971	899	420	1089	1119	818	1339	1669	1358	1661	83	163	193	557	732	618	550	619	80	36	25	33	95	143	223	381	67	49	28	67	28	17	86	204	104	119	160	153	85	116	222	124	164	102	107	121	58	154	1921	5342	408	902	1307	2167	516	628	634	2459	268	135	408	523	5389	3102	2038	2894	2629	1450	1865	1519	870	1176	1839	1231	919	1074	1622	586	576	679	756	1319	890	396	2098	3567	3279	1016	709	860	1624	2291	1822	1471	2280	1650	781	443	311	1451	753	1130	1257	1926	1512	1041	391	16	166	435	346	443	409	441	531	348	26	44	82	49	229	205	26	27	61	89	41	23	26	11	23	29	11	17	18	24	37	5	24	19	21	12	29	17	1788	2119	1795	2116	1581	1108	551	56	74	113	83	149	265	618	673	974	2693	1969	541	669	2888	1959	577	669	956	962	931	1248	436	561	498	451	869	466	651	621	392	467	279	627	3506	5894	3236	6407	6335	5542	4769	4988	7889	8822	3535	1553	3911	2296	1792	1734	899	977	259	76	639	556	626	663	504	710	329	318	57	78	62	254	202	455	192	142	34	17	259	10	240	10	9	40	2	14	6	0	15	6	4	5	76	57	45	35	1563	2185	1274	1361	1973	2287	259	41	32	75	73	73	113	553	531	596	674	794	614	597	153	190	201	150	362	190	42	476	109	108	86	39	65	33	80	29	232	145	85	52	85	144	164	206	155	60	61	98	274	280	25	957	1010	1400	1213	904	1769	80	15	9	121	619	580	671	565	542	41	4	18	3	2	18	144	247	96	47	7	16	3	0	3	4	10	20	3	4	5	2	6	465	1015	662	3	2	29	26	1659	4390	569	869	870	1670	64	12	5	2	11	13	104	1033	848	820	641	762	1547	380	2391	374	49	39	227	216	55	28	3	72	114	69	45	28	11	39	28	61	16	52	18	21	27	35	38	36	34	62	345	275	48	221	1373	1694	1681	2216	629	26	34	10	173	952	784	533	376	556	24	9	15	26	5	53	248	259	58	116	44	19	15	2	11	7	68	102	69	10	16	230	72	39	47	231	645	28	35	75	1832	2836	2148	1331	1096	1040	601	207	545	300	143	217	369	787	3856	6396	6082	2309	4681	772	490	1069	560	5497	3844	1789	5037	5715	5352	520	723	555	402	293	1455	316	568	279	250	979	2271
665	656	3001	4125	1017	767	649	874	1023	1261	1151	1225	1051	1261	1368	1258	1183	957	924	1139	1089	1129	1072	1242	932	938	1073	1093	811	1068	1398	1054	1025	1101	1243	1504	1236	1458	1375	1531	1285	1299	1596	1290	832	648	802	1176	1084	1668	1542	1572	1522	1656	1252	1041	993	722	1266	1578	1371	1604	1438	1154	1231	867	820	886	1102	961	1114	824	2586	3361	2818	1363	1446	1336	1341	1652	1564	1080	1178	793	777	754	1091	1068	915	999	1070	1397	2315	774	1091	903	1153	1077	945	1102	984	814	863	896	667	591	5459	1103	708	640	622	886	789	531	656	553	582	862	612	694	579	677	706	842	881	1066	859	943	823	939	1118	1365	1076	889	1127	1241	1216	745	879	990	928	754	910	923	884	934	583	1145	1417	1155	1299	1141	1176	1275	1394	878	1264	1519	1044	757	466	1040	898	1287	1348	1013	911	798	963	787	601	945	1234	2712	1474	926	876	1049	1053	972	977	1285	924	1372	990	976	773	982	963	932	970	906	677	1150	1289	898	1027	1211	1018	920	1033	871	839	1097	836	1288	759	859	1016	1217	942	899	954	1037	877	806	1251	1025	878	913	1132	884	908	950	903	888	600	856	949	758	993	897	1003	981	1006	1159	921	1081	1139	965	826	797	828	1103	609	578	1003	832	850	1002	828	683	699	796	1086	1169	1096	899	766	971	825	656	741	691	585	908	890	814	753	905	894	841	549	644	866	909	714	592	656	573	833	1073	883	1062	865	1499	990	834	728	749	747	727	715	708	934	601	802	1201	556	413	433	414	414	610	770	805	1291	1001	734	1171	1655	990	1040	997	494	660	629	572	468	666	855	1066	493	600	864	695	704	819	666	766	958	979	966	1196	791	886	1092	901	768	731	920	640	716	789	843	848	897	1035	964	716	798	1013	1163	1098	849	913	1300	1010	834	998	1104	1352	765	716	818	1016	1046	1080	1636	963	924	2637	1244	1215	1069	1186	1061	1462	947	766	610	806	695	943	790	958	977	894	761	702	702	559	572	560	886	738	587	600	813	1023	908	731	603	603	624	620	817	1012	953	1174	507	621	929	633	912	974	937	841	869	858	738	584	986	840	766	1097	944	643	615	889	890	749	860	542	569	547	638	696	551	648	490	804	535	572	466	529	712	554	611	639	508	578	689	526	614	386	921	676	651	707	649	548	337	311	460	612	585	563	349	607	497	444	275	342	502	713	661	593	645	825	704	1085	564	551	708	720	885	897	859	857	1009	1182	825	985	1098	1079	774	1013	968	1069	1103	901	862	956	942	1121	1112	1152	1236	743	948	941	435	577	746	1188	602	801	763	951	917	923	893	953	887	1022	981	879	957	974	979	976	601	632	602	615	724	1155	911	881	786	824	878	1010	818	965	985	787	805	896	930	776	952	957	792	762	837	756	570	1037	1059	873	969	974	910	599	838	594	686	934	825	901	936	929	786	959	956	816	694	824	896	1015	679	685	669	881	829	743	929	1114	932	653	780	805	2423	5158	5183	3230	737	975	874	757	742	822	599	836	737	735	792	737	660	592	732	443	640	608	813	817	632	747	736	482	540	468	591	691	613	725	794	666	546	530	875	563	569	771	839	527	549	616	606	893	864	631	639	885	1570	551	398	500	587	374	1094	1268	1122	1208	1122	920	1125	1316	1413	602	537	680	784	688	758	860	600	623	492	618
895	714	577	206	290	418	169	329	360	873	1038	277	162	171	174	141	77	114	163	205	140	182	130	88	199	201	109	3894	232	68	56	94	118	116	135	122	149	84	54	64	194	130	210	218	169	130	207	195	374	144	185	219	232	237	247	398	277	244	215	161	256	253	613	285	285	273	403	486	842	348	1162	495	689	1645	546	1287	528	1252	583	533	417	561	695	500	980	978	369	285	201	330	1089	1654	973	1020	2504	1568	653	926	506	337	661	747	2140	382	421	498	491	1678	191	155	132	123	315	157	190	194	37	1740	3410	161	99	90	392	207	141	303	58	87	102	170	161	173	248	153	202	182	73	108	71	126	69	252	158	107	184	146	53	181	255	241	111	213	281	149	117	80	55	60	98	122	92	301	92	92	593	666	1201	1505	744	322	243	1399	408	2299	608	2420	421	335	1132	355	890	1097	2196	2866	2029	574	1400	1528	506	1229	496	559	2879	2853	250	527	1657	1375	1210	1530	682	437	267	546	145	359	115	254	264	443	570	347	193	121	640	1045	766	457	885	923	733	424	129	133	198	285	131	111	191	282	1291	1574	322	170	256	220	130	144	129	96	327	408	150	137	161	153	174	162	198	165	63	97	145	240	173	283	149	309	572	603	421	512	1092	658	428	569	1390	3613	4106	1309	1206	1398	989	1298	3278	3822	4800	7765	4769	5420	3691	7752	3292	3080	6092	217	415	5091	9626	5166	897	1310	1002	4893	881	1657	769	919	656	139	203	198	446	137	564	157	194	133	115	93	106	228	167	211	37	147	198	80	154	51	186	151	117	263	130	89	276	831	362	230	232	142	129	161	496	185	157	579	431	522	225	204	147	119	172	170	139	143	96	149	149	191	484	743	828	812	754	420	336	326	291	371	466	5989	1996	1320	1394	675	322	300	154	262	409	235	308	367	574	1218	271	449	481	525	459	317	652	325	142	565	1092	2137	4150	644	555	1896	2131	1304	851	946	446	177	130	157	45	307	160	222	145	146	190	122	167	240	174	204	113	41	148	192	142	124	231	161	141	251	295	2710	2744	2335	189	135	127	180	186	219	168	107	149	167	184	51	160	181	160	160	187	104	131	186	336	296	289	254	223	209	305	308	252	433	175	216	172	301	182	213	446	225	147	501	351	189	152	380	340	291	196	451	336	394	126	144	212	204	130	346	141	1894	344	131	114	191	173	164	380	364	295	320	278	153	150	184	111	173	139	149	171	257	164	299	142	177	350	222	240	126	91	122	93	138	123	90	210	104	236	106	132	221	178	243	190	221	175	158	124	154	122	159	140	115	144	111	326	166	174	132	67	114	130	106	126	199	148	38	120	149	208	271	258	222	123	196	213	47	107	141	226	66	86	53	53	153	61	73	63	44	36	73	140	110	56	122	65	136	83	81	59	59	88	157	128	215	134	81	112	120	115	79	72	55	103	119	270	220	145	72	67	54	86	141	244	186	121	54	74	174	303	189	150	237	161	109	301	264	190	249	170	142	247	214	314	132	259	234	250	298	318	182	131	183	256	304	212	255	432	1131	507	287	477	1226	355	422	706	888	2091	1966	500	443	1424	496	598	1117	245	338	1226	1261	2527	1451	1138	572	257	291	1068	1088
277	198	81	459	405	351	162	131	45	148	84	67	357	879	49	83	39	34	52	160	396	106	32	150	213	220	273	221	261	294	527	380	297	217	286	289	262	412	368	144	90	69	92	170	302	267	261	397	203	378	317	368	465	380	500	630	545	498	342	571	526	337	477	493	449	489	1823	346	534	378	1238	687	1253	708	609	614	779	7920	12409	11675	12139	12215	13453	10506	12313	12264	11043	12125	12055	14049	17136	14960	14481	16800	17674	5970	7719	6580	5958	1920	4407	757	589	775	594	707	440	801	144	62	39	38	48	44	22	43	138	76	373	76	141	588	448	230	508	339	138	36	32	173	241	299	447	384	336	30	28	34	15	17	17	35	31	36	16	20	67	39	40	73	62	92	48	73	53	41	78	5	54	175	34	57	84	85	57	74	117	115	212	4399	4527	4543	10028	13606	9619	6366	6154	5889	6356	6237	5997	4466	5028	5884	5870	5860	5533	5889	5822	5877	5007	876	3310	4830	4354	4372	4688	2294	1022	3323	154	335	144	65	142	98	178	103	179	173	239	1268	2079	709	60	95	64	98	83	96	91	98	127	96	126	80	127	54	55	127	83	154	135	86	88	147	116	166	123	81	146	90	95	44	66	80	84	141	201	238	281	112	233	136	82	138	156	34	253	30	185	67	99	279	55	109	439	198	335	411	591	4851	5085	5471	5038	4338	4017	4615	4341	4592	5191	2233	126	274	218	169	190	259	382	446	319	390	244	204	6655	215	220	162	130	52	131	143	62	89	90	94	74	237	157	178	31	289	724	302	484	660	2036	2815	122	342	377	58	69	70	157	99	100	77	67	97	72	79	96	104	225	167	169	119	188	137	176	166	228	278	271	224	214	343	230	251	477	400	527	335	501	486	462	269	283	1728	307	541	805	519	1134	470	523	771	467	472	368	303	245	354	173	273	138	150	423	150	226	217	182	527	125	205	159	161	127	194	77	68	113	73	73	84	622	281	92	175	516	563	686	892	355	9	24	10	19	16	69	16	24	10	6	5	10	14	5	8	110	30	10	4	16	64	34	33	16	17	6	11	5	15	33	3	16	5	10	13	11	14	10	3	7	20	6	19	16	30	3	16	5	16	10	19	12	11	86	26	84	18	32	32	22	20	5	42	19	22	9	18	72	82	89	50	22	61	52	62	29	19	19	62	10	18	19	27	23	30	15	5	17	69	310	40	8	21	5	7	22	20	4	5	3	7	38	14	3	141	3	6	16	8	10	3	19	48	15	7	100	86	67	8	16	18	3	9	7	15	18	1	5	21	6	15	20	5	26	21	37	42	22	10	137	393	25	8	11	375	417	85	16	3	1	106	266	42	2290	15987	14209	1062	14943	14039	5054	17	5	21	2	12	2	26	26	27	45	62	50	62	65	27	17	10	5	5	15	84	5	7	105	99	47	14	97	17	2	4	7	22	1	38	4	3	31	5	7	4	20	12	29	8	22	5	16	23	27	7	4	5	4	3	12	10	9	2	16	2	0	8	5	15	17	7	7	7	6	8	40	7	51	39	10	44	43	76	279	131	165	88	76	91	94	50	88	53	121	36	219	121	432	850	376	636	142	454	163	140	314	436	5878	247	374	407
741	809	632	627	877	908	1046	820	837	1063	1028	924	693	723	652	755	777	501	633	645	544	1338	665	585	747	874	658	357	684	678	514	447	695	741	558	628	508	759	265	400	291	314	440	437	485	410	380	998	1162	517	941	737	568	359	458	349	551	480	698	894	1027	1166	1144	943	1070	768	922	1531	1081	740	1031	1198	943	921	1183	1594	1563	982	1473	1471	1423	1033	1045	810	1049	1124	1089	822	1159	963	1065	1020	1255	849	981	759	1106	1054	1172	996	1133	1048	2028	1019	704	802	809	1086	1324	683	785	888	1474	558	615	730	768	707	716	944	419	403	520	489	766	665	607	339	644	751	358	296	405	399	649	709	461	339	394	314	448	455	778	538	618	268	394	472	449	550	618	715	554	815	902	1344	1054	762	899	1146	1309	1071	1223	1791	949	978	1816	1189	979	1060	1134	1002	950	1727	1256	1617	1209	1436	1178	1213	2374	1001	1157	788	2873	1819	1741	2095	1971	1357	2228	966	989	840	1401	1480	1389	846	929	1212	2017	959	1254	922	1004	927	907	950	855	935	740	677	1113	656	677	587	805	646	696	461	721	548	615	761	957	759	542	724	719	906	492	614	498	769	508	406	542	728	726	450	619	425	364	439	569	592	448	586	556	585	809	692	717	802	771	862	1112	1537	906	849	1447	872	1347	844	1744	1333	1042	1057	1168	777	932	958	951	840	1090	878	1092	929	1317	1121	1498	1599	1006	1146	992	1269	1203	922	2079	464	563	885	1609	1123	1248	764	870	961	1132	943	793	1088	1041	922	725	652	640	810	405	633	516	523	640	701	397	662	857	657	451	408	751	762	414	670	707	714	514	585	838	1542	342	371	556	510	470	250	340	451	261	548	444	467	494	394	362	389	249	464	360	455	357	526	496	520	730	854	728	689	722	511	601	813	1144	831	795	886	880	666	620	530	1134	732	1852	2417	2595	628	924	1063	572	676	689	576	664	736	667	599	741	664	685	670	658	654	618	856	697	547	642	615	768	800	532	2306	343	457	395	581	523	521	508	453	464	583	634	686	403	576	425	476	515	330	371	371	405	622	663	616	573	567	408	508	917	744	683	437	722	865	543	793	772	540	626	604	529	429	563	470	668	904	360	537	601	434	561	506	515	371	590	615	1082	1481	524	425	328	474	574	688	433	601	374	483	715	399	437	576	460	536	431	525	489	795	585	350	334	463	660	625	1310	551	666	550	517	669	473	609	855	764	536	594	697	790	731	490	922	743	540	587	722	728	894	553	611	748	698	521	547	616	665	634	517	464	627	704	491	427	498	736	1901	592	397	403	665	422	480	643	478	605	829	614	758	1197	1226	996	1058	936	1192	1028	927	939	2319	2730	2975	1097	1041	1665	1033	1079	616	1052	1318	1187	1190	1113	1002	1159	886	787	1190	897	1433	1021	890	889	982	1031	909	836	1131	1135	1257	1425	1990	2791	1097	2067	2102	1433	1979	2393	1886	2146	2096	2452	2546	1669	718	2143	2542	2211	2791	2499	1719	2320	2289	2337	2245	610	1549	1878	1920	2057	2015	2058	1228	1910	1923	2390	2165	1941	2079	1832	1997	2040	2307	1818	1842	2403	2483	1768	2289	2179	2111	2563	2176	2527	2210	2248	2474	2328	1402	1348	1348	1442	1356	1389	1154	1326	1198	974	1161	1217	1263	1517	1066	986	1117	1682	1311	2800	2717	3225	2499	2979	2344	3001	2652	3199	2994	2718	2543	2247	2927	2466
0	0	0	0	0	0	0	0	0	0	0	0	0	0	0	0	0	0	1	0	0	0	0	0	0	0	0	0	0	0	0	0	0	0	0	0	0	0	0	0	0	0	0	0	0	0	0	0	0	2	0	0	0	0	0	0	0	0	0	2	0	0	0	0	0	0	0	2	0	0	0	0	0	0	24	470	160	0	29	107	0	0	0	0	0	87	0	0	0	79	0	12	12	0	0	0	0	0	0	0	0	0	1	0	0	0	0	0	0	1	0	0	0	0	0	0	0	0	0	0	0	0	0	0	1	0	0	0	0	0	0	0	0	0	0	0	0	0	0	0	0	0	0	0	0	0	0	0	0	0	0	0	0	0	0	0	0	1	0	0	0	0	0	0	0	0	0	0	0	0	0	0	0	0	0	0	0	0	0	0	0	0	0	0	0	53	0	0	0	0	0	0	0	0	0	0	0	0	0	0	0	0	0	1	0	0	0	0	0	0	0	0	0	0	0	0	0	0	0	0	0	11	44	0	0	1	0	0	0	0	0	0	0	0	0	0	0	15	0	0	0	0	0	0	0	0	0	0	0	0	0	0	11	0	0	0	0	0	0	0	114	97	0	0	0	0	0	0	0	0	0	0	0	0	40	21	0	105	0	0	0	12	12	0	0	0	0	0	0	0	0	0	0	0	0	0	0	0	0	0	0	0	0	0	0	0	0	0	0	0	0	0	0	0	0	0	0	0	0	0	0	11	0	0	0	0	0	0	0	0	0	0	0	0	0	0	0	0	0	0	0	0	0	0	0	0	0	0	0	0	0	0	0	0	0	0	0	0	0	0	0	0	0	0	0	0	0	0	0	0	0	0	0	0	0	12	12	0	0	0	1	0	0	0	1	0	0	0	0	0	0	0	0	0	0	0	0	0	0	0	0	0	0	0	0	0	0	0	0	0	0	0	0	0	0	0	0	0	0	0	0	0	0	0	0	0	0	0	0	0	0	0	0	0	0	0	0	0	0	0	0	0	0	0	0	0	0	0	0	0	0	0	0	0	0	0	0	0	0	0	0	0	0	0	0	0	0	0	0	0	23	0	0	0	0	0	0	0	0	0	0	0	0	0	0	0	0	0	0	0	0	0	0	0	0	0	0	0	0	0	0	0	0	0	0	0	0	0	0	0	0	0	0	0	0	0	0	0	0	0	0	0	0	0	0	0	0	0	0	0	0	0	0	0	0	0	0	0	0	0	0	0	0	0	0	0	0	0	0	0	0	0	0	0	0	0	0	0	0	0	0	0	0	0	0	0	0	0	0	0	0	0	0	0	0	0	0	0	0	0	0	0	0	0	0	0	0	0	0	0	0	0	0	0	0	0	0	0	0	0	0	0	0	0	0	0	0	0	0	0	0	0	0	0	0	0	0	0	0	0	0	0	0	0	0	0	0	0	0	0	0	0	0	0	0	0	0	0	0	0	0	0	0	0	0	0	0	0	0	0	0	0	0	12	0	0	0	0	0	0	0	0	0	1	0	0	0	0	0	0	0	0
10875	11597	12762	11314	10359	9190	9095	8044	9906	7985	8086	9004	8091	8346	7634	9011	8628	7052	7392	6083	6001	6299	6283	6276	6753	7302	7774	7638	5877	7271	7937	6956	6044	6293	6850	7786	7638	6760	6866	5968	5994	6494	6740	6480	6219	6556	6328	6828	7733	6261	5229	5514	5024	5133	4540	4322	4743	4792	4990	5376	5485	5250	5545	7679	7143	5858	6761	6745	8419	10251	9085	6586	8836	10417	11289	11362	12424	12709	13929	14140	12897	12000	11700	11832	12296	11998	14717	12847	11219	11644	12625	11584	10835	11320	11629	10791	10297	10572	10640	9866	12570	11873	10678	9578	8641	10332	9774	8089	7955	8496	10110	8196	7965	6852	6764	7403	7009	7086	7341	7108	6933	6933	8289	8457	7076	6573	8385	9874	8440	9918	8060	7405	7836	8663	8722	9383	7491	6225	6501	7116	6572	5783	5842	6483	5653	5672	5736	6016	6297	4886	4354	5138	5005	4764	6866	7445	6866	7476	7071	6883	5547	7973	6369	6712	7168	8575	6919	7720	9829	12070	14883	12666	12311	12148	14594	15330	13153	13232	14412	14913	17303	16341	17888	16606	11448	9989	9448	10136	10325	11211	13245	13315	13013	12335	11445	12461	11267	10353	9945	11401	9891	9265	10864	10655	11203	12432	11629	9738	9304	7867	7873	7612	8589	8372	7405	7217	6358	6972	8341	7128	7348	7706	6945	7264	5770	5903	5650	6355	4432	4891	4251	3926	4071	4825	4739	4156	4219	4202	4566	4909	5428	5838	4714	3395	2810	3568	4505	4947	3960	4215	4310	3515	3841	4130	5132	3809	4195	5181	5267	4813	5945	9156	6654	8862	9428	8736	9220	12634	12583	11007	11492	14081	15635	16556	14148	12569	13034	11590	13236	13642	11668	15437	10977	8768	10220	9613	8672	10685	9481	9740	8161	9196	9882	12560	10377	9005	9296	9758	8720	9864	9432	8028	8099	6841	6879	7623	8284	7256	6200	5749	6329	6267	5517	5573	4972	5837	5140	6161	5415	5601	5099	6187	6395	6511	4729	6269	5781	5200	5776	5078	5870	4580	4630	4506	4069	4682	4868	5563	4678	4332	4107	3438	4263	3659	4348	4110	3338	3642	3294	4872	5066	6743	5957	6902	6356	6347	6247	6399	6909	7294	7003	8600	10211	9423	11330	12124	12229	12947	13372	13365	13160	15091	17823	13642	13069	9967	11009	10448	8654	8323	8958	8141	9938	7883	8297	8415	8917	12424	8110	8392	9172	10080	8407	7027	6036	7874	6760	6227	8630	8935	7305	5886	6909	6560	6172	6565	4745	6000	6587	5941	5680	7267	6101	6761	5879	5657	5227	5361	5555	5886	6449	5398	5315	6121	6338	6767	5819	5300	5564	5725	4583	4193	4441	4181	3832	4030	3891	2937	3078	3759	3628	3593	3295	3817	4412	3327	4098	3690	3991	4552	5354	6531	6117	6733	6144	7268	6560	6424	6521	7233	8357	8764	8571	6936	7196	9143	6577	6427	8733	8621	8912	8060	8738	8559	8137	5622	7023	7466	6365	6096	5963	5773	7960	6259	7187	6750	5827	5509	5743	6441	6009	5801	6654	6214	6595	7437	5601	5812	5993	7549	5383	5277	5027	5389	4432	4274	3847	4788	4076	4359	3331	4101	4085	3668	3996	4275	3568	4301	3818	3881	3443	3897	4022	4796	3719	3614	4063	3680	4121	4542	4246	4172	4593	4115	3568	3910	3470	3658	4000	4228	4146	3806	3285	2902	2952	3151	3692	4319	3813	4091	4641	4386	3999	3739	3836	4062	2565	3270	3696	4579	3529	5336	9323	7519	5562	6402	5546	6025	4937	4799	5214	4229	4065	3411	3941	4223	4557	5839	6192	5058	4173	5270	4937	5634	5014	4470	4854	5992	5875	5742	5773	4738	5689	4973	4655	4822	6518	5392	2806	3102	3129	3333	3167	3976	3816	2855	3358	4274	4021	3951	4690	4457	4345	3351	3136	3475	3207	3106	3136	3046	2890	2483	1733	1907	2415	1856	1681	1974	2417	2631	2718	1671	1731	1317	1335	1609	1501	1738	2466	2539	3737	3586	4192	4096	4579	5574	5769	9336	8709	7725	6856	7508	9812	10282	9033	9207	9990	9651	11299	9878	9427	8733	8479	9673	8662	8085	7576	5999	7189	6347	7436	6203
6925	7043	6193	6158	6233	16792	11707	10876	11825	12536	5484	6756	9361	11457	10276	11086	7144	5777	6819	6909	5984	4389	4783	3820	10436	4186	3513	4089	6031	4744	4384	4305	3673	4257	3639	3777	3459	3164	3384	3069	3001	2993	2983	3151	2985	3065	3016	3240	3270	2978	3243	3413	3323	2984	4681	3920	3250	3601	3226	3355	2652	2978	3743	4253	9793	5264	4746	6580	5889	5566	5080	5541	5441	7617	7771	11493	9313	8436	8461	10640	9726	10780	12830	11993	8958	11719	9562	10010	7883	6958	9632	7602	9277	6541	7217	9336	7858	7499	6644	7371	7320	8165	7180	7174	6364	5576	7775	6847	6271	5620	5322	5492	5074	5078	4447	4516	4700	4592	3974	4449	4576	4513	3876	3465	4141	3314	3135	3060	3132	3912	3461	4130	4355	3798	3480	3465	3076	2862	2837	3061	2602	2604	3318	2792	3735	3889	3731	3752	3915	4606	3581	3484	3064	2521	5102	3865	4356	3708	4209	3223	4466	4596	5354	6207	6798	7404	8768	8152	8702	9936	7701	9530	9206	9170	11889	11503	11023	10477	11944	19210	11006	12021	9269	11407	12321	9435	7943	8021	7092	8376	8583	10397	8144	8924	8765	8007	7769	8633	9462	7451	6597	6646	6151	7134	6205	7183	5767	5358	5599	4221	4280	4763	4357	4175	4183	3744	3481	4493	5461	4329	5819	4924	6578	7397	7654	7844	8503	8558	6657	3384	4255	2462	2610	2367	2289	2774	2741	2099	2139	2554	2023	2467	1937	3521	2144	1881	2235	2202	2018	2219	2843	3199	2857	3095	4001	3847	4518	5519	5539	4684	4217	5071	5248	9840	13490	7740	6230	7739	8313	8943	10910	8705	10414	11330	10127	10885	8264	7884	8249	8247	10273	8567	8091	9253	14049	8172	8117	6560	8318	5796	5428	5957	6195	7668	7746	6737	6903	8015	5988	5230	9615	5487	4889	4162	5349	5211	5446	5254	4791	7728	8062	4663	4312	4330	3914	4676	4417	3493	3487	3526	4390	4702	3484	4354	3398	3609	3311	3650	2487	3048	2435	2456	2463	2064	2757	2570	3102	2966	3205	2806	3364	4049	2977	3357	2915	2752	2874	2811	2815	2041	3703	3547	4076	5458	8460	6546	6148	5746	6733	5732	6047	7656	7662	7961	9965	8452	9802	10854	12462	10078	8843	8024	9031	9921	16517	11619	9154	8774	10167	8097	9727	15592	17701	8656	5213	6129	5850	5218	6101	5018	5625	4790	6983	8841	5873	5658	5857	5463	3992	3714	4146	4884	4660	3651	3462	3192	2980	2044	3050	3151	2714	2917	2633	3222	3476	3953	3536	3195	3532	3247	2949	2429	2788	3006	2612	2708	2608	2306	2076	2092	2479	2483	2282	1805	1800	1917	1899	1880	2155	1911	1824	2270	3977	3877	1542	2046	1901	2224	2312	2224	2600	2553	3531	2984	3773	4722	4773	4880	5928	4774	3818	4398	4798	5903	5517	6651	5704	4879	6827	8002	5527	4257	5746	6705	5482	5841	6193	5464	3891	4692	4271	4693	4567	5052	4979	3782	3832	2791	3596	5457	4461	3694	2745	4154	3263	3206	2508	2991	2999	3381	2776	3402	2275	2426	2613	2867	2828	2739	2987	3127	3674	3222	2279	2739	2740	2567	2801	2457	2053	2341	1946	2164	2300	2697	2775	2621	2350	2116	2292	2067	2128	1612	1765	1615	1516	1949	1750	1734	5011	2148	1881	1811	1917	2350	2265	2129	2636	3132	3298	3324	2896	3133	3500	3932	2961	3440	3951	3590	3544	3401	2861	3458	8159	8143	11709	12032	3259	3477	3316	3661	3783	3713	4314	4233	2863	3318	3218	3188	3234	3021	3622	3491	3670	3888	5024	4310	4130	3730	3369	3635	3474	3687	4175	3893	3151	3643	3096	3584	2645	2962	3046	2933	2915	3351	3109	3060	3681	2892	2322	2558	2794	2798	2522	2067	1840	2125	2048	1912	1867	2188	2225	2059	2471	2355	2143	2188	2474	2280	1914	2292	2129	2303	2134	2183	1938	2713	1761	1725	2019	3570	3329	4949	3287	3945	3744	4701	6520	6490	4241	6074	5966	7332	7514	8493	7657	10326	10765	9723	8991	9449	10574	8545	7449	8099	17021	11795	12996	11851	12933	8075	9533	6289
3265	3431	4216	4497	4044	3629	3669	4062	4008	4091	3498	3000	3017	2910	2669	3182	2963	3768	2940	2151	2429	2468	2429	2293	1966	2290	2172	2933	3659	3492	4485	5486	5405	4537	3560	3103	3089	2668	2531	2287	2759	2748	3016	2757	2206	1898	2164	1849	1894	2021	1932	2191	2435	1975	2329	2051	2724	2575	2667	2095	2007	1776	1894	2030	2159	2084	2436	2856	3257	3508	3527	3493	5485	7236	4583	5048	4398	3832	3508	3303	3957	3097	3886	3812	4743	4047	4040	4687	4537	4354	4189	4077	4086	4964	8248	6293	5720	7877	6899	4067	4470	4510	4692	4311	4478	4779	4179	4729	5446	4819	3415	3690	4445	5245	5001	4612	5593	4864	3582	3866	4250	4360	3919	3360	3415	2434	2745	2928	2795	2895	2520	2119	2713	3466	2792	2660	2732	3750	4225	3626	3803	3901	4166	3031	3055	2268	2003	2509	2340	2022	1668	1559	2076	2026	2046	1906	1645	1290	1995	2143	2261	1947	1875	1581	2685	2375	2078	3034	3558	5520	4768	3479	4436	4054	3277	3342	3963	3093	4442	2897	3372	2524	4704	3880	4286	3377	3374	3570	4488	4348	4915	4579	4567	3970	5434	5458	4963	4940	4157	4444	4851	5228	3958	3586	2869	3195	7682	3264	9030	5333	2515	2104	1989	2251	3239	2837	1895	2104	1942	1969	1681	1358	2000	2213	2050	2456	1693	1623	1539	1736	2374	2285	2042	1813	2081	2415	2550	2727	2227	1961	1931	1813	2122	1695	1720	1986	2200	2101	1830	2036	2334	2393	2030	2562	2524	1704	2142	2228	2615	2770	3290	2740	2562	3038	2894	3172	2827	2956	4362	3668	4011	4052	3652	4201	3979	3374	4391	3866	4322	3911	3448	4893	3112	2995	4087	4447	4974	4293	4099	4505	4164	4114	4365	4118	3474	3391	3461	3323	3228	2780	2973	3366	3259	3037	2210	2661	2083	1773	1622	1631	1783	1925	1743	1625	2043	1930	1807	1404	1256	1778	1703	2129	2281	2227	2423	2616	1690	2171	1589	1758	1777	2186	1600	2483	2065	1653	1515	1841	1495	1779	1901	1897	1635	1577	1756	1845	1860	1909	1915	2107	2123	2300	2161	2285	1953	2511	4117	2229	1847	2433	3162	3017	3127	2771	2742	2705	3943	3515	4437	4933	4933	4105	3003	3595	3512	3573	3217	3171	3201	2950	3740	2790	3492	5799	5163	5501	4663	3573	3718	3571	3360	3914	4178	3857	3519	2591	3343	3845	2049	1866	2330	2739	1854	2222	2275	1831	1937	1719	1649	2031	1567	1237	1393	2443	3950	3987	1692	1941	1709	1495	1620	1887	1668	1648	1531	2027	1596	1523	1257	1062	1175	1546	1208	1365	2115	1619	1946	1769	2534	2267	1876	2349	2114	2148	2231	1627	1725	1874	1457	1557	2115	2150	2108	2364	1663	1653	2447	2657	2334	2373	2717	2594	1466	790	1238	1340	1189	1050	1291	1290	1623	1510	1999	1632	2472	2314	2135	1789	1594	1500	1814	1915	1870	1656	1483	1633	1645	1468	1542	1733	1312	1262	1529	1577	1503	1272	1309	1198	1424	1117	1228	1478	1766	1443	1695	1459	1673	1349	1397	1683	1697	1295	832	996	994	1087	1385	1464	1277	1259	1586	1137	1311	1196	1299	1282	1254	1056	1135	1424	1164	1555	1962	1525	1514	1646	2191	1816	2113	2247	1866	1405	1679	1332	1241	1394	1273	1238	1118	1539	1494	1512	1165	1171	1571	1470	942	1131	1127	1803	1717	2068	2134	1709	1704	1545	1453	1777	1557	1728	1440	1515	1806	1382	1743	1557	1711	1741	1396	1589	1844	1521	1724	1431	1595	1560	1877	3412	2394	2240	1849	1472	1649	1908	1264	1217	1326	1527	1514	1496	1293	1898	1498	1510	1605	1046	1420	1359	1517	1334	1845	1813	1717	1910	1408	2016	2021	1591	1448	1450	1871	1478	1367	1654	1145	1114	1448	1449	1109	1331	1408	939	1023	1021	1215	1027	1175	1158	1274	1261	1524	1592	1469	1366	1338	1493	1637	1662	1964	2549	2691	3190	5615	4587	3573	4282	3514	3181	3146	3385	3885	2851	2536	3381	4981	4725	3462	2435	3189	2523	2311	2849
56	68	59	60	107	40	122	68	61	78	87	83	101	134	60	2	0	112	0	62	36	49	0	24	0	1	114	0	13	91	1	0	0	1	0	2	58	1	1	0	12	0	0	0	2	11	0	4	4	0	0	0	2	1	0	1	1	0	0	0	0	0	0	12	12	24	13	59	13	71	39	51	29	230	13	75	59	134	62	46	114	151	6	14	35	37	39	3	35	84	85	89	498	196	5345	14508	21260	4863	100	94	51	24	35	49	82	37	84	37	14	194	1	18	12	84	225	12	1	40	0	0	1	0	0	0	1	0	0	0	0	0	2	2	3	0	0	0	0	40	3	22	0	0	0	1	4	2	0	0	1	11	1	0	3	1	0	1	1	1	2	1	13	1	4	0	35	0	220	350	0	4	37	38	107	83	67	76	70	89	114	47	63	37	13	13	99	64	11	25	410	64	103	96	137	130	122	128	13	12	12	37	59	47	24	1	80	1	44	37	1	62	0	1	25	0	53	0	1	0	0	0	12	0	0	0	0	25	0	0	0	0	1	2	0	0	0	10	0	2	0	1	8	0	12	48	86	0	0	0	1	25	2213	6666	5437	5377	5162	4860	5116	1585	0	3	88	167	99	201	108	157	549	196	204	51	159	79	94	123	63	178	62	37	15	133	49	59	276	92	24	40	14	46	100	12	52	25	22	2	16	14	12	1	1	35	11	0	12	12	2	0	0	1	0	0	0	1	1	0	0	0	1	13	0	5	0	1	12	0	0	25	1	2	0	0	0	13	0	0	2	0	1	0	0	1	12	0	0	0	1	8	1	0	0	0	0	0	2	0	0	48	13	1	39	18	477	173	13	17	58	60	64	102	94	66	36	107	12	69	127	24	36	27	38	17	38	83	1	17	37	96	2	122	13	0	0	25	67	134	13	24	2	99	2	84	11	0	0	1	46	17	23	12	46	44	12	0	2	6	0	4	12	11	15	10	13	1	0	1	0	0	0	2	0	0	1	0	2	1	0	1	1	0	2	2	0	2	0	1	0	3	1	1	15	0	1	0	0	0	12	412	3	15	12	12	3	0	38	60	12	0	40	6	57	24	2	3	104	0	1	12	49	1	2	3	22	13	46	1	13	3	13	0	2	5	6	0	3	2	0	1	25	1	2	2	12	38	4	2	1	2	1	0	0	0	1	0	0	0	3	0	2	0	0	0	2	34	2	2	2	0	1	0	4	2	5	2	1	0	1	1	1	1	2	3	0	0	2	0	1	2	2	1	12	0	0	2	0	2	2	12	0	1	1	1	0	0	4	25	4	0	0	0	1	0	48	0	2	1	0	5	49	1	1	0	0	0	12	22	37	0	0	44	2	2	1	1	1	13	0	1	0	1	1	1	1	0	14	14	14	2	10	0	2	0	8	0	0	1	5	0	2	1	0	0	0	2	0	1	1	6	1	0	0	1	0	1	0	1	1	0	9	3	1	1	2	24	1	12	29	49	23	349	49	25	126	36	13	9	13	16	21	73	120	55	4	29	24	25	6	0	36	38	19	30	37	61
1	13	0	13	24	15	1	25	936	4	2	3	3	1	0	1	0	1	0	36	12	2	0	1	0	2	1	12	0	0	2	1	25	5	1	12	1	1	0	3	22	0	0	0	2	0	1	24	97	3	1	0	1	0	0	23	0	0	0	0	0	0	0	0	0	4	24	24	1	12	3	2	2	50	50	3	19	17	10	19	22	36	36	11	7	18	20	32	14	29	157	7	36	49	31	15	115	3	16	602	1601	507	11	12	2	5	22	19	10	14	6	34	24	36	0	1	3	5	15	16	4	4	8	8	5	4	13	4	14	3	3	4	12	8	1	6	1	4	2	1	4	2	2	0	3	2	2	0	0	0	0	1	1	0	0	12	0	0	0	0	1	7	1	2	5	4	13	24	2	13	2	3	2	24	26	21	6	6	17	107	6	22	2	24	19	94	34	36	37	15	12	0	38	5	2	13	12	12	13	0	2	0	12	12	0	1	1	0	0	0	12	15	0	0	0	12	0	2	0	0	0	0	0	0	13	40	4	13	112	1	3	1	2	1	2	1	25	0	11	0	12	0	0	12	10	0	0	0	0	0	0	0	0	12	0	1	0	1	3	216	354	121	79	55	2	19	24	17	20	28	2777	3673	5043	1039	4	11	1	36	770	5824	5165	3643	37	5	10	3	2	4	37	25	3	6	102	5	113	8	7	8	4	0	4	5	8	4	4	5	2	2	15	0	2	2	3	3	1	2	5	0	4	2	3	8	4	6	8	2	3	2	3	5	3	2	16	4	3	23	7	6	2	3	4	4	19	10	4	4	14	2	0	6	0	0	1	0	2	5	13	26	142	129	64	51	175	175	621	181	130	629	251	348	252	336	116	0	0	1	12	96	211	14	0	125	71	0	1	0	12	0	0	0	0	0	0	0	0	0	0	0	0	0	12	0	0	0	3	0	0	0	0	0	10	0	0	1	0	0	11	0	1	0	3	1	0	12	2	1	0	1	1	1	11	0	0	0	0	0	24	0	1	1	0	0	1	1	0	0	1	1	1	0	0	0	2	0	0	3	1	0	16	14	1	24	12	0	2	0	0	1	24	35	2	0	0	3	0	1	0	0	0	12	1	0	1	0	0	0	1	0	1	2	2	0	12	0	0	0	0	0	0	0	3	0	0	0	0	0	0	0	10	0	1	0	0	1	0	0	0	0	4	0	0	0	0	0	10	0	0	1	0	2	11	0	0	0	0	0	0	0	0	1	0	0	12	0	0	0	0	0	0	0	0	0	0	0	0	0	0	12	1	0	0	263	409	443	731	137	3757	924	1	1332	4272	36	0	11	0	1	0	0	0	0	0	0	2	0	0	0	0	10	0	0	1	13	23	1	0	3	1	4	1	1	0	12	1	0	0	0	1	0	0	0	0	91	1	0	0	0	0	12	10	0	0	12	11	0	0	0	0	1	0	0	0	4	2	0	0	0	3	1	3	0	0	1	13	1	1	948	15	12	0	0	0	10	67	97	117	176	30	110	48	176	205	60	63	174	120	85	159	110	62	173	129	2604
9899	8429	7027	2592	1968	1880	3342	2089	2074	2306	1576	1170	1632	1620	1898	2124	1670	1840	1438	1072	1164	1236	1343	1236	1333	1379	1007	1267	1251	1116	1276	1827	907	810	1104	1583	910	1016	1011	988	1262	951	647	1533	1684	749	1346	1089	873	840	897	741	700	789	916	1097	914	868	807	781	770	628	964	1360	1529	1878	1507	1414	1937	2211	1955	1608	2075	5893	7077	2337	2026	2311	3330	3843	4224	3621	3806	3538	2211	2592	2726	6509	9584	9285	10218	11682	17044	13406	14412	9719	11590	11897	11928	8381	9387	11770	12217	10442	11303	11012	11442	11159	8139	2788	3246	2525	2484	2270	2564	2413	1432	1216	1522	1419	1066	848	978	903	1047	2231	4424	3188	1251	1509	1535	1136	1059	1055	1173	908	757	1106	1604	1146	1282	978	1462	1116	1082	968	1354	1305	1062	1038	1088	1665	1110	1218	1222	1399	1364	1229	1409	1787	1314	1257	2050	3086	2015	3171	1819	1701	1942	2030	2927	6810	5396	6139	6910	7679	6943	7663	7289	6532	3261	3260	4030	2425	2850	3418	4804	2460	3106	2530	5457	7819	7056	4276	10259	17301	21399	9642	4785	7040	1593	1177	2307	2025	2199	2085	1030	1293	5404	2170	873	1108	1027	2439	5897	1513	1655	1223	11242	10322	17641	4698	2123	3922	12441	9124	2984	9174	1678	888	1160	1076	1968	1106	1138	1027	917	5837	679	1043	3830	4273	1392	7042	838	1872	5905	6353	1058	5558	5231	10150	7289	1051	6850	1160	955	1796	1483	4102	2867	8995	2545	8533	13304	5202	2074	2778	2588	3010	4732	3825	3185	2476	3877	3511	5000	3663	2658	2528	1958	2431	2396	3344	1914	3017	3827	4993	3913	3899	2180	1912	1666	2294	2239	5366	4505	4456	2799	1293	2114	910	1624	1142	1027	857	1143	2742	2485	2564	2206	1335	959	756	2263	2068	2961	1839	8447	966	7699	2262	1722	13210	884	861	1206	969	4213	8417	1592	16567	3729	880	966	7621	4164	5672	5699	1125	1200	1021	1508	1706	1008	1542	2383	1736	1199	1685	2161	2338	2174	3799	2710	5228	4008	2353	3025	2764	5151	3759	3476	3119	4993	9911	2978	2660	2672	3009	2174	2780	2621	2198	3012	2194	1498	3289	2050	2167	1875	3001	2143	2175	1689	2484	2001	1785	2025	1535	1764	1644	1756	1717	1936	2158	2097	1559	2122	2535	1486	1655	7091	1120	1094	1163	1664	3227	4017	874	976	847	1147	1096	1069	1313	1314	1154	1132	978	1073	1453	1785	2181	1818	1209	1635	1188	1685	1556	1546	1468	1960	1098	1054	1095	2244	1337	607	700	632	1610	655	701	1022	728	884	930	811	1506	984	812	1149	1780	1518	1003	1191	1383	1023	1165	1126	1366	955	1278	1448	2216	2507	2958	2105	975	1905	1580	1486	1129	2153	1280	900	1009	818	953	910	1056	1369	1118	945	831	1006	894	1348	1052	925	752	1268	1065	1107	858	769	638	660	856	633	666	947	918	762	620	889	1929	2215	2063	2266	2140	1045	589	827	990	689	696	659	625	540	812	701	543	378	640	651	871	739	703	842	806	537	563	822	597	408	412	729	432	517	735	878	703	736	886	780	771	527	718	909	678	712	1022	1016	742	1327	924	923	795	836	964	1013	1022	2014	1314	701	665	802	718	706	685	707	774	844	608	586	787	924	767	793	589	699	664	7151	7309	743	947	552	631	1850	1676	3062	2324	609	763	799	726	800	600	810	800	641	617	790	672	764	997	1273	668	845	363	549	448	560	555	473	409	600	1007	673	587	428	494	520	482	1061	504	1130	529	1260	787	601	1025	1658	1134	423	635	1404	1321	583	1203	2561	580	1289	4462	6393	5151	4096	3125	6058	7391	7244	6116	9580	8218	4403	1989	3339	3667	4158	5566	5421	4904	2944	1082	1533	1652	1401	1465	1277	2043
23	78	182	15	178	147	94	41	2053	463	20	56	36	14	258	66	18	27	4	5	2	6	2	15	8	14	29	18	12	17	44	29	15	4	2	13	6	9	9	7	9	23	10	10	40	39	4	5	12	26	32	4	5	6	6	12	5	6	9	4	7	17	19	41	15	3	51	22	16	47	195	568	217	159	34	236	204	243	18	17	24	121	13	202	182	52	22	20	32	69	45	18	13	3	18	51	103	16	75	63	60	6	87	198	110	108	90	3	86	92	22	6	8	13	1	1	23	34	91	0	13	25	25	58	2	18	4	23	8	3	1	13	1	3	1	3	0	2	1	1	0	1	0	1	151	1	12	56	92	12	16	0	43	2	5	23	24	21	37	1	1	77	57	2	2	32	83	33	17	151	151	100	142	206	355	797	753	453	378	40	9	29	78	58	24	154	797	2115	1797	1753	66	38	234	336	491	341	391	213	1032	640	546	608	579	699	221	14	1	2	4	6	14	8	8	3	30	2	75	37	4	1	1	70	0	10	24	24	5	17	11	1	20	23	8	22	0	66	29	19	11	48	1	1	232	1	2	1	5	36	11	3	25	90	12	12	1	2	111	302	157	171	221	116	25	114	165	197	79	201	150	183	100	119	5	27	104	59	1138	620	90	29	67	232	104	66	51	187	55	45	20	6	452	1517	427	249	281	440	204	205	88	14	37	147	13	5	24	1	37	67	57	36	57	3	2	3	21	3	61	1	50	42	56	0	21	2	0	0	3	1	1	0	2	1	0	0	1	1	0	0	1	2	1	108	0	0	8	12	1	1	33	33	21	33	1	39	14	209	300	180	31	244	98	13	69	62	36	6	13	85	7	61	50	56	3	72	15	124	64	1094	76	83	148	69	218	592	1002	215	34	173	26	30	17	30	2	38	46	71	2	202	109	94	2	28	3	452	573	458	481	636	511	574	429	514	771	606	695	625	634	587	625	474	739	643	647	613	205	1	0	1	11	8	1	1	1	8	14	25	0	0	1	2	0	1	1	26	65	12	1	19	4	1	2	3	1	18	24	12	23	6	14	17	5	7	15	34	41	48	3	11	2	1	32	0	18	1	7	8	5	66	27	4	33	28	15	13	19	48	40	33	78	38	48	53	102	61	28	16	80	118	125	1	182	126	115	152	189	32	89	154	116	148	136	157	94	133	188	100	69	132	230	188	227	143	199	186	196	246	359	374	290	317	260	212	273	117	69	2	1	0	1	9	15	47	39	25	21	5	14	3	1	3	14	33	44	45	1	61	128	92	36	27	14	155	86	2	45	37	42	84	142	40	35	38	26	0	29	1	19	2	29	7	25	55	49	59	57	24	1	1	21	36	13	27	83	124	75	41	47	26	27	82	50	37	22	15	13	49	100	17	55	31	29	32	46	87	32	20	12	25	39	41	75	57	54	27	18	18	48	75	83	24	22	11	12	199	57	11	45	14	9	41	86	33	15	114	112	31	10	55	172	102	40	59	61	124	78	35	55	44	165	113	152	147	220	58	70	60	161	33	83	5	758	396
892	251	515	72	40	0	4	145	47	85	12	300	24	48	24	14	25	0	0	0	0	0	0	0	0	0	0	23	0	0	0	0	0	0	0	0	0	0	5	0	0	0	0	1	0	0	11	107	0	1	0	0	0	0	0	0	0	11	0	0	96	0	0	0	11	0	0	0	107	31	0	0	0	0	36	0	2037	2519	46	0	283	181	85	163	151	81	48	9	8	46	164	24	46	15	24	158	63	103	105	63	70	2	11	103	19	2	1	0	0	0	0	1	0	0	0	11	0	1	0	1	0	0	0	0	0	0	1	0	0	0	0	0	1	0	0	0	0	0	0	1	0	15	0	13	0	1	0	0	24	0	2	0	0	0	0	0	0	12	0	0	0	12	12	0	108	0	2	36	0	26	25	12	148	827	199	0	418	35	15	568	193	7	18	2	5	66	267	51	36	33	23	86	141	17	0	12	12	44	37	1	1	13	0	1	0	61	0	4	0	0	0	0	0	0	0	0	0	1	0	0	0	0	0	0	0	0	1	53	0	0	0	0	0	0	0	0	0	0	11	215	12	0	0	1	268	0	0	12	0	11	0	0	0	0	1	0	0	12	37	80	36	103	0	36	73	25	183	102	201	96	169	16	13	71	364	1458	2	5	49	1	14	12	2	38	360	0	0	71	32	36	1	36	1	12	32	60	112	248	12	0	11	28	11	37	0	0	0	0	0	1	0	0	0	1	0	0	0	0	0	0	0	0	0	0	0	0	0	0	0	0	0	0	1	0	0	85	0	0	0	0	0	0	0	0	0	0	0	0	0	0	0	0	22	0	0	5	0	4	48	82	57	4	1	132	0	0	106	63	1	0	144	18	71	105	34	6	10	91	277	0	0	37	36	711	1065	176	4	0	12	7	0	0	0	0	0	24	0	0	12	0	0	0	0	0	0	0	0	0	0	0	0	0	1	0	0	0	0	0	0	0	0	0	0	0	0	11	0	0	0	0	0	48	0	11	13	0	0	0	0	0	0	0	0	0	0	0	0	0	0	0	0	0	0	0	0	0	0	0	0	125	2	0	0	0	24	0	0	0	36	11	4	0	0	1	0	12	0	0	4	0	0	0	0	1	0	1	0	0	24	3373	0	0	0	0	1	1	0	28	0	0	0	0	0	0	0	0	0	0	0	0	0	0	0	0	0	0	0	0	0	0	0	0	0	0	0	0	0	12	0	0	0	1	0	0	0	0	0	1	0	0	0	0	0	0	0	0	0	12	0	0	0	0	0	0	0	12	0	0	0	0	0	0	0	0	0	0	0	0	0	1	0	0	0	10	0	0	0	0	0	0	0	1	0	0	1	0	0	0	0	0	0	1	0	0	1	1	0	0	0	72	0	12	0	408	216	0	0	0	0	0	0	0	0	0	0	1	0	0	0	0	1	11	0	12	11	11	0	0	0	0	0	0	0	0	0	0	1	0	0	0	12	0	1	0	25	24	24	12	125	12	161	35	1	61	11	145	107	0	12	0	64	0	186	149	260	13	24	73	0	132	612	24
691	277	561	381	863	2988	2654	2516	742	1286	504	387	491	266	321	263	386	903	255	338	192	237	381	1143	379	543	421	1566	3235	2000	333	3154	2809	595	276	748	1776	496	886	225	265	239	210	387	184	265	683	232	229	300	251	277	183	332	727	1760	789	217	125	72	163	252	310	150	495	337	317	608	393	340	264	223	262	309	334	380	311	542	1468	598	542	400	277	684	851	987	485	392	900	993	408	572	330	620	331	855	602	1270	655	889	1116	1301	690	296	458	679	766	1996	332	433	544	614	685	407	658	597	768	1534	3998	2379	485	844	4705	5847	838	444	548	447	380	334	336	408	1201	1286	1506	1488	1463	1444	676	528	833	351	397	609	1245	398	405	1020	618	735	1630	454	386	347	455	370	738	1696	1659	1960	2681	2697	1884	2026	1617	555	456	315	470	387	758	550	893	817	736	656	782	476	473	480	694	1312	1020	1337	830	361	549	308	212	521	772	396	534	653	875	766	451	445	706	420	1190	265	455	404	952	793	2589	1428	877	358	370	451	317	585	826	2099	2396	1958	1456	366	292	307	830	903	805	849	882	1056	901	815	947	1470	375	1716	2616	1916	331	594	818	501	397	695	594	497	542	642	503	388	403	347	485	697	288	867	300	397	600	4638	3096	443	896	973	1127	4508	1597	792	602	895	502	618	767	400	1045	902	3282	213	387	424	507	485	419	479	682	1818	1854	1597	2199	2081	2146	938	1690	3586	2342	574	746	599	568	335	526	187	469	387	602	1189	1736	3920	2796	685	434	598	300	183	261	694	656	820	1074	1313	911	760	841	992	1186	366	268	143	569	279	962	904	591	842	841	447	399	1295	2071	989	1298	510	624	495	501	658	615	693	803	1564	3448	974	785	902	761	1012	986	1570	864	849	621	789	604	680	2124	1041	831	1035	550	901	916	508	586	506	655	551	475	611	616	518	601	930	1280	517	497	608	897	1064	1103	1210	907	2460	2962	434	231	247	279	654	286	513	487	411	586	521	440	548	250	1108	320	281	207	336	466	500	412	2916	1106	630	441	292	273	217	797	1864	562	1333	936	252	286	128	301	288	198	349	484	1447	519	169	203	286	212	204	1085	624	334	220	251	287	181	159	221	333	382	359	300	341	483	297	398	583	822	1557	1087	2129	1737	854	727	842	874	2082	1249	1733	1572	1454	1562	1615	959	620	805	902	298	163	376	134	267	247	156	159	449	255	262	243	419	543	2128	705	524	2059	1178	675	580	481	189	121	131	156	114	412	289	788	314	547	475	491	672	648	670	323	281	228	323	417	488	367	309	268	343	238	177	170	215	385	503	167	178	235	252	293	243	367	192	234	113	125	160	151	476	140	235	79	305	164	300	172	276	260	538	355	220	361	1410	604	477	482	525	346	174	168	148	240	436	325	314	191	478	676	823	801	593	1423	1461	743	768	715	705	663	499	385	487	432	295	589	200	275	295	107	282	128	171	130	172	117	441	598	269	4717	725	193	1758	1501	130	128	500	211	221	88	415	278	1158	1112	216	265	191	320	946	1703	625	897	514	630	444	606	642	435	1207	285	390	323	339	268	264	555	312	270	361	329	747	211	358	501	1040	1140	715	413	590	678	569	421	607	517	438	571	851	242	431	594	652	843	3188	3626	570	886	1339	1662
4944	4304	5884	7221	7019	5487	4679	4338	5095	6995	6465	5110	4395	3335	3633	3718	4560	4708	4157	4242	5124	4598	4368	6762	6303	7905	7459	3715	3735	5296	4931	5557	4059	4092	3639	3634	3557	5210	6110	7764	8262	7732	6564	6919	6603	5635	5600	5589	6986	7043	5889	5624	5901	4611	4745	7071	6710	6146	6629	6649	5007	3692	4921	6278	4461	6263	7619	7960	4175	5738	3956	3273	3820	4494	3954	3432	2767	2541	3074	2694	2375	2471	2917	2974	2961	3344	3107	2808	3306	3340	3076	3705	3835	3785	4489	3966	4542	4774	4035	4820	4050	4490	4929	6371	7230	8432	7256	9041	9012	9718	9728	11325	12148	9964	10132	8077	7452	8510	9773	9053	9690	7753	5933	6263	8175	7346	7590	6634	6970	6456	4364	5602	4981	4494	4202	4568	4604	4936	7336	5790	6338	5748	5566	7221	5830	4677	4352	5595	5339	5186	3232	4404	3905	3622	3364	4039	3586	5001	4591	5613	4918	4836	4027	4275	3864	2874	2493	4125	4801	3290	2831	2095	4314	2740	4596	3396	4205	4312	4382	4600	4112	3037	3286	2142	1997	2670	3774	3510	3466	3027	3119	3247	2978	3136	3506	3315	4264	4851	4500	5768	7207	7285	8064	8582	6747	6205	6332	7875	7497	4935	4029	7095	6158	4726	4768	5701	5176	4682	3582	3986	5809	6873	7461	9810	8384	8799	6225	7371	6868	7579	7472	7717	6672	8019	7572	6736	7290	6812	7352	7104	5171	6118	5145	4636	3301	3386	3034	3415	2959	3447	4449	4751	3872	4185	4426	4392	6969	4189	6756	4676	4181	4111	1970	2577	6246	7217	6955	7735	4355	5034	4666	5015	4483	4922	5177	8117	7802	7611	7460	8634	10436	8938	7240	6840	6706	6572	7832	8640	7531	11446	6594	6608	8037	8330	8982	7356	7077	7439	6907	9560	10292	8803	9006	8718	12339	13898	14048	14053	14496	12558	9950	14632	9075	10124	9783	8723	8879	9781	8729	8311	9745	10319	9907	10808	10038	8728	7200	9452	11824	8839	8398	7396	6289	5789	6087	10357	5555	7909	7197	8055	5729	3199	3450	3497	4189	3242	4012	6017	5065	5330	4498	5105	4794	4973	3508	3563	2938	2903	2792	2747	1912	2306	2044	3875	2954	3743	4442	2265	2454	2462	2619	2641	2984	5606	6429	3862	3642	3969	5078	4808	4387	5295	4416	5125	4682	4633	5532	9247	5703	7026	6254	5256	5703	6455	5816	4078	3881	3376	4084	4484	4246	4529	4911	6351	5736	4023	7020	9965	8220	8810	10473	12173	12120	14504	14667	8087	7265	5683	5553	5609	6312	6363	5784	5936	7230	7356	5166	5473	5334	5574	5399	5121	4909	5080	6329	6399	5060	5612	5856	4369	5558	5107	5279	4521	6300	5091	5083	5861	4994	5127	2372	2297	2677	3198	2150	2706	3528	2689	3175	3108	2746	3586	3832	5581	7553	6249	7199	6042	7425	9283	7366	7531	8101	12007	11086	9972	8230	5793	4796	5940	5488	5714	8424	9170	8177	7776	7919	7633	8741	7362	8938	8511	7258	7234	7392	8909	9211	8759	8579	9042	9330	8176	6343	3391	3568	2918	3744	3387	3332	2076	2767	3487	4171	3549	2515	2135	3531	3693	2455	2648	2780	2584	1882	1495	1747	1396	1701	2258	1976	1900	3590	2340	1949	1732	1576	1854	2088	2473	1575	1591	1642	1860	1314	1345	1296	1351	1686	3525	3122	1620	1876	1591	1636	1984	1758	3192	2517	2832	2480	2279	1618	2057	2424	1779	1769	1968	2199	5376	5148	3907	4717	3784	3456	2995	2721	3467	3512	3614	2446	3041	2777	2496	2083	1476	1545	1999	1595	1738	1681	1850	1441	5001	4912	5477	7033	5934	5770	7397	6582	6051	7802	7198	6728	7836	7650	6873	6712	5666	6019	5621	4958	5616	5118	5852	6574	6303	5407	6304	7410	9441	10196	9311	7771	7295	7445	8721	9859	9488	9040	8469	7619	5041	4358	4616	5507	5681	5679	4728	6149	6142	6796	6800	5406	5000	3580	3615	3220	2761	3009	2541	2293	1893	2460	2038	2648	3801	4912	4652	4957	5546	5941	4503	5176	5342	7198	5027	7144	4875	4862	3359	5991	3767
620	653	795	1120	1233	826	497	430	818	849	780	1361	2126	609	542	699	709	538	602	702	626	937	640	741	1181	739	733	662	1050	621	787	463	487	430	514	350	388	733	638	474	607	791	638	283	528	749	2092	438	683	325	377	441	670	280	630	604	910	1037	894	488	452	389	1358	458	464	449	689	956	946	911	657	950	894	654	332	543	732	711	676	638	838	539	285	333	501	377	492	383	782	681	787	510	676	758	860	1305	1015	1079	1121	1124	1020	1037	1631	989	1209	1053	994	858	1352	1432	1292	1430	1448	1726	1416	702	918	611	622	675	555	593	900	465	442	679	603	554	449	447	619	759	624	708	828	543	466	525	617	714	523	564	453	673	660	838	821	1059	656	575	635	723	384	350	511	864	504	530	441	461	628	723	828	528	1124	1165	1168	1553	1619	1800	1646	1023	1212	1428	1296	1405	1231	899	1224	1090	1264	871	452	938	709	928	1038	893	698	1052	1609	1825	1182	975	963	913	731	767	848	1785	636	619	553	1014	1062	885	562	602	1262	1144	1988	1299	1519	1609	1722	2013	1390	807	1245	1004	665	668	645	599	730	817	1193	922	790	990	1268	1010	564	739	2832	1096	963	908	1205	1117	1166	608	749	666	843	879	838	432	549	517	955	592	812	888	902	735	876	1440	807	822	898	482	729	495	1135	686	862	637	666	648	794	834	789	1192	778	1113	820	891	563	874	930	1824	1646	1312	1004	1102	832	1031	659	737	977	839	818	1570	1497	1643	902	669	927	654	773	832	560	606	437	635	476	1886	863	643	881	709	380	769	608	706	2409	896	1373	1193	517	381	354	414	879	437	430	746	1138	1213	1183	1087	467	714	1272	1458	866	819	568	679	774	848	572	400	677	573	857	629	1121	513	1007	826	1094	993	946	931	762	650	811	849	1144	1046	836	1143	1027	1798	2917	2625	2447	923	962	976	1263	1055	985	861	1077	887	1163	1502	1111	882	973	996	1041	1253	1331	1193	1415	1595	1299	948	1082	1122	971	899	837	946	724	882	1426	3186	4100	4232	3992	4364	1382	717	791	1023	930	1013	887	1091	1330	1085	1167	1140	1071	1410	1434	1167	891	1227	1057	1519	1121	844	793	525	795	512	558	579	596	607	1088	975	597	679	729	712	819	1431	1939	1210	1116	1242	704	713	806	1022	1067	1021	565	620	986	762	831	829	1058	1433	1169	1411	1818	1195	2121	1346	1422	1883	1411	1439	1590	1953	1361	1275	1343	1339	888	1031	1317	1336	1174	1385	1380	984	1252	1211	974	1007	1417	1098	741	440	383	408	385	470	702	1258	959	792	1405	872	1038	686	689	707	530	777	608	734	673	637	699	768	660	867	557	543	684	621	791	702	844	695	683	793	773	755	822	861	788	908	720	562	771	727	1310	1659	699	679	921	555	769	718	651	702	300	277	427	342	472	390	376	322	231	398	378	311	655	1068	1128	1124	985	736	479	522	334	346	331	461	392	301	457	238	296	332	432	544	387	561	367	1265	478	535	781	626	490	336	768	920	514	321	1279	2326	1491	368	386	646	908	446	335	295	383	822	1584	1492	1569	521	568	366	376	595	1081	664	1129	1001	870	639	643	504	629	525	385	396	512	788	850	720	743	785	715	698	689	618	691	783	623	1317	1507	718	1096	680	754	805	881	771	617	562	588	897	1151	1139	887	800	1155	1517	828	2239	3364	2823	1759	703	685	573	679	437	822	904	943	628
18	195	103	71	96	145	67	391	192	51	40	183	200	181	221	469	138	69	38	69	48	42	238	116	104	57	79	66	20	18	40	39	239	96	149	45	74	368	2817	1330	70	406	336	90	31	120	34	116	76	342	1501	1634	1431	1413	1222	527	60	55	57	116	129	201	180	83	47	157	75	105	56	100	233	105	214	59	111	252	155	194	152	55	54	101	47	48	101	79	98	23	26	130	95	52	115	71	77	60	28	86	642	800	1057	718	807	902	716	819	789	783	888	941	705	770	740	542	73	60	71	64	42	58	55	88	44	76	33	33	32	29	62	36	55	92	42	65	30	126	90	161	155	79	104	212	45	97	213	79	167	235	55	70	52	310	307	117	735	921	511	226	344	89	140	109	104	194	178	538	452	224	379	412	472	204	392	240	175	121	242	206	72	213	118	154	182	48	150	148	100	74	141	169	111	92	60	91	65	438	334	128	155	88	140	40	92	287	128	90	67	84	152	37	245	140	115	80	43	102	106	99	195	332	175	294	86	98	108	154	123	163	63	183	44	54	64	31	137	185	216	499	336	132	164	293	146	94	160	73	232	54	157	153	117	144	169	196	199	561	187	40	98	78	198	218	278	648	585	545	408	182	88	112	58	60	86	220	106	107	100	257	183	183	204	127	146	109	195	186	754	533	146	650	594	505	578	501	450	796	610	441	508	488	1275	1285	901	900	1508	869	902	2855	956	452	143	739	237	697	508	582	390	210	274	242	223	256	307	330	276	307	378	215	315	522	432	537	521	371	446	538	385	444	455	191	1419	329	171	188	316	413	418	397	307	465	278	206	66	59	104	70	185	729	123	161	176	21	146	122	223	302	132	1810	8415	8274	1861	8406	5625	8021	8456	4744	7935	11356	8205	1802	4235	3777	2618	1745	1388	2646	3143	3150	3216	3236	3703	5367	4204	2399	2581	2068	3043	2823	2339	1320	2106	1349	1655	1542	1429	1879	1973	1627	1866	3642	3421	1740	1401	1697	1582	1813	2361	7078	3532	1435	2610	3089	2212	1006	919	1175	1179	1032	1727	2507	1031	1147	683	915	420	538	574	429	531	286	352	799	781	1323	1532	588	501	520	603	662	867	509	522	593	493	663	1374	836	611	626	1170	1632	2087	3681	4341	4274	4005	2239	1920	2443	2454	2488	1698	1948	2663	2489	887	1195	1130	1953	1850	1762	3417	2326	1696	1551	2456	1175	1304	1362	2241	2413	675	1539	2421	2270	1748	660	876	812	1627	2996	4461	1365	2632	3419	2129	1539	1440	1997	2078	1489	1836	823	1173	2188	2264	1564	1284	1489	772	988	829	874	1190	1108	1330	1050	591	526	803	973	1605	1676	1155	1375	1140	934	1124	1181	1328	1088	1165	1411	1563	1097	1279	1107	1115	1158	1292	1637	1828	1498	1418	1240	1746	2448	1377	2371	2800	2057	2469	2680	2173	1388	724	865	1614	2020	2420	2917	2817	2656	2078	1998	1190	1116	1819	791	1277	1191	1626	2009	3274	3542	3008	3310	2184	2119	2376	2083	1271	1983	2090	1751	2982	3791	2951	3433	4808	4208	1608	2483	767	991	1173	780	1281	2301	1931	2168	973	3612	1533	921	1042	916	1246	939	639	972	568	832	670	1282	706	2785	890	657	1253	1132	995	2372	2380	1404	3602	1237	980	1618	2563	2058	743	871	1198	1429	923	3509	817	621	1354	3446	3012	6098	4760	4139	3717	2104	1478	1093	1378	3190	1201	1570	1396	2593	4199	2054	2373	1268	1567	1451
646	589	1005	733	623	350	291	201	217	308	494	842	526	364	231	284	1679	1967	850	712	743	877	425	392	236	174	152	110	88	157	201	105	77	169	161	343	290	162	157	127	266	604	1192	122	122	218	94	104	165	265	462	463	229	194	187	239	107	107	41	366	37	36	87	129	196	113	64	103	182	482	329	498	264	336	293	206	422	390	290	461	600	759	564	558	368	216	140	87	95	170	267	166	133	236	307	219	290	470	523	315	304	199	118	189	316	226	269	169	312	299	356	247	381	2919	1513	418	224	388	3350	5283	5301	708	227	237	333	310	202	3142	2447	227	323	396	347	378	561	442	203	356	234	215	285	275	332	216	264	269	435	274	191	212	187	132	106	173	225	152	135	493	272	336	353	395	662	330	437	218	195	152	274	322	210	322	216	175	293	687	732	688	452	629	502	574	394	686	286	474	267	277	359	188	192	185	197	343	217	508	576	859	882	745	656	1119	1006	844	721	768	690	644	514	548	644	741	522	502	554	460	377	387	401	401	428	460	270	414	325	224	120	171	102	183	266	164	120	159	86	96	97	206	196	122	178	169	197	202	275	386	72	188	297	171	100	240	324	95	91	137	338	277	208	416	270	403	207	231	245	241	227	309	598	784	378	375	396	301	568	660	501	458	177	171	144	506	288	262	374	665	602	621	674	2293	3154	2465	211	268	353	261	298	429	1726	510	202	186	360	527	400	618	889	4435	4396	3733	4196	4168	4188	4031	4313	4277	4576	450	262	297	321	326	375	63	164	276	207	173	154	62	94	94	140	176	260	258	196	207	110	218	226	163	155	205	110	195	218	182	95	83	118	250	181	206	246	348	223	92	189	89	166	147	241	94	70	111	266	178	181	208	196	146	313	380	283	367	382	320	127	106	242	194	245	389	540	367	428	451	427	457	488	306	297	340	613	540	476	319	360	338	537	566	241	254	478	217	449	181	153	162	195	54	148	105	272	183	219	194	140	230	182	176	167	231	140	140	391	224	53	44	39	101	26	24	78	126	85	135	129	95	89	103	112	162	135	168	120	197	319	336	75	149	133	69	134	186	281	181	725	604	746	439	406	488	789	106	442	585	560	441	637	536	567	432	660	340	226	191	252	180	176	187	304	136	133	266	117	108	84	78	134	189	770	756	741	400	153	146	151	70	186	199	156	76	64	118	175	82	51	146	121	124	164	167	107	95	91	66	57	86	46	81	122	114	128	137	112	51	388	85	105	123	96	96	90	65	133	15	69	92	56	58	75	141	53	93	125	181	73	62	116	118	75	94	150	87	133	57	115	154	347	139	117	146	217	119	128	135	172	147	194	199	84	235	250	169	191	762	279	368	151	189	153	191	180	384	244	192	248	268	143	235	311	264	376	69	129	303	269	194	122	200	154	117	189	182	125	161	197	167	78	40	50	144	190	68	82	98	43	62	37	96	147	66	14	196	161	91	92	43	24	33	37	56	106	151	236	139	101	145	176	329	155	129	183	77	149	181	195	78	94	110	177	317	207	306	378	243	227	503	367	266	268	239	170	226	255	220	189	313	693	209
1	1	15	1	1	16	14	13	36	15	12	2	44	50	40	23	28	3	11	27	1	2	36	2	49	12	0	2	1	3	0	0	0	7	35	3	1	21	36	0	0	1	2	14	11	64	87	1	0	6	1	0	1	2	0	0	1	0	1	24	0	6	1	2	13	2	13	12	0	1	23	0	12	14	0	4	2	5	15	2	1	1	30	2	2	2	5	1	12	1	2	8	1	2	5	8	30	63	17	3	7	7	5	4	36	20	18	29	30	5	1	4	7	5	3	6	6	5	6	14	5	5	7	5	7	6	5	5	32	7	20	6	5	15	5	22	7	1	4	1	1	1	11	0	1	38	1	3	1	1	5	3	10	50	2	1	2	1	2	0	12	2	1	1	1	4	1	1	1	4	2	4	2	1	21	15	7	3	0	11	13	6	3	19	3	0	3	7	1	1	7	2	10	5	36	7	10	24	28	3	17	19	6	0	17	0	22	0	1	1	1	0	1	2	0	1	3	1	0	3	13	0	0	2	1	42	23	23	0	1	0	50	0	12	19	0	0	1	0	0	0	0	0	2	1	24	11	2	1	0	2	0	0	13	4	14	34	46	17	5	7	42	5	4	3	5	5	7	6	18	3	0	2	1	5	3	0	0	19	12	0	0	1	13	13	6	3	2	0	18	49	113	11	4	3	13	1	0	2	31	2	2	13	1	1	13	2	0	1	17	1	12	1	0	0	4	1	1	1	0	4	0	11	7	12	1	1	0	23	25	13	124	60	4	19	22	13	6	16	14	2	5	1	2	2	2	11	8	20	50	37	2	7	0	8	14	5	59	6	4	2	12	1	17	35	90	139	6	2	26	115	3	3	2	3	1	11	3	1	1	3	2	3	4	5	3	26	4	0	12	75	10	49	4	2	38	18	0	1	0	1	3	13	0	1	1	22	0	2	2	3	2	0	6	13	1	2	1	14	1	1	13	1	1	2	24	15	2	5	1	2	10	1	14	24	3	12	1	2	42	74	1	24	13	12	1	24	84	365	187	65	232	191	13	0	1	1	0	31	19	15	12	33	32	36	1	73	16	13	45	40	32	16	31	42	32	13	1	3	13	13	14	36	18	20	38	14	5	4	24	0	18	1	1	1	2	2	4	20	0	1	1	3	11	1	11	0	0	1	34	32	2	0	0	0	1	1	2	0	0	0	0	1	16	0	12	2	10	1	2	2	1	0	0	0	43	2	30	39	34	0	0	0	3	12	11	13	12	13	11	53	22	21	1	1	2	1	13	3	3	1	2	2	21	0	1	0	1	1	44	32	56	36	56	24	43	43	86	22	3	61	5	45	11	22	33	56	24	71	15	0	0	4	2	1	12	0	13	31	28	9	8	7	4	10	8	0	1	1	23	20	1	0	1	0	1	1	12	22	36	13	9	24	4	4	0	23	21	1	3	2	11	1	13	1	14	1	2	31	13	2	3	2	3	1	0	5	21	1	1	3	2	3	3	12	2	15	2	1	13	2	0	7	16	1	15	14	1	1	2	63	21
1111	1085	1196	1335	1173	1078	1503	2324	1453	1301	703	1243	1183	1000	903	934	947	1503	777	1096	1269	543	847	683	882	1388	986	1032	666	429	1129	698	311	341	337	712	547	351	619	474	466	1174	2633	2707	2705	1469	909	1059	996	870	882	1372	560	856	428	890	606	467	311	793	1448	694	471	218	616	474	707	708	660	2821	814	549	412	686	1168	1095	3724	2435	1686	1627	1362	1694	2207	2052	2366	2153	2345	2351	4322	2206	2513	2028	1999	2069	2157	2405	2155	1902	2301	3614	1015	746	491	999	2535	652	1339	2674	1111	1074	687	1370	2803	1844	614	901	772	738	1244	990	1073	1168	1665	1716	4041	3709	3657	3835	2267	913	593	920	3193	1242	576	1205	759	621	1354	1377	1058	823	786	980	1279	1009	1069	1063	1683	1693	1170	644	592	362	391	206	1259	306	1056	696	422	811	2929	1268	896	1070	815	893	1259	1509	1272	1279	528	519	1333	1059	604	442	1779	569	516	753	503	1466	722	805	451	365	549	688	995	843	796	811	825	671	1122	660	918	381	561	589	416	908	1424	1056	1712	1075	524	819	743	627	645	422	602	696	737	1401	1926	1374	949	1228	795	777	677	731	760	1163	656	523	905	2318	704	985	482	985	825	875	653	1703	1884	1571	2176	3048	619	648	1531	2179	1128	1977	1710	1038	444	792	956	2155	1197	1807	2186	1255	1166	922	887	958	1462	713	647	713	796	432	517	649	622	719	638	1943	1321	1306	1120	711	940	963	988	698	1009	610	954	1232	682	851	1119	968	909	1051	740	687	556	542	554	1110	883	634	815	599	322	1585	844	727	486	810	374	967	266	883	823	790	1063	891	1861	2441	2633	2748	2158	2463	2460	878	955	725	801	1062	1772	1881	1321	2063	2834	2568	3066	2101	2070	1403	1827	1226	1312	1285	1405	4612	1439	1402	1023	871	1006	1240	1151	1145	1254	2001	1345	1016	1243	974	1059	1143	1572	2119	2411	1630	1173	901	921	921	856	799	988	1245	1464	2011	3197	2977	3045	2131	2151	4653	5084	4654	4615	4022	5064	7301	5427	6005	6190	5967	6328	5225	6394	5675	6646	5616	4874	6865	6775	2653	4830	3810	2276	2070	3124	3052	2839	3124	2667	1345	1888	1813	2374	1695	1267	2480	4451	1578	1770	1792	1391	1392	1496	1324	1687	1530	1679	1723	1718	2215	2154	2178	3248	1436	1855	2172	2105	2322	2081	2666	2157	1893	1524	1094	966	986	871	1175	1112	920	1148	876	1198	973	936	890	997	1350	1936	2778	1787	1171	984	1509	1764	2050	1237	947	1160	976	981	1309	953	866	924	1032	1557	2036	1642	1179	1045	1026	722	514	186	261	393	267	265	444	472	622	207	186	201	130	474	637	491	123	356	321	152	717	1149	743	435	643	1065	670	684	562	658	1064	838	665	673	726	759	586	577	735	707	1032	678	909	1415	508	540	350	351	328	219	468	399	303	510	673	903	744	395	459	655	513	197	421	491	1523	3097	3142	2813	1666	288	428	723	667	332	137	259	279	199	164	370	204	224	188	275	554	348	1401	2234	2890	5682	1175	581	2247	2259	1277	1463	1168	1778	1207	1969	2668	3047	2187	345	254	159	459	358	271	175	146	305	333	522	1096	1259	1108	1077	1181	1321	1315	1170	2887	2667	3418	1230	1277	1290	1478	1478	1341	1651	1387	3490	1558	1658	1596	1226	954	1081	1020	2219	1695	928	1277	934	1670	1572	2091	1101	1149	901	398	477	322	463	289	525	631	413	707	1363	1268	1075	1117	920	1139	1085	954	999	502	1119	911	544	543	456	401	540	598	626	533	1470	1563	902	774	593	632
517	250	178	124	38	24	81	29	55	128	97	99	363	248	1835	350	1825	688	765	1604	898	185	247	223	177	177	150	126	228	115	164	89	202	269	369	185	2130	4438	2521	2156	2365	2106	582	143	89	71	46	64	26	113	76	80	148	140	130	211	59	165	66	121	79	129	127	52	457	132	123	121	95	71	110	123	263	344	201	266	230	168	94	213	233	211	91	104	160	174	114	211	166	247	209	182	241	169	376	283	326	115	561	1225	138	94	659	289	133	138	120	152	73	69	59	96	95	571	880	941	63	90	160	168	291	159	94	429	113	66	35	92	84	393	745	512	274	613	618	296	51	83	55	138	99	101	136	135	132	177	295	60	32	99	10	60	140	320	35	68	44	82	196	550	65	90	83	61	89	76	55	43	41	17	52	25	70	17	43	40	708	157	128	102	73	157	93	75	81	50	34	188	126	84	107	118	739	1987	1567	608	795	260	76	89	254	450	467	872	1139	890	308	530	531	84	78	737	476	56	55	162	991	140	36	812	132	50	18	32	125	21	227	290	81	82	69	221	203	33	118	50	203	467	201	54	84	33	55	16	327	30	30	37	78	18	28	35	5	6	11	11	246	31	34	468	44	71	48	73	376	213	105	20	14	12	23	9	36	130	199	324	221	122	232	210	170	190	345	1089	193	338	362	816	1286	778	614	778	425	1259	1408	733	905	698	990	530	250	205	366	1063	221	163	276	214	182	207	295	190	310	254	185	274	271	150	210	187	302	313	247	404	212	196	53	255	259	213	105	250	184	267	178	154	139	117	135	180	201	133	160	87	78	119	158	110	47	14	46	144	76	61	184	26	262	18	61	11	18	113	122	141	394	206	373	245	284	175	427	487	424	342	368	209	91	80	36	74	479	188	271	865	772	919	1195	56	94	267	1032	751	430	558	95	185	45	32	12	61	184	9	34	77	659	469	46	587	1265	437	341	275	327	145	77	118	36	77	141	91	96	186	85	98	76	80	35	66	105	157	54	17	53	287	295	203	184	241	199	78	161	89	275	165	42	52	28	20	88	177	183	88	147	79	104	291	387	243	345	361	218	379	350	407	294	121	232	305	239	224	287	256	295	481	320	258	113	245	174	200	112	116	63	124	46	11	68	152	139	605	454	384	170	189	242	203	180	256	306	270	253	212	311	694	356	86	55	98	150	168	1302	109	86	44	108	72	77	87	115	70	74	125	147	123	173	329	221	106	203	181	138	141	24	43	28	95	77	539	132	49	48	20	360	156	207	285	82	223	271	321	354	306	417	370	62	122	154	55	73	83	121	87	124	46	101	57	54	64	262	208	143	87	49	101	73	66	55	170	129	53	110	137	40	29	56	56	52	55	59	49	36	56	112	81	45	160	211	136	91	133	72	46	87	62	46	32	97	644	60	90	409	189	75	188	65	84	262	60	49	1	54	117	79	44	62	44	75	295	305	256	270	318	317	208	298	515	488	417	199	40	94	358	485	408	423	380	299	343	161	166	285	379	302	306	382	283	424	385	353	337	356	268	338	398	767	491	507	358	321	488	527	233
884	687	661	297	630	619	582	400	810	927	821	882	558	447	1312	637	328	429	241	291	334	867	1014	501	559	474	676	536	282	468	523	1799	2298	2153	2672	3093	1347	2453	1073	1111	1173	1013	1074	1085	879	427	474	421	456	566	798	421	420	561	645	275	392	502	513	791	707	1282	525	448	390	334	426	473	512	220	317	243	203	154	103	317	191	399	1021	452	338	1025	397	342	442	463	893	320	289	1010	594	428	464	308	1132	441	467	567	521	659	314	613	590	1142	719	1224	1817	1924	693	782	561	527	473	601	617	399	617	281	423	397	661	238	815	335	226	1090	328	394	306	251	175	363	244	154	243	309	144	111	226	241	320	368	415	531	1552	495	409	353	188	314	383	309	435	356	223	274	573	638	538	567	793	983	804	913	852	864	1521	1347	1375	1750	903	951	1115	1063	1244	1438	1187	1148	1405	2109	1440	1268	1038	1436	1282	1162	1277	1255	1091	317	499	728	515	840	970	1577	1681	2098	1693	1400	765	504	419	846	1352	1914	2692	1745	1596	965	375	581	2889	1156	535	617	504	1832	1158	440	226	645	292	341	451	242	180	391	748	286	558	723	358	226	185	176	111	290	504	234	250	267	378	353	511	453	1288	2060	2069	2170	1829	1352	772	1083	1147	689	1242	2320	1466	994	820	1162	1089	1033	1163	575	785	274	346	481	563	610	395	341	298	498	432	483	1867	1098	528	619	1081	524	611	1125	787	509	968	1356	547	674	566	761	2012	707	780	905	1157	1197	750	963	1018	1343	1014	659	1245	839	2058	1299	1050	1460	1788	2010	1815	683	649	533	522	507	768	592	666	766	445	356	384	588	421	489	770	928	783	844	788	986	915	893	611	874	891	1185	849	588	756	553	725	866	635	659	937	878	645	1079	712	819	1058	1025	757	678	773	661	1808	1005	668	469	566	598	546	769	841	1039	731	517	561	505	717	670	460	375	307	581	322	168	129	366	287	440	881	214	254	352	349	252	258	230	338	316	289	293	565	1268	752	959	585	660	351	506	1955	2322	3084	1498	373	520	511	609	653	510	578	441	468	1366	360	280	526	539	231	315	138	160	343	133	63	109	65	80	79	175	67	197	454	331	321	531	491	504	532	370	740	339	238	230	257	328	273	149	218	178	1079	1004	1347	1313	808	676	753	452	713	820	657	672	637	562	534	610	646	681	283	471	305	430	553	414	441	349	339	567	812	848	679	840	680	725	824	816	678	547	444	429	430	595	504	457	553	483	478	353	405	386	351	312	980	804	421	381	612	464	389	287	466	1105	456	306	579	350	453	510	421	727	786	477	454	548	381	418	1122	505	410	322	822	318	237	275	288	228	437	362	474	629	333	341	154	162	119	181	208	319	465	422	406	579	430	492	389	291	437	678	1038	563	2086	2758	2426	2747	2752	1850	417	375	660	455	317	326	500	305	338	459	386	675	771	667	428	122	867	1292	564	178	183	267	191	261	382	144	1623	416	172	1588	610	576	1537	1029	1960	521	822	279	367	298	244	269	343	211	455	677	300	311	221	406	323	446	675	672	509	734	390	283	273	359	256	383	295	313	482	355	478	1055	403	754	822	1133	1484	1139	1009	646	1291	1097	779	527	1281	387	355	606	664	843	1195	622	441	737	1274	486	511	1002	627	643	1852	723
0	0	0	0	0	0	0	0	0	0	0	0	0	0	0	0	0	0	0	0	0	0	0	0	0	0	0	0	0	0	0	0	0	0	0	0	0	0	0	0	0	0	0	0	0	0	0	0	0	0	0	0	0	0	0	0	0	0	0	0	0	0	0	0	0	0	0	0	0	0	0	0	0	0	0	0	0	0	0	0	0	0	0	0	0	0	0	0	0	0	0	0	0	0	0	0	0	0	0	0	0	0	0	0	0	0	0	0	0	0	0	0	0	0	0	0	0	0	0	0	0	0	0	0	0	0	0	0	0	0	0	0	0	0	0	0	0	0	0	0	0	0	0	0	0	0	0	0	0	0	0	0	0	0	0	0	0	0	0	0	0	0	0	0	0	0	0	0	0	0	0	0	0	0	0	0	0	0	0	0	0	0	0	0	0	0	0	0	0	0	0	0	0	0	0	0	0	0	0	0	0	0	0	0	0	0	0	0	0	0	0	0	0	0	0	0	0	0	0	0	0	0	0	0	0	0	0	0	0	0	0	0	0	0	0	0	0	0	0	0	0	0	0	0	0	0	0	0	0	0	0	0	0	0	0	0	0	0	0	0	0	0	0	0	0	0	0	0	0	0	0	0	0	0	0	0	0	0	0	0	0	0	0	0	0	0	0	0	0	0	0	0	0	0	0	0	0	0	0	0	0	0	0	0	0	0	0	0	0	0	0	0	0	0	0	0	0	0	0	0	0	0	0	0	0	0	0	0	0	0	0	0	0	0	0	0	0	0	0	0	0	0	0	0	0	0	0	0	0	0	0	0	0	0	0	0	0	0	0	0	0	0	0	0	0	0	0	0	0	0	0	0	0	0	0	0	0	0	0	0	0	0	0	0	0	0	0	0	0	0	0	0	0	0	0	0	0	0	0	0	0	0	0	0	0	0	0	0	0	0	0	0	0	0	0	0	0	0	0	0	0	0	0	0	0	0	0	0	0	0	0	0	0	0	0	0	0	0	0	0	0	0	0	0	0	0	0	0	0	0	0	0	0	0	0	0	0	0	0	0	0	0	0	0	0	0	0	0	0	0	0	0	0	0	0	0	0	0	0	0	0	0	0	0	0	0	0	0	0	0	0	0	0	0	0	0	0	0	0	0	0	0	0	0	0	0	0	0	0	0	0	0	0	0	0	0	0	0	0	0	0	0	0	0	0	0	0	0	0	0	0	0	0	0	0	0	0	0	0	0	0	0	0	0	0	0	0	0	0	0	0	0	0	0	0	0	0	0	0	0	0	0	0	0	0	0	0	0	0	0	0	0	0	0	0	0	0	0	0	0	0	0	0	0	0	0	0	0	0	0	0	0	0	0	0	0	0	0	0	0	0	0	0	0	0	0	0	0	0	0	0	0	0	0	0	0	0	0	0	0	0	0	0	0	0	0	0	0	0	0	0	0	0	0	0	0	0	0	0	0	0	0	0	0	0	0	0	0	0	0	0	0	0	0	0	0	0	0	0	0	0	0	0	0	0	0	0	0	0	0	0	0
791	413	482	508	1106	1452	1428	1026	1126	1161	1271	1164	2372	2215	2468	2395	2491	1131	1307	924	1294	1377	1261	691	908	1230	1042	796	787	979	767	1009	976	1002	544	415	497	421	536	526	766	823	586	487	1118	628	888	1121	676	1112	984	1411	1110	797	812	1075	748	548	375	484	520	584	1108	999	926	805	1268	628	527	1630	1024	655	620	761	659	910	962	863	742	761	544	580	689	790	697	639	733	983	1161	914	1382	1164	1143	1634	1539	1687	1220	1783	1787	2072	1813	1971	2129	2107	1433	1764	1735	1049	1264	1404	1295	1449	841	1029	1065	867	1132	1238	1257	1052	1333	1121	1468	1734	1651	1168	1211	1170	1252	1883	1738	1094	982	858	882	1265	2563	1958	1285	1015	897	878	1320	1149	1183	1440	1177	1210	1120	1186	2301	2567	2663	2984	2343	1115	1042	1149	813	952	1210	1010	971	909	1127	1228	1134	1354	1260	1212	1424	1072	1122	1307	902	1384	1128	1212	1126	1256	1431	1069	1235	1432	1772	1201	928	1330	1084	1168	1253	1134	1155	841	714	828	532	496	959	709	757	548	764	550	1370	717	1155	1049	1250	1209	1356	900	842	844	1662	1134	1198	1067	1144	1042	1252	1129	1075	1123	1239	1189	979	1422	1236	1122	1022	1193	1291	954	997	922	878	1229	1574	1442	1504	998	924	1049	1361	1526	2821	2019	1929	1725	2094	1168	1120	971	882	904	909	1424	962	1707	1212	1051	748	1133	1154	846	1264	1127	1134	1210	900	991	1210	955	765	957	587	785	627	876	953	1804	1535	1963	1844	1634	1347	967	537	588	576	588	858	777	787	806	789	1132	1022	842	987	953	1571	1831	1650	2060	1979	3297	1975	1976	1176	759	893	1717	982	877	856	894	1168	1181	1021	1695	1633	1867	2027	1506	1568	1344	1233	1164	1129	795	597	587	722	438	691	923	717	1256	1219	1007	1347	1459	1383	1115	1638	708	635	548	498	619	847	949	861	892	1387	1043	1478	1035	1075	1164	1643	1165	927	899	1783	1032	1076	894	865	653	696	913	927	1152	792	1170	873	914	1161	1454	1173	1798	1452	1213	974	773	823	835	1233	1061	1037	887	631	514	806	562	1194	893	881	840	606	503	651	607	769	787	868	975	754	650	590	555	624	647	400	434	370	746	732	1668	2035	2243	3308	2158	1909	1298	1150	1303	1323	1670	1465	1135	848	838	1155	1206	1033	1051	896	875	1318	1821	1840	1973	1220	1093	964	779	592	1137	1146	1698	1320	2162	2253	1430	1489	1264	1609	1160	1211	1771	1582	1045	1705	1042	1006	990	1207	1302	1090	1406	3434	1509	671	821	785	839	1007	955	1329	1260	1153	1079	1166	1243	747	773	919	814	807	882	763	812	678	899	473	536	539	657	851	533	898	966	705	838	544	522	619	760	681	687	1143	788	829	906	1025	994	1487	1026	1164	984	1012	944	993	599	619	707	1000	1065	822	778	593	780	919	1385	874	1276	943	1574	2289	1123	968	905	690	440	631	543	435	758	834	399	463	517	381	480	371	374	461	503	686	498	613	463	534	441	629	770	571	499	538	607	557	551	553	516	539	802	869	776	733	650	525	704	831	463	476	445	358	667	716	1001	738	832	1021	838	1168	1509	1034	663	855	890	1004	825	854	907	766	757	1073	826	822	955	1314	748	792	739	548	842	639	626	396	726	545	516	504	695	820	328	480	602	375	238	305	807	1002	801	550	846	717	727	716	778	606	758	994	666	710	932	719	1104	652	557	677	770	650	575	711	881	798	699	826	802	889	906	848	915	1039	747	1977	1394
4723	4486	5703	7975	7208	5448	2764	4719	6760	7236	5330	5199	6284	6958	5213	6968	5151	4343	3472	7720	6829	9871	4180	3813	8936	10319	9640	9244	12103	11134	11501	6131	4700	3763	4178	4436	3863	3874	5551	4811	5068	2986	4322	5589	5089	4224	4506	3575	3511	3450	3124	3271	3074	3175	3945	3573	3219	3620	3957	5051	4372	5397	3916	3891	3895	3661	4203	4638	4351	3111	1830	1853	1695	1624	1488	984	1640	2040	1713	1746	2926	2341	1990	4740	1928	2219	2854	1472	1382	1707	1701	1802	2239	2624	3297	4309	4002	3785	4732	5835	5397	6060	6779	5444	7908	7325	8269	9105	10207	8769	8691	9560	12633	22825	11993	8263	8507	8651	7360	8762	6844	5702	6507	5761	5963	7721	5866	6104	5930	6702	5642	4160	7988	8207	6270	4584	5513	5065	5092	3975	5746	6172	7452	6043	5236	2891	4511	3989	2775	3092	2879	2228	2007	1925	1366	2692	4544	4844	2678	2473	2039	2938	4541	4937	3766	2335	3384	3561	3977	5813	5749	5383	7096	3535	6882	9125	6803	5330	5613	5264	5747	6614	6284	6944	5152	4762	4900	11484	7647	6994	6893	10530	10723	11936	10969	11958	11911	12578	12234	9552	8583	7718	7234	8980	9773	9169	7428	7090	8075	7360	8070	7187	4433	4487	8972	6148	9663	12573	13360	12478	8915	6390	6799	4440	3849	4910	7235	10570	4441	5309	5262	5282	5116	6298	4517	8116	7422	5318	4427	3732	4636	6227	6643	4568	3125	4860	7208	5596	5055	5827	4565	4424	3779	6522	4751	3086	5641	6288	4402	4382	5193	6724	5414	3623	6225	2899	2978	3643	2941	2788	4298	3205	4063	3547	6203	2607	2783	3347	3626	3425	7105	4013	3324	4187	3212	3771	5323	9335	8952	8994	9915	9670	6514	6556	6296	4414	7203	7615	7063	9500	6523	9250	9583	7840	9280	9652	8897	8447	6847	8350	6646	5935	5057	5731	5185	5761	6817	7430	6256	3262	4381	3703	2773	4083	4175	4031	5036	5431	6913	6641	7154	4795	4592	5482	5457	5055	4486	5141	3336	3891	7834	3805	3207	2936	4523	6547	4608	3328	5710	3588	3926	5192	3107	1941	2771	4072	3699	3138	3746	2587	1477	2036	2815	2597	7513	7478	4817	5176	3488	4062	5551	2854	2544	2614	2236	2192	2418	2956	3803	6439	2592	5983	8853	4803	4072	5859	5037	4484	4472	5595	4737	4269	5199	4077	4136	4818	5319	5986	6173	6817	5163	3690	3737	4511	6170	6351	6891	5145	4492	4449	5211	4968	4164	3669	3590	4610	4490	5138	5850	5908	4025	3334	6657	5207	5180	6123	5693	4206	3850	4820	2274	1786	1464	3586	5128	1998	4466	2453	2508	1515	1817	2759	3384	5240	9390	4247	4578	5914	5643	4131	3731	4388	3459	3085	4709	3572	4211	4400	4175	3484	4360	4477	5353	4719	3420	3806	6182	5527	5949	6168	5151	4516	4760	7028	3998	6202	5294	6550	7301	4308	2465	2844	3614	3783	4361	3867	5827	3863	2514	3584	3301	3381	2672	2033	2785	2970	5328	2587	3324	7492	4173	2716	2875	3690	2989	2453	2404	2276	3025	3176	8004	2840	2758	2527	2825	4341	3232	2484	3051	3966	3692	4138	2473	2267	2171	2062	2605	3408	2201	1708	2706	2560	4504	2675	1614	2270	3482	5573	3654	3396	5820	3380	5704	4526	4896	4758	4657	5315	5220	6770	4960	4578	3742	4107	3409	3405	3065	3298	1612	2145	3978	2275	1618	3946	2504	2224	2068	3223	3569	3431	2930	3271	3909	4659	3280	3296	3404	4251	3092	3535	3971	3504	4423	3792	2397	2145	1600	1885	1810	2909	3465	4202	3556	3712	2420	2327	2795	2196	3317	2330	6134	4998	3091	3131	2540	2603	2855	2758	3020	2790	2811	3544	2797	2939	3714	4962	5700	6514	6351	6247	5288	4057	5106	6538	8022	5930	4740	3812	3742	3201	3208	2484	3169	4780	5033	5365	6068	4859	5369	5997	4814	4880	5215	4044	5270	5239	5241	4246	2690	3218	4122	3770	5609	4695	5460	5926	4385	3665	5136	5092	6712	5327	4512	4367	4915	4950	8376	5369	6244	4487	8310	6883
0	0	0	0	0	0	0	22	0	0	35	25	1	4	2	3	0	1	0	0	1	0	0	0	0	1	0	0	1	0	0	0	0	0	0	1	0	0	0	1	0	0	0	0	11	0	0	0	0	0	0	1	0	1	1	0	1	12	1	0	1	0	0	0	0	0	0	0	0	0	0	1	2	1	3	1	0	2	2	0	0	0	1	0	1	1	2	5	0	0	0	20	54	23	0	1	0	3	4	0	2	1	1	1	2	3	3	2	5	5	3	3	5	1	0	4	2	1	2	1	1	0	0	0	1	1	0	0	1	2	2	2	3	1	2	6	2	0	4	4	0	3	2	2	1	3	2	1	5	0	2	2	2	14	2	1	0	0	5	1	1	0	1	1	0	0	1	1	1	0	0	1	1	1	0	0	1	0	1	0	0	0	1	0	0	0	20	12	11	1	1	1	0	0	2	0	0	2	1	4	1	25	12	2	0	2	3	2	0	0	1	1	14	0	0	2	2	1	0	0	2	0	0	0	2	1	1	2	1	0	5	1	0	1	0	1	1	1	0	3	0	0	0	0	1	0	1	2	1	2	0	0	1	0	2	0	0	0	45	68	22	1	0	2	0	1	0	1	2	170	2	3	1	2	0	0	1	1	0	0	0	0	0	1	2	0	84	2	1	0	4	1	0	1	12	0	1	2	1	4	4	14	5	4	1	2	2	1	0	1	1	0	0	0	0	0	0	1	0	1	2	9	2	1	1	2	0	2	0	0	0	1	1	1	0	0	2	1	0	1	0	0	1	1184	0	2	0	1	0	1	0	2	0	2	0	0	2	3	12	105	0	0	1	0	2	2	1	38	87	2	0	20	1	1	0	2	0	13	0	0	1	0	0	0	1	1	1	0	1	0	1	0	0	7	6	2	0	7	2	2	0	2	0	0	0	0	1	0	0	0	1	0	0	0	0	0	0	0	0	0	0	0	0	0	0	0	1	1	0	0	0	0	0	0	0	1	0	0	0	0	1	0	1	0	0	0	0	0	0	0	0	0	0	0	0	0	0	0	5	0	0	0	1	1	0	1	0	30	1	1	0	0	0	0	0	0	0	0	0	0	0	0	0	0	0	0	0	0	0	2	0	17	93	0	2	2	0	0	0	0	0	1	0	0	1	0	0	1	1	0	0	0	0	0	0	0	0	1	0	0	0	0	1	0	5	0	0	0	0	0	0	0	0	0	0	0	0	0	0	0	0	0	0	0	0	0	0	0	1	0	0	0	0	1	0	0	0	0	0	1	2	0	0	0	0	1	1	0	2	0	0	0	1	0	0	0	0	0	0	0	1	0	0	0	0	0	2	0	4	0	7	2	0	1	0	0	0	0	0	0	0	0	0	0	0	0	0	0	0	0	0	0	0	0	0	0	0	0	0	0	2	2	0	0	0	0	0	0	1	0	0	1	0	0	0	0	1	0	0	0	2593	0	0	1	1	0	0	0	0	0	0	0	0	0	1	0	1	1	0	0	32	11	10	1	0	2	1	0	0	1	2	1
165	96	333	122	147	141	150	417	335	183	245	273	160	255	245	210	320	244	262	161	138	74	207	266	75	175	132	112	193	140	92	67	85	169	74	120	163	166	167	170	187	96	273	149	163	122	157	140	122	110	89	111	91	134	58	98	96	112	65	59	119	44	213	146	72	203	299	484	159	102	170	113	109	134	137	84	136	102	76	87	90	103	109	104	120	178	211	341	81	110	93	653	927	965	711	461	1044	532	696	788	957	875	1198	1484	1026	977	970	1278	210	191	135	65	110	351	208	315	752	476	386	489	411	283	128	149	261	452	392	190	222	384	144	193	188	115	240	119	89	290	645	1288	722	464	637	650	1063	554	194	503	615	488	278	193	53	135	85	83	131	195	139	209	116	139	153	636	313	243	496	803	527	569	468	307	332	161	347	233	473	183	315	452	638	279	170	264	357	214	332	276	344	310	429	432	506	419	363	373	368	294	263	407	146	134	173	633	699	125	329	188	562	437	125	402	166	190	296	131	308	301	240	322	188	146	183	190	596	618	544	982	436	423	282	442	383	712	543	594	566	733	671	665	1122	1186	984	1121	766	1033	826	583	366	800	624	817	419	442	281	370	374	889	579	695	581	294	593	357	882	468	379	140	207	185	130	283	730	856	810	708	754	564	917	585	1085	718	775	856	891	708	986	1029	529	189	157	150	134	471	408	211	230	298	177	157	116	247	287	208	233	354	321	173	347	276	97	92	146	302	296	231	182	269	143	105	248	264	97	264	121	160	97	100	131	318	421	497	487	202	208	599	356	492	146	300	317	183	305	72	457	612	767	540	129	72	91	117	148	164	116	227	84	106	122	99	236	446	115	87	89	99	112	116	100	134	148	138	115	128	120	107	102	152	184	183	225	201	285	99	138	112	106	265	86	142	103	91	155	159	116	64	126	278	206	498	112	115	180	328	227	218	181	171	109	142	533	95	130	147	170	132	234	158	113	139	174	182	220	163	217	300	227	359	158	104	133	117	91	116	139	117	487	196	75	104	79	47	116	188	983	114	109	182	94	153	148	201	70	149	124	109	84	151	516	509	416	677	673	488	876	287	858	1322	545	559	664	418	436	409	562	369	353	185	85	481	69	92	185	91	114	1059	132	159	300	146	120	65	86	115	153	82	81	198	138	184	114	99	145	81	120	117	114	105	143	95	123	86	98	98	174	68	95	124	143	97	110	120	118	92	216	99	142	59	169	89	166	113	157	159	56	103	52	79	138	168	149	142	210	188	168	179	303	221	202	113	633	1222	192	114	148	154	118	280	155	283	238	221	234	168	149	175	203	169	152	96	211	139	378	130	111	234	124	129	141	68	84	332	175	105	248	142	313	102	122	159	281	172	234	472	212	147	205	235	194	157	264	230	556	435	134	134	149	121	134	132	160	231	105	139	110	344	118	185	2882	3505	93	111	140	169	323	174	345	112	58	95	45	69	94	97	141	112	107	95	168	72	221	164	251	287	202	235	201	476	146	352	269	499	206	262	214	132	110	221	97	256	331	218	124	113	123	229	229	291	186	216	245	373
152	30	37	289	121	30	86	44	64	57	55	55	40	23	26	39	194	243	243	59	43	13	10	32	30	53	19	94	262	377	187	248	232	315	328	93	15	14	16	53	58	62	95	230	743	21	93	137	64	346	131	174	105	44	35	23	19	57	1113	1313	1130	342	24	77	24	48	32	542	84	525	170	62	139	167	138	99	108	73	66	87	94	121	45	52	49	56	68	55	67	60	84	166	72	109	72	37	95	30	53	321	23	241	418	284	141	34	42	46	80	55	136	176	69	24	186	1508	327	290	295	226	228	94	344	54	81	34	35	81	150	53	129	341	375	260	113	121	249	224	268	229	228	396	242	142	145	193	123	71	64	224	180	184	109	160	69	110	102	555	679	628	825	859	676	911	865	987	536	642	434	250	400	138	138	247	348	333	252	385	378	261	638	335	579	444	182	281	241	243	309	192	163	222	185	154	86	39	79	42	62	61	54	52	23	33	55	36	48	64	55	23	36	58	85	214	149	57	75	37	47	31	29	40	160	75	96	130	327	107	137	59	67	105	87	94	140	179	139	133	149	78	48	45	43	138	1307	2282	2722	385	142	202	109	110	262	143	206	72	34	101	113	79	70	63	124	90	105	82	82	150	90	93	97	30	106	41	26	212	137	95	90	85	71	35	223	315	232	629	288	393	646	559	649	480	69	133	105	200	195	166	384	86	113	350	294	228	397	378	309	265	379	284	979	1504	266	434	478	529	67	178	283	584	224	291	299	325	182	134	155	226	355	169	133	100	147	85	76	92	77	115	147	112	122	147	266	123	157	129	170	515	138	77	53	33	18	83	45	25	66	81	68	95	73	52	57	40	102	121	36	85	126	84	80	65	86	63	22	91	42	27	51	129	228	154	142	211	230	159	123	171	153	126	20	38	79	63	174	197	189	503	157	167	144	259	163	195	191	169	236	85	56	27	154	120	223	167	78	49	14	20	38	97	73	8	22	11	40	47	92	45	41	29	15	23	101	31	31	46	45	37	53	24	40	84	19	5	19	22	36	7	567	1749	1980	1211	9	14	46	38	39	34	174	163	151	302	114	94	63	40	93	28	26	85	126	54	90	48	168	163	116	66	49	123	122	23	104	136	75	65	93	69	46	50	40	79	34	15	14	14	16	39	96	97	59	14	150	143	54	43	58	46	31	30	13	23	48	39	72	6	8	16	31	122	104	56	129	220	61	75	65	69	119	88	29	108	82	44	64	73	123	135	194	151	42	69	121	41	86	96	51	83	91	11	33	45	109	129	40	46	84	103	19	22	16	44	16	100	70	49	57	20	32	160	71	29	36	68	79	63	49	46	7	9	30	9	22	3	15	18	2	22	3	6	4	10	12	11	3	11	17	20	6	12	27	17	15	34	24	36	63	304	436	60	57	84	131	370	579	130	63	70	81	12	20	14	10	46	65	112	53	41	57	37	59	120	21	30	27	41	145	276	169	174	151	142	65	47	104	50	99	112	197	88	67	147	139	85	86	77	101	100	190	92	85	125	126	35	58	124	80	31	33	40	49	66
157	224	153	406	380	362	399	409	620	270	173	1154	822	754	232	225	346	263	131	408	826	1719	1823	1682	1717	1676	2095	2196	2388	1824	2106	2219	2003	2330	2197	2287	1340	489	591	237	279	397	589	194	154	103	578	853	305	626	202	147	210	147	575	219	217	282	499	240	264	212	308	118	234	324	499	639	638	620	521	737	255	287	199	357	259	272	229	226	331	210	257	366	263	279	222	304	226	255	518	324	564	449	561	1103	783	554	498	982	733	886	893	845	861	838	1160	855	837	983	1408	694	588	600	692	581	628	574	730	943	536	647	1000	690	659	549	405	572	439	432	305	485	339	565	347	187	466	651	581	472	329	644	174	239	369	161	282	213	269	440	337	205	141	85	70	81	164	730	157	212	343	433	218	506	310	399	509	338	479	405	405	489	523	573	906	1267	727	614	438	571	441	535	623	487	689	503	645	858	804	1120	1186	444	583	658	671	862	818	964	949	830	609	587	770	1798	635	1291	1262	1222	1567	1263	1286	887	836	1204	1274	1074	1196	1277	1182	853	1042	1041	1333	1329	1039	1109	1438	1363	1155	1156	1231	1329	1489	1737	1523	1470	1320	1474	753	415	433	548	490	606	581	349	627	388	160	181	203	277	774	1083	678	533	666	973	1078	922	1154	1371	1200	956	1545	1389	1612	983	1352	945	1211	1123	1138	1144	1238	1556	1060	1081	1355	1109	924	590	614	409	406	475	683	657	725	467	528	699	511	526	962	1128	946	671	725	1599	681	873	773	1171	717	718	595	776	587	694	361	301	335	687	928	509	545	422	203	442	298	134	240	576	220	196	290	251	315	235	332	587	776	342	332	475	274	212	335	264	299	171	308	578	778	438	490	552	333	304	306	406	819	373	256	412	259	419	438	396	882	5279	250	204	412	558	684	492	545	307	325	187	94	248	227	344	353	427	369	278	460	463	275	908	669	279	333	463	601	419	508	474	403	515	346	1566	646	450	221	355	386	216	253	266	156	242	173	525	458	331	179	187	154	179	292	1092	438	330	173	137	352	401	334	377	279	164	160	316	178	321	579	518	86	140	258	323	208	233	106	159	216	231	214	67	222	41	149	176	115	233	118	215	474	362	638	622	121	121	482	332	877	874	973	876	1004	790	385	362	432	480	542	533	636	766	697	727	342	310	322	309	238	353	136	259	225	210	208	359	223	176	330	789	464	375	608	661	682	486	716	602	483	533	375	482	567	425	279	294	443	761	518	789	504	662	744	391	335	147	125	269	184	492	243	362	182	313	431	391	463	631	330	434	576	460	519	518	562	605	401	480	979	698	511	370	515	306	283	458	363	490	475	548	648	545	723	724	1131	760	379	358	300	634	484	574	485	651	722	806	809	939	759	515	867	936	434	291	309	232	506	341	180	129	98	230	166	412	218	749	141	274	144	105	247	171	211	182	141	225	141	207	173	316	95	147	104	120	64	483	86	65	44	53	47	54	879	824	305	195	117	79	180	141	195	244	49	133	123	107	301	237	243	214	698	440	379	626	314	764	586	521	459	269	140	114	283	244	651	187	237	280	192	318	338	281	288	297	151	286	294	256	390	360	254	189	408	217	288	273	346	498	551	278
4760	4765	3982	4258	7189	7138	5207	6716	10835	8452	5899	5379	5529	5054	5723	8702	4017	5096	3139	11012	12519	5305	4929	4205	5125	3899	3876	7650	9285	6851	7046	6110	4861	5839	6669	7280	6341	5216	3078	3486	2991	2739	4158	3595	3840	2828	2813	3711	5367	4747	3830	2502	3487	2759	1766	2291	3648	6067	3959	4075	4226	5598	6233	5531	6492	8461	7121	5816	4446	5418	4261	3968	2998	2394	2589	2180	7171	4897	3394	3474	3365	3615	3812	3983	3386	4095	3097	2971	2943	2838	3347	3242	5646	4855	4512	6045	6166	4580	5387	7431	5902	5644	5356	8218	8436	7933	8678	6483	4424	3920	4046	4269	4107	4011	3637	5004	5759	6778	6100	8328	7743	7434	6092	4542	6356	8131	5711	6427	7273	8079	4432	4663	7877	8888	10364	6701	8055	6633	6506	7186	6434	7783	9115	6542	6667	5815	5393	5358	7939	8606	8031	8883	12249	7101	6976	7471	8661	7034	5040	3453	5278	4178	7526	8955	8864	9354	9243	10510	10784	11186	11792	10942	11693	11762	11861	11817	11859	9019	6562	6451	7387	5748	5761	4897	6033	6556	6771	9266	9742	8494	7691	7639	8002	10025	7508	7175	6130	6432	5763	6273	8678	7307	6796	7674	8904	5862	6111	6396	5365	5016	5671	5560	5505	6454	6859	6580	6465	5547	6091	6062	10935	6840	4355	4789	3829	3971	4245	5465	4236	5123	4547	5584	6050	6064	6849	7217	8244	7761	7779	5875	8025	8625	7027	4601	3127	3357	4130	4474	6200	7107	6174	5878	5104	5897	6171	6684	7041	7526	7703	8173	8685	7120	7043	8304	8292	8008	9034	8996	11476	10083	10037	9285	8532	8276	8241	9962	9370	9775	9057	10250	9597	7574	8360	7635	8049	12315	9305	6619	7206	6016	8376	8455	7992	7868	7702	9263	8976	9124	8942	10059	10171	9074	8787	8856	9103	8672	10819	11910	11494	10167	8440	5679	5692	7902	9613	8879	8633	11541	11974	12552	11703	11072	9988	8737	11657	9626	10193	10039	8160	7135	8164	10228	9253	7457	9202	9705	7906	9063	8108	7339	6520	5054	4261	3333	4331	4583	4641	3981	3979	5085	5200	6646	6784	6462	4265	5056	5668	7593	7382	6928	9522	7990	7620	6873	7579	5579	5219	5525	3853	4162	4107	5547	6033	5895	6466	6063	7349	6240	6755	8474	8455	8000	8304	11357	9342	8730	9347	8390	8795	9164	9656	8268	10545	8294	7898	10160	8092	8716	9431	8606	7076	7703	6925	6138	5878	6276	6875	7620	7276	7804	7593	6885	7194	6700	8482	7727	5936	4733	5677	6832	5168	5079	5141	8409	6144	5692	4958	5629	5667	3433	3117	2725	3365	3643	4366	5624	3444	3167	2500	3456	3871	6407	5410	5677	7347	5843	4484	2985	2884	2919	2825	2940	3628	3301	6151	8690	7373	6637	6420	6564	4693	5633	5543	7473	8442	8360	8746	8186	6273	5703	4632	4768	5976	6001	6584	6587	3649	3938	3924	3631	4506	4880	4641	4832	4826	3927	4820	5490	4526	3439	2893	3232	2895	2553	3185	2657	2298	3303	3131	3067	2959	2794	2454	2001	2291	2277	2491	2518	2643	2679	2236	2928	2703	2932	2405	2418	2296	2541	2860	3620	2759	2625	4227	3445	3142	3517	3989	3835	4449	3456	3344	3021	3129	3796	2279	3021	5497	5660	4588	4804	5060	5081	10149	5458	5012	6187	3398	4123	4085	3655	3685	2941	3300	3925	3608	4000	3768	3493	3393	3678	4101	4404	3826	4313	3428	3954	3674	4687	4564	3599	4344	5556	4124	4092	4055	4811	4995	5928	6076	20297	5583	3678	3488	4647	5164	4468	4496	4592	3864	4772	3763	4258	3576	2936	2817	2742	2725	3899	4182	3731	4221	3982	3908	4025	4477	4118	2963	3592	3271	4124	2795	3325	2228	2631	2977	4121	4108	4220	3492	3628	3561	4346	3822	5145	5769	4606	3369	2568	3374	4102	3483	4778	6696	5885	5575	5598	5623	6954	7645	3857	3449	3559	5835	6869	4731	3919	3338	3747	4511	3748	4706	4055	4555	4780	4235	6335	6004	4504	6075	5790	6024	7090	6727	6701	9048	8367	11037	9399	8521	7512	8820	9368
132	91	318	154	81	469	541	633	202	174	235	538	501	541	140	204	192	102	121	77	56	74	74	44	101	91	83	127	53	105	146	73	19	47	113	116	249	45	201	121	108	173	206	110	35	48	71	50	183	397	378	185	79	38	76	44	32	34	58	112	70	66	92	80	132	92	46	54	79	126	62	122	105	124	145	217	179	152	111	76	52	107	305	525	286	445	552	541	368	590	550	435	474	394	366	449	342	186	271	178	249	220	410	625	755	511	570	498	886	281	280	179	124	175	118	429	372	132	194	207	152	108	180	156	112	121	185	141	186	177	334	135	176	155	109	191	221	293	187	317	225	119	141	132	281	127	171	248	335	269	196	243	272	351	350	342	312	296	284	263	183	248	162	106	100	222	223	154	239	200	761	771	662	683	748	602	292	339	614	534	416	472	159	242	230	517	775	570	587	559	546	254	457	282	964	1121	714	666	661	701	760	552	678	384	229	274	436	336	303	110	95	71	73	113	59	100	87	79	40	46	9	94	60	69	64	139	63	63	89	239	226	224	210	276	247	241	84	87	318	276	228	235	176	129	207	235	66	142	187	164	424	300	220	251	192	139	266	300	324	126	263	154	246	184	123	110	168	124	854	195	285	232	187	327	266	438	500	468	385	107	76	70	162	563	346	426	426	596	740	243	111	155	429	378	575	416	125	144	84	114	112	131	116	100	238	121	63	39	64	28	81	64	100	114	66	29	172	262	211	203	226	142	127	32	28	81	220	146	275	275	210	149	122	110	100	73	371	579	275	234	245	318	263	390	294	240	247	267	225	204	178	197	192	110	131	413	149	265	45	142	80	107	61	240	232	132	59	348	122	111	188	173	130	262	220	88	65	160	96	101	48	28	201	137	169	137	118	135	156	114	61	107	157	115	80	100	46	36	87	168	98	152	76	64	56	45	66	58	41	9	8	49	16	63	20	21	70	102	115	66	43	21	61	121	68	28	51	6	7	53	47	67	12	30	415	484	86	78	221	225	92	99	101	56	32	35	31	97	14	58	19	53	24	37	69	39	52	37	554	673	426	383	232	300	444	50	379	467	452	321	355	519	358	254	418	484	49	43	223	68	50	68	502	154	58	112	52	75	39	52	15	35	60	41	17	30	31	42	11	85	39	100	136	102	33	89	21	56	37	23	85	49	32	11	29	33	22	43	47	41	39	196	102	131	107	86	180	63	85	93	30	191	862	1196	374	210	43	54	88	43	327	932	1113	1274	623	620	536	2370	23	11	9	5	44	95	40	55	22	4	22	3	5	41	48	45	241	392	555	407	340	305	369	407	319	256	302	71	50	62	28	98	81	38	114	44	19	34	54	49	19	40	72	58	26	130	184	175	139	125	128	126	133	120	166	106	140	105	97	60	99	87	23	77	213	267	176	202	224	255	240	206	201	154	261	113	133	94	85	68	35	57	82	36	141	43	86	26	406	254	186	132	49	41	85	103	52	19	91	282	148	179	55	113	178	46	91	176	32	55	72	140	99	111	180	77	330	129	217	32	237	412	734	534
530	224	97	148	167	171	118	141	110	377	75	193	99	306	57	215	197	159	186	158	135	94	221	88	143	270	190	254	59	47	201	319	237	173	422	165	151	93	302	518	782	659	299	104	1111	4472	608	183	80	119	82	170	102	150	218	57	165	230	143	128	90	185	79	108	244	68	19	83	257	255	83	112	70	44	326	510	281	103	41	66	119	336	17	131	47	65	48	159	91	117	69	97	48	125	215	144	761	1233	1206	1218	1411	1646	1059	1186	993	1168	1462	1166	1425	425	871	985	1312	1196	1321	839	420	353	329	415	192	135	177	171	128	184	60	150	190	168	263	142	2539	4373	70	126	161	270	320	233	144	183	132	95	185	202	124	132	114	74	63	96	158	85	65	48	299	196	254	101	190	218	181	110	160	97	318	419	439	515	305	273	308	203	1078	254	190	176	415	535	621	849	206	160	267	490	694	593	647	540	388	464	368	593	442	1459	2009	1601	1207	1356	1696	1165	661	633	633	1026	1598	2817	5186	2046	489	840	1140	1508	2602	3358	424	501	292	349	84	430	473	548	676	608	591	878	819	514	722	657	743	1017	714	359	211	97	116	194	238	284	398	145	207	847	272	256	179	248	694	431	333	429	176	250	227	298	225	532	418	106	125	201	317	291	295	169	131	256	88	309	566	491	590	418	335	416	220	274	266	402	219	290	939	188	224	383	308	359	1925	343	334	509	456	386	271	588	1853	1944	1761	1818	1621	1145	88	130	155	370	212	134	68	340	130	85	163	217	197	117	284	182	141	135	251	97	146	44	142	176	344	2169	55	69	118	205	249	436	286	302	140	121	289	230	344	779	839	796	855	821	678	532	1024	967	631	108	216	218	104	92	139	240	205	260	169	442	160	111	144	506	142	175	179	342	209	163	158	235	257	1388	564	224	174	682	779	144	176	199	252	466	152	226	498	604	1290	1018	1047	245	544	399	339	537	287	741	315	537	394	220	214	162	131	139	143	212	260	133	64	102	123	144	102	62	54	69	42	53	102	67	181	498	568	177	93	56	198	223	292	68	155	81	54	77	69	124	239	180	289	199	171	79	77	115	125	129	84	99	136	379	258	259	745	187	394	675	640	222	404	217	691	675	446	622	320	672	557	485	450	486	150	287	138	186	180	121	79	64	47	150	60	167	75	47	514	138	34	41	63	39	28	22	39	56	16	113	60	52	99	452	708	519	71	181	366	250	34	56	89	109	178	155	184	54	54	64	44	92	83	55	252	141	146	388	209	122	220	54	93	41	105	21	110	29	16	121	72	130	274	162	30	109	56	77	103	198	181	173	214	167	93	77	114	288	74	71	387	232	184	118	43	36	69	59	83	66	145	250	132	233	379	215	146	86	282	310	152	133	64	188	113	47	66	35	37	67	143	513	442	378	411	647	369	435	435	460	241	27	53	81	65	132	104	584	183	81	103	99	81	72	134	197	340	109	158	63	55	182	233	186	46	130	130	174	98	143	60	110	58	170	34	152	201	82	166	225	57	96	67	351	64	156	47	105	102	277	300	315	419	166	181	215	158	735	326	103	99	100	173	119	162	340	364	288	227	317
473	433	315	179	761	283	155	152	101	138	62	186	246	277	513	1734	5092	4611	232	3140	6265	2676	384	436	338	561	585	281	324	141	274	333	255	143	58	138	71	644	144	84	209	208	301	134	238	217	175	175	198	288	213	258	243	119	1284	1557	2063	1837	737	227	248	217	992	782	203	504	131	312	121	206	270	497	529	627	576	526	212	1504	524	406	431	498	448	434	441	405	755	652	1714	969	549	456	691	715	609	711	676	644	781	890	838	468	632	539	596	490	1197	1617	643	472	2108	352	315	650	686	2958	2905	1451	409	364	1831	692	704	182	809	1162	246	329	278	359	252	278	372	276	232	325	208	609	224	1913	2552	3224	556	468	157	222	236	233	331	387	359	362	362	221	1927	4956	4210	280	217	1594	978	1505	1355	2058	508	473	492	562	473	254	332	388	353	374	161	528	384	243	376	321	695	936	935	756	741	868	697	452	1019	2059	2090	1520	1297	573	940	3342	1056	435	401	467	260	256	453	1052	1150	219	349	248	251	1860	1377	578	285	261	279	280	222	2613	219	2128	274	247	608	1666	197	203	232	171	82	753	239	167	139	103	194	159	477	260	135	138	206	227	190	112	205	229	194	207	107	98	155	91	174	147	204	159	152	105	1527	151	126	119	219	278	991	622	295	288	263	744	176	222	228	132	834	299	177	130	294	410	265	524	257	98	307	571	409	435	310	461	388	183	148	82	623	89	143	246	338	540	154	401	266	355	908	834	745	1139	1123	1045	1001	599	416	351	280	402	161	442	300	572	2154	607	283	397	416	1032	598	514	367	662	2395	2869	3037	1356	460	1254	1456	523	301	401	335	251	570	743	494	566	208	286	370	509	439	481	423	840	387	417	1466	1684	1889	1978	2220	1961	2214	2121	2306	2181	2298	2013	1941	2136	808	508	401	532	521	494	245	283	246	390	265	525	192	231	274	411	471	520	731	2946	756	312	308	857	360	229	160	211	137	250	173	318	379	120	296	119	159	222	153	161	523	193	268	252	386	122	88	154	145	206	237	246	272	160	230	381	167	215	108	432	157	96	143	132	216	207	456	401	517	549	372	267	291	300	217	3203	3748	3436	3562	3684	3752	3490	3793	3410	3975	3698	463	474	797	404	562	471	342	491	881	521	917	537	230	215	296	1798	1628	1868	1764	1932	2261	2293	3347	1964	703	849	695	276	126	276	163	243	548	459	476	1302	894	338	626	432	1579	568	1297	2630	1090	927	827	209	1	3	24	27	462	507	385	423	478	379	99	75	43	150	350	621	811	480	600	580	121	102	243	114	87	80	106	84	67	78	105	97	85	106	122	126	32	126	107	161	168	556	692	512	596	958	999	505	759	312	248	191	265	119	125	230	85	137	243	119	254	194	276	537	143	153	163	127	145	220	225	309	385	170	125	86	147	986	87	147	312	247	118	207	153	342	236	168	533	387	290	365	87	184	122	135	556	540	1753	1896	1695	1632	1545	1534	1374	1727	1345	1436	312	1564	183	384	525	157	176	86	477	402	488	1487	544	125	312	141	119	166	166	366	1019	1127	314	126	297	633	544	635	621	417	270	534	440	582	715	1033	1495	1641	1397	1195	494	697	593	536	221	183	364	397	344	391	150	222	274	257	183	217	253	499	691	900
1583	2741	1510	1800	1983	1803	1274	1387	1679	2093	1939	1443	1867	1529	1674	1670	2083	2012	1728	1853	1601	1663	1654	961	1689	1357	1497	1324	2010	2730	738	752	869	720	623	890	768	519	347	456	412	906	899	826	973	851	313	459	526	509	351	602	623	519	377	400	403	261	419	386	424	359	300	293	884	525	522	636	585	650	511	576	447	507	749	612	546	643	513	1213	545	441	351	427	428	503	485	374	465	534	639	865	549	944	1201	986	684	1169	1211	1049	2740	3848	4471	3661	2126	1251	1305	1354	1192	1123	629	1123	984	920	1312	2212	2671	1941	1818	1574	1985	1670	1466	1268	1631	1596	1302	1284	1583	2057	1857	1811	1355	1198	1705	1436	901	990	1482	1656	1405	1224	1053	1441	1538	1109	877	1122	1092	777	872	705	808	959	1040	1259	2997	964	977	602	1235	796	1026	1343	845	1107	972	1033	858	1047	1176	1396	1626	2399	2240	1993	1369	1139	1205	1024	965	1245	1833	1314	777	1173	1634	1716	1374	1116	1201	1175	1658	2231	1585	1041	1094	1435	2911	2365	1368	1103	963	1422	1581	967	938	1442	1625	1284	1369	1240	1087	1322	1462	1327	1429	1357	3352	4995	3609	4150	3613	3377	4981	4245	3307	4132	1724	755	692	832	793	1165	1135	1457	898	1060	794	727	726	582	600	700	651	772	1044	714	824	664	961	1161	723	834	1029	808	787	1613	783	885	1088	1070	972	1153	1562	792	912	805	1099	1701	2102	2258	2222	2361	2034	1341	843	760	800	963	1734	1188	2293	1273	1515	1238	1505	2355	2001	2282	2958	2294	977	1020	1764	654	1580	2353	2891	2530	2145	3946	2991	2195	894	1857	1569	1201	1490	1237	1218	1213	1359	1349	1151	833	1020	1014	594	493	809	597	362	514	561	425	645	445	286	222	408	622	631	271	950	1361	163	225	201	463	854	874	787	2371	631	228	228	349	1040	786	720	1074	892	700	643	832	766	1331	1207	1247	2101	2259	2652	2408	2561	4167	4407	2631	3084	2212	2534	2361	1629	1835	1142	1140	1098	828	966	2073	2125	2116	2107	2054	1955	2318	2334	2263	3523	3613	3406	1921	2141	2055	2058	2442	1674	1248	2007	2159	1473	1833	1786	1935	1911	1921	1994	5580	3303	2786	3188	1744	1350	3776	3426	3536	1704	305	473	458	146	337	172	175	219	202	550	739	2622	2788	3966	2442	1225	1735	713	389	594	463	305	145	189	198	215	413	680	170	170	196	143	253	209	252	277	352	213	309	246	199	214	386	526	871	763	849	1056	218	2590	1580	852	708	1105	783	1052	1317	755	921	406	313	380	346	497	583	359	320	363	511	300	339	403	519	648	544	276	188	383	302	276	334	443	338	233	236	247	326	398	364	490	643	454	503	657	568	224	262	239	143	99	228	352	1123	1179	1460	1303	476	212	185	276	261	133	359	134	684	365	277	194	517	166	106	108	203	400	239	263	287	889	729	216	356	227	203	297	524	407	529	941	2996	2844	983	246	182	205	185	595	258	192	112	222	267	149	286	415	443	353	231	526	483	196	269	241	267	345	228	310	295	950	213	172	309	275	308	347	337	262	161	165	447	186	179	206	280	337	220	328	216	340	450	511	371	265	241	208	375	353	232	276	353	336	310	252	193	260	360	256	411	476	297	327	524	267	463	591	309	265	289	958	683	780	496	307	333	583	358	401	436	466	421	405	572	831	616	607	488	335	306	426	413	419	485	705	353	492	444	590	504	672	544	666	513	542	476	576	979
683	2607	1005	648	618	631	917	1096	909	1266	1035	934	1083	972	1158	907	638	532	284	713	807	554	873	1279	1729	710	422	658	729	764	1112	676	350	368	318	622	684	591	396	1088	435	758	724	997	1027	1109	834	654	669	680	783	730	784	766	452	698	564	358	1462	713	900	770	614	630	725	901	860	852	503	959	594	680	896	604	604	682	997	915	941	884	789	1005	1189	1027	549	719	751	908	1902	4058	2106	576	634	949	917	1060	942	1531	1120	1324	896	776	1662	1103	1264	1063	1145	1332	1509	1221	1017	906	677	1317	1065	711	1005	734	2745	839	971	784	1377	461	512	1045	800	756	786	922	1037	943	818	623	1074	1241	1058	823	1080	919	970	1043	1396	852	1526	1244	762	927	1425	1424	1409	736	505	1010	961	732	993	695	686	1833	570	490	771	1042	1200	1250	787	691	765	753	832	692	949	977	924	1260	2361	2496	1935	1533	1359	1096	1879	1047	1040	950	1016	817	1058	1450	1163	1538	1030	1083	1228	1391	1204	1118	1031	1055	1045	1291	1114	1084	1398	953	1556	1534	1594	1873	979	1048	966	895	905	1578	3196	1494	1059	1705	2214	1529	1413	1324	1325	1121	717	630	406	504	700	620	630	526	560	674	790	784	1034	787	1037	619	664	778	908	866	1068	607	802	812	674	662	677	1125	1261	597	576	914	617	669	545	836	543	1335	1131	1057	1204	1093	815	1156	1242	1386	662	701	803	587	515	657	867	1196	1285	1057	1150	1530	1357	1081	1087	1175	1209	1022	1055	1148	1001	1260	1606	1032	1842	1846	2234	1836	910	1484	996	682	1427	672	851	1270	1879	2324	2006	1608	2133	2253	1513	863	638	370	624	762	1029	748	718	634	572	1470	1427	1480	1683	1108	1455	3110	5861	4072	4006	1101	1250	2256	2001	3307	2061	2211	2138	1777	1667	2099	2186	1862	1910	1838	1933	1994	2146	2136	2190	2157	2046	1649	1187	1444	1157	1190	1547	1504	1185	1289	1357	1240	1377	1223	968	729	946	605	1033	871	1084	1198	1366	1438	1243	1364	3009	3905	5082	4691	5209	4310	2252	1775	1262	896	1051	1048	1311	1277	1054	1382	1633	1114	1310	1371	1417	1478	1280	1500	1073	662	722	635	1352	913	497	666	486	742	3659	773	541	726	559	678	537	529	477	1105	3505	3114	1924	2088	404	380	583	344	544	485	321	596	336	433	424	442	790	917	787	1468	1431	1150	2430	1327	543	364	766	1032	709	909	995	884	543	558	1071	920	954	901	860	1116	1047	990	721	867	979	978	1070	1269	970	1021	388	584	400	525	459	397	522	284	500	627	552	515	881	889	424	424	551	395	992	597	467	620	489	559	742	547	383	666	602	527	582	680	397	555	424	1452	2196	1843	1497	510	453	448	401	862	572	521	540	513	657	593	411	486	360	589	1032	1070	779	547	305	368	906	946	1253	1518	1574	1683	1282	992	1364	710	1182	1003	1125	1061	554	919	1118	896	1161	890	1532	4487	1928	1677	1606	1280	1202	917	907	836	793	1134	1026	1255	1036	593	436	928	508	1050	752	1105	545	410	420	677	1092	1130	405	674	615	857	1039	756	662	595	356	343	380	569	529	495	472	351	491	422	475	373	398	335	380	694	602	423	478	244	392	348	268	883	568	1108	2697	1945	544	456	1089	1248	1253	1089	1181	877	647	748	1081	1177	584	638	681	846	506	561	735	790	622	976	637	649	804	825	981	564	748	565	779	586	872	664	789	1072	786	627	710	767	1183	1343	1026	1142	1458	1920	1622	4812	1246	1333	851	2020
736	657	173	665	1414	507	73	509	255	484	139	125	189	778	2557	1375	141	261	141	188	281	181	81	69	222	185	205	666	132	300	121	174	167	110	292	66	141	100	111	68	129	192	81	287	379	578	141	38	645	89	39	293	75	410	207	119	147	90	192	608	944	202	192	75	34	40	5	133	86	195	33	180	212	48	114	193	94	113	61	374	1890	67	145	70	211	58	42	26	53	54	33	41	123	37	143	665	571	1026	700	421	369	391	1097	4246	3998	1412	1247	561	283	715	1035	811	2358	1057	754	1179	3956	1188	421	304	579	714	257	919	161	367	162	254	271	163	395	127	848	566	182	1576	828	429	363	148	256	439	393	157	282	216	1048	1559	1748	1430	973	1260	323	74	54	46	99	876	538	1721	662	103	52	138	262	183	282	422	198	285	272	2385	87	436	473	1060	289	215	542	175	131	1156	1617	212	103	85	348	1566	924	473	1316	906	427	544	321	744	1578	914	812	758	671	573	296	272	404	3532	1555	769	392	851	1691	1336	251	358	355	292	423	862	4281	4551	289	938	322	438	77	26	26	287	535	87	157	615	125	929	67	108	46	549	732	901	895	175	67	142	3050	1400	933	636	137	36	37	98	95	137	19	139	76	74	404	542	493	233	221	2036	391	324	244	371	344	966	305	790	2488	157	99	572	1905	2652	2256	2021	1831	1097	1571	1771	2058	2067	2143	2046	2232	2095	2117	2459	2100	1724	727	94	201	254	674	670	215	259	172	215	153	46	368	303	1925	4401	108	172	733	278	188	236	69	391	290	554	664	95	96	163	517	534	688	1133	463	588	663	435	1017	1121	578	718	368	73	14	42	88	168	104	168	953	1981	518	607	320	171	27	77	89	122	20	71	124	43	184	924	499	418	140	95	51	243	93	133	104	2263	64	132	179	24	71	101	145	154	213	228	343	180	271	113	86	83	278	455	482	624	181	228	645	363	414	224	74	351	180	283	1387	765	456	338	260	208	125	396	730	448	475	60	277	288	292	447	22	269	131	22	76	92	174	34	69	299	1546	725	88	64	74	42	18	71	111	1012	1129	538	490	97	183	15	143	3	5	39	1109	121	165	371	134	1075	266	1810	666	2104	4541	2255	43	246	455	226	1841	1235	508	50	106	2280	153	175	140	169	181	375	143	1770	50	123	146	68	33	57	58	150	236	334	120	61	63	43	79	89	230	29	31	6	20	12	479	217	61	204	99	271	232	18	83	59	477	343	11	516	383	12	27	29	21	25	49	82	32	120	158	575	106	28	37	9	51	18	164	19	50	140	50	27	48	94	50	65	9	42	16	3	15	41	73	28	57	42	27	669	297	33	34	18	67	213	47	2336	141	67	43	280	186	138	306	548	500	233	69	12	97	41	37	142	69	133	5	15	91	1778	892	52	19	126	49	35	77	4	40	46	20	64	18	68	165	37	70	89	1593	1104	953	35	52	356	725	1177	22	55	466	101	400	394	560	290	623	569	2561	1630	3232	2505	2469	2236	941	1455	1288	1604	1767	1914	1533	1359	1481	1398	300	24	1071	1212	767	1994	2259	2255	2282	2142	2195	1874	718	1357	363	72	349	135	189	256	1319	1007	87	225	382	62	64	262	262	191	266	349	99	364	651	218	273	189
148	432	9625	11956	395	177	160	194	474	602	641	1241	353	279	104	682	343	484	225	253	153	64	356	261	228	138	54	151	229	244	903	749	1058	562	414	462	644	606	759	568	818	10574	630	356	230	160	156	467	262	261	509	287	227	158	110	53	118	223	256	217	104	133	76	76	143	169	1456	2847	4215	861	185	300	283	1583	2027	2042	991	386	565	1347	1030	184	172	200	538	222	304	2073	273	221	207	141	109	452	2895	10277	7210	6627	7302	5210	1145	1336	167	236	463	129	137	170	798	459	470	851	868	762	706	641	945	1185	391	172	398	373	346	252	349	208	223	272	641	284	408	648	360	949	670	283	278	5206	320	324	188	45	156	133	528	177	84	266	118	264	134	43	79	201	175	307	132	235	109	157	161	286	363	323	206	259	270	307	742	365	749	667	511	634	107	203	371	95	290	76	112	132	226	516	86	140	261	22	340	168	328	290	266	354	235	202	341	198	156	395	179	103	197	576	107	272	265	64	542	912	849	1875	884	667	46	195	323	204	89	290	204	134	165	118	20	50	65	169	355	85	67	80	65	8090	237	1298	56	278	71	87	84	214	157	210	168	177	150	160	192	206	175	139	128	238	240	263	214	179	174	430	576	750	594	1726	1181	957	537	449	177	201	155	248	450	1530	930	766	330	642	371	453	351	293	340	340	1096	1591	625	859	1111	1643	1415	1559	1270	1509	1106	268	188	376	163	116	246	351	357	447	153	122	241	217	261	284	232	192	221	267	269	180	306	196	252	389	257	530	378	499	231	484	616	483	167	5366	122	395	176	44	142	254	201	210	482	282	159	102	25	35	87	107	272	520	350	614	645	651	710	612	690	891	831	536	697	631	1941	266	267	284	223	160	140	163	400	290	439	549	470	497	361	293	415	307	497	441	418	442	450	422	1209	112	299	461	434	483	280	536	510	842	245	119	80	243	571	1654	464	569	541	529	405	102	88	169	196	134	243	194	362	108	260	174	158	319	230	114	201	380	213	279	839	10206	477	654	200	136	403	268	517	554	160	179	193	182	175	134	289	113	106	255	231	154	185	158	426	1039	1094	1057	841	1203	1143	669	651	665	486	266	392	372	383	248	235	601	447	491	555	391	379	536	426	330	445	484	447	269	334	172	218	356	248	702	263	325	252	423	366	470	94	162	151	313	471	350	673	188	316	1068	234	217	123	506	347	60	204	280	636	443	455	965	1015	1091	690	870	675	1144	838	640	567	6080	270	224	253	174	61	59	130	53	73	85	289	494	426	510	366	38	138	102	108	93	79	34	277	349	233	657	346	473	495	219	129	292	124	151	180	419	443	498	209	213	345	186	423	100	100	205	188	342	276	286	377	340	192	272	214	218	217	295	367	486	706	414	236	209	305	688	401	382	440	235	228	826	848	901	1017	594	1161	574	615	900	722	947	869	825	834	808	589	748	670	931	962	1008	758	1376	822	10913	748	988	1162	1048	846	921	778	748	978	649	450	311	174	183	185	131	172	87	158	196	378	149	1070	640	1038	658	1050	1446	16895	11585	3920	2424	3781	5458	4604	2627	136	1127	219	262	1291	174	631	225	102	885	219	526	271	259	332	204	428	520
1892	791	417	372	343	387	523	358	184	175	619	633	674	371	210	607	295	538	585	516	594	699	535	654	307	483	704	597	758	628	691	793	662	624	741	387	135	213	354	449	556	498	464	231	417	415	255	227	231	221	253	186	257	580	243	469	419	475	295	315	202	122	95	411	660	1799	2479	2989	2834	2260	1524	2308	834	459	1574	3789	3691	2725	9787	14413	18897	1180	401	810	474	546	630	634	1741	1373	580	922	1280	1111	489	463	527	334	240	517	560	857	662	1156	966	1168	1279	1429	1233	622	941	734	652	711	721	536	300	443	585	2508	564	289	383	910	1405	1478	1360	1345	884	824	597	847	588	691	910	867	856	519	575	505	286	260	306	349	383	331	268	315	336	259	330	251	423	405	290	145	229	152	185	211	166	139	203	245	483	595	837	411	612	661	1814	608	423	939	971	651	716	15235	2704	250	567	376	882	6441	2080	867	590	2814	836	748	565	888	3184	5051	364	1312	1983	803	4428	1660	614	2670	963	1614	504	275	284	329	411	268	165	242	669	305	1488	1755	3126	759	743	555	788	664	320	655	531	562	627	1775	1577	1869	1539	1573	1856	1957	1891	2096	1809	1445	1638	1299	293	181	211	250	280	270	237	193	168	151	170	259	232	275	165	573	473	397	292	330	327	481	438	467	392	304	388	540	474	731	640	587	329	248	457	396	2913	871	867	881	871	2773	802	459	1073	592	732	707	581	597	580	404	592	3424	824	325	488	477	1004	744	569	489	677	668	823	611	7274	12769	12514	9614	792	845	636	719	433	459	474	625	629	608	482	584	281	346	257	257	240	387	325	233	505	635	564	1179	2130	2635	2557	855	525	304	159	303	314	491	429	524	216	244	219	774	121	91	213	114	108	254	247	321	758	362	889	237	303	503	528	503	399	663	474	620	612	672	1894	1008	547	262	164	288	432	514	373	430	278	536	491	317	218	230	218	250	195	1444	450	246	437	259	8226	8725	374	501	929	493	495	6353	487	704	997	697	904	454	875	1125	715	979	1273	1044	931	990	887	1050	1078	954	290	209	305	225	310	486	143	270	250	1642	559	392	1167	1643	189	224	207	106	93	86	492	152	149	144	102	77	132	158	215	191	258	264	420	243	263	556	1361	1192	1230	1037	960	1103	1286	996	6634	1863	971	1005	1253	931	984	958	954	1071	921	1078	1152	527	251	411	216	310	249	182	210	254	241	568	224	315	426	348	354	1409	205	305	218	348	220	188	338	1722	578	345	253	305	438	409	401	315	256	285	190	210	213	182	158	222	115	275	210	307	237	205	231	149	140	293	274	462	185	168	300	294	275	271	252	176	225	934	1367	287	144	254	204	209	239	151	267	477	411	764	667	856	670	925	858	738	497	452	207	213	370	1170	1343	1479	344	495	153	246	368	440	210	511	242	112	292	149	57	284	361	422	283	306	348	135	164	403	337	357	1203	243	228	2094	242	347	604	2590	748	623	628	730	649	768	759	393	135	158	152	347	322	243	278	293	303	127	181	350	225	263	197	147	218	163	224	237	166	255	125	205	170	158	172	246	212	204	268	401	543	150	258	242	158	305	1426	1608	580	142	237	549	437	335	505	545	878	936	869	1180	2534	2019	686	1292	1042	1246	682	1127	1066	1032	1271	727
390	425	392	294	417	424	756	429	625	471	474	225	353	383	323	392	479	394	544	348	264	158	173	199	277	216	299	241	139	213	305	267	220	198	163	159	126	166	124	403	155	175	264	113	90	42	227	71	110	188	213	321	111	72	149	187	101	117	95	53	22	85	238	238	132	155	248	184	290	241	310	392	370	220	197	272	348	566	154	291	165	127	230	243	339	154	343	188	293	374	180	320	238	417	412	437	432	580	392	490	210	294	208	130	213	238	130	148	192	148	130	176	181	152	136	136	110	195	450	365	448	242	176	1287	177	334	293	336	552	293	350	313	191	247	197	360	427	360	445	218	321	341	350	464	329	199	387	278	405	289	230	421	453	231	231	317	473	677	558	317	299	274	297	184	192	169	345	786	672	1126	2700	2822	3155	3288	2828	3177	3029	2576	2859	2985	7961	8961	6948	5159	4701	4498	5695	5397	4783	4766	5113	5736	5112	5573	4704	5027	4534	4927	4622	5126	4442	4897	4756	5265	4890	4955	2691	221	133	1054	9555	6148	132	221	109	488	138	5734	156	373	1289	1383	1204	1396	1418	1436	1434	1603	1301	1200	106	215	244	137	47	216	150	80	89	150	213	144	87	83	214	131	137	117	69	83	96	161	263	346	268	879	2527	476	161	138	305	229	307	400	291	1289	285	314	385	482	452	188	319	257	294	181	371	780	949	388	442	204	262	295	124	218	1766	1425	1775	1303	2319	970	329	262	442	291	271	308	159	83	107	127	141	274	265	218	342	307	250	284	446	7948	1361	7370	487	196	270	320	209	168	164	161	178	271	278	382	328	449	224	183	140	176	170	109	207	210	120	144	111	100	119	190	237	150	232	146	148	219	217	212	890	1097	161	115	181	97	173	149	424	360	211	175	199	338	358	143	246	352	522	207	168	122	224	247	197	161	243	198	293	290	184	268	168	94	213	973	205	715	624	180	126	164	321	140	142	173	95	68	182	54	131	232	141	256	111	344	162	220	185	98	105	172	214	270	190	348	218	239	99	276	161	178	252	124	149	152	245	119	380	144	154	328	467	351	362	307	231	171	48	132	36	179	48	62	59	72	97	181	183	100	28	89	142	328	134	135	150	124	136	272	173	186	189	121	96	145	102	170	301	131	79	121	73	128	90	185	172	90	111	179	169	101	220	158	216	254	181	152	165	95	136	157	345	643	187	130	89	62	62	137	180	3106	119	76	56	72	104	122	215	59	68	92	163	130	115	77	191	45	129	60	80	89	214	122	65	68	32	139	235	133	81	115	46	91	70	68	106	77	39	44	37	98	60	96	66	86	86	127	110	86	89	141	150	139	329	69	91	108	155	138	112	66	109	91	89	103	163	172	216	176	105	134	42	92	85	69	82	55	121	88	129	60	139	103	42	32	58	69	120	79	149	50	48	85	142	51	99	94	129	126	47	118	54	106	35	36	220	68	148	81	64	71	81	209	69	128	49	111	58	17	24	63	124	153	83	48	80	27	112	40	46	129	104	76	44	38	156	79	127	270	405	161	82	186	77	269	127	294	244	363	401	669	597	967	625	600	655	777	3686	7805	8036	8040	7982	6720	1661	471	437	632	799	596	546	908
8077	8163	5468	5404	6892	4962	5068	5274	5100	4901	5682	6110	5815	5455	4683	5611	4581	5470	12670	13034	12642	11803	11429	8933	4593	4893	4779	4903	4210	5091	5008	5197	5081	5709	5456	5327	5032	4319	4987	5070	4930	4852	4697	4508	4896	4752	4515	5151	5090	5015	4445	4582	4958	4817	4081	4761	4901	5407	2184	1468	577	1140	1686	1738	1520	1740	2381	5217	4829	4669	4746	5657	4981	5493	5652	5487	5855	5762	6220	6046	5525	5503	5185	6148	4463	5111	5362	5495	5767	5302	4388	5911	5894	5733	2867	2567	2569	3215	2860	3198	2123	2071	2141	2945	2636	1764	1749	2163	2543	2961	2729	2280	3381	2696	2902	2522	2582	2742	2547	2517	2829	2745	2613	6485	7274	6915	6701	11768	9805	8001	8510	8156	10201	10863	15889	8695	4723	3024	1945	1764	1964	1974	1751	1542	2818	4737	6498	6982	8014	8890	8222	4669	2686	2254	1399	1555	1620	2263	2347	2190	2173	2487	2560	2846	2249	3191	2482	2932	2928	3200	4003	4039	3845	3351	3498	3984	3335	3361	3457	3414	3156	2606	3196	3214	2239	2469	3148	3951	4885	4854	4494	4359	4374	4303	3918	4173	4408	4363	4930	3963	6143	3485	4260	3700	3944	4341	4562	4587	4074	3442	2680	3835	3607	3272	3688	3922	3275	3395	3136	2452	2518	2941	2504	3511	4084	3300	3589	3038	2093	2056	2299	2649	1844	1930	2169	2271	2445	2282	2469	1775	1969	2202	1902	2049	1923	2947	2916	1937	1817	1868	1620	1156	2799	3343	2440	3189	3427	3322	3020	3855	2990	2632	3413	2665	2982	3514	2975	2755	3274	5333	4178	4179	3982	4942	3704	3878	4006	4274	4920	4500	4221	4964	5556	5506	4903	4441	4315	5879	5692	5127	5230	4160	6060	3773	5141	5960	5300	4527	3896	3668	4125	3770	3338	3832	4367	3028	3717	3787	4849	5544	3261	2484	3415	3548	3917	4007	4160	3251	5760	11295	9526	4731	3125	4563	5023	3748	3902	3622	3524	2901	3227	3480	2920	3191	2662	2562	2424	2796	2320	2444	2630	2313	2138	2269	2969	3467	3420	3177	3279	2675	3256	3716	2992	2641	3172	3783	4075	3883	3971	4932	5098	5402	4063	3178	4763	4135	3273	3065	2711	5619	8069	5731	4689	5334	5546	6988	3549	2483	2265	2821	2954	1967	1994	2216	1880	2890	2622	2769	2811	3688	3015	2838	3041	3247	3421	2764	3613	3453	3058	3110	3353	2602	2489	2686	2506	2224	2746	2268	2738	2892	3254	2931	1561	1704	2093	2013	1822	1725	1458	1433	1366	1097	1392	1460	1357	1545	1554	1991	1725	1825	1780	1149	1295	1048	1194	970	751	986	978	885	990	1047	937	1257	1423	1363	1064	1196	1119	1314	1121	1704	1544	1469	1567	1534	1924	2830	2725	4247	3410	3690	2972	3636	2899	4827	4791	2211	2022	1825	1995	1857	1373	1814	2120	2018	1769	1765	5922	2929	1829	2682	1615	2008	2998	4649	5090	4505	7008	10203	10223	10835	6029	3495	3440	3210	3671	3186	2961	3477	3193	3004	5463	3542	3460	2643	3490	4347	9584	8920	3183	3134	4053	7259	10167	6162	2605	2977	2910	2652	3397	3007	1650	1552	2408	2371	1971	2313	3247	5340	4306	4703	4567	4535	4003	3697	3704	3926	4355	4141	4400	3137	3485	3619	3795	3719	4319	4129	3953	4413	4290	4160	4755	3713	1640	2246	8825	8786	2412	2575	2638	3346	2070	2517	3729	2776	2301	2705	2317	3020	2944	2879	2319	2830	2645	2465	2510	2688	2225	2120	2169	3282	2182	3694	3699	2410	2545	2967	3249	2960	2991	3401	3264	3822	4624	6748	6406	5950	3349	9887	10739	3505	2499	2685	2334	2411	3053	3409	3540	3612	2892	2580	2569	2669	2236	1510	1876	1747	2040	2362	1969	1837	1958	1882	1861	2216	2155	1491	1790	2071	1843	1786	2264	1891	2312	2135	2124	2348	2250	2504	2448	2712	2891	2990	2977	3483	3605	4462	4271	4351	3388	4413	3440	3797	3663	3579	4296	4746	8920	13301	11248	7022	6297	7705	4142	3850	3759	4745	4143	3783	4117	3467
0	0	0	0	0	0	0	0	0	0	0	0	0	0	0	0	0	0	0	0	0	0	0	0	0	0	0	0	0	0	0	0	0	0	0	0	0	0	0	0	0	0	0	0	0	0	0	0	0	0	0	0	0	0	0	0	0	0	0	0	0	0	0	0	0	0	0	0	0	0	0	0	0	0	0	0	0	0	0	0	0	0	0	0	0	0	0	0	0	0	0	0	0	0	0	0	0	0	0	0	0	0	0	0	0	0	0	0	0	0	0	0	0	0	0	0	0	0	0	0	0	0	0	0	0	0	0	0	0	0	0	0	0	0	0	0	0	0	0	0	0	0	0	0	0	0	0	0	0	0	0	0	0	0	0	0	0	0	0	0	0	0	0	0	0	0	0	0	0	0	0	0	0	0	0	0	0	0	0	0	0	0	0	0	0	0	0	0	0	0	0	0	0	0	0	0	0	0	0	0	0	0	0	0	0	0	0	0	0	0	0	0	0	0	0	0	0	0	0	0	0	0	0	0	0	0	0	0	0	0	0	0	0	0	0	0	0	0	0	0	0	0	0	0	0	0	0	0	0	0	0	0	0	0	0	0	0	0	0	0	0	0	0	0	0	0	0	0	0	0	0	0	0	0	0	0	0	0	0	0	0	0	0	0	0	0	0	0	0	0	0	0	0	0	0	0	0	0	0	0	0	0	0	0	0	0	0	0	0	0	0	0	0	0	0	0	0	0	0	0	0	0	0	0	0	0	0	0	0	0	0	0	0	0	0	0	0	0	0	0	0	0	0	0	0	0	0	0	0	0	0	0	0	0	0	0	0	0	0	0	0	0	0	0	0	0	0	0	0	0	0	0	0	0	0	0	0	0	0	0	0	0	0	0	0	0	0	0	0	0	0	0	0	0	0	0	0	0	0	0	0	0	0	0	0	0	0	0	0	0	0	0	0	0	0	0	0	0	0	0	0	0	0	0	0	0	0	0	0	0	0	0	0	0	0	0	0	0	0	0	0	0	0	0	0	0	0	0	0	0	0	0	0	0	0	0	0	0	0	0	0	0	0	0	0	0	0	0	0	0	0	0	0	0	0	0	0	0	0	0	0	0	0	0	0	0	0	0	0	0	0	0	0	0	0	0	0	0	0	0	0	0	0	0	0	0	0	0	0	0	0	0	0	0	0	0	0	0	0	0	0	0	0	0	0	0	0	0	0	0	0	0	0	0	0	0	0	0	0	0	0	0	0	0	0	0	0	0	0	0	0	0	0	0	0	0	0	0	0	0	0	0	0	0	0	0	0	0	0	0	0	0	0	0	0	0	0	0	0	0	0	0	0	0	0	0	0	0	0	0	0	0	0	0	0	0	0	0	0	0	0	0	0	0	0	0	0	0	0	0	0	0	0	0	0	0	0	0	0	0	0	0	0	0	0	0	0	0	0	0	0	0	0	0	0	0	0	0	0	0	0	0	0	0	0	0	0	0	0	0	0	0	0	0	0	0	0	0	0	0	0	0	0	0	0	0	0	0	0	0	0	0
2	1	0	11	12	1	1	11	21	10	0	12	12	36	0	0	1	1	0	0	1	0	1	2	1	0	23	0	1	12	1	13	35	68	42	30	0	20	43	40	41	42	98	69	77	28	18	12	10	36	46	0	0	0	16	61	0	0	11	25	0	1	104	22	41	0	3	17	20	2	1	1	26	84	91	15	97	61	1	67	22	46	11	44	24	28	24	0	5	1	22	51	102	13	12	0	0	2	15	80	0	0	0	11	0	0	0	46	0	9	3	14	54	0	0	0	0	2	1	0	0	1	2	1	0	0	0	0	0	30	12	64	0	6	53	1	12	5	12	22	36	29	12	36	79	41	54	12	22	12	32	32	34	12	47	23	27	79	54	28	0	5	0	1	0	11	12	22	11	0	11	23	47	15	64	13	3	3	0	0	22	43	22	58	0	21	1	0	0	0	20	52	11	14	42	11	143	93	82	143	0	2	0	0	1	0	0	19	18	0	21	60	3	3	29	54	12	43	43	54	24	27	21	23	28	1	7	19	10	51	25	81	65	29	28	38	14	44	0	12	2	41	1	13	22	5	0	0	0	17	0	11	17	1	13	75	112	104	25	30	33	11	0	24	12	2	68	55	13	0	9	12	54	26	20	1	19	1	31	52	8	50	59	21	25	1	11	18	26	54	27	2	39	24	56	32	84	33	84	13	1	0	1	16	41	38	18	27	5	5	0	0	0	0	1	0	1	9	80	10	0	0	12	36	1	0	0	0	1	0	0	0	0	0	0	0	0	0	0	0	1	12	0	0	0	0	0	0	0	0	11	0	1	12	0	0	1	14	17	26	42	13	24	0	1	0	0	11	0	11	1	0	3	11	1	26	12	0	1	0	0	21	21	13	1	1	3	0	0	0	0	0	0	41	1	16	29	13	12	0	1	2	0	0	0	0	12	0	0	0	0	11	1	0	0	2	0	1	0	0	1	0	12	0	1	0	0	0	48	42	0	36	0	0	0	0	0	0	1	0	0	1	0	0	0	0	0	0	1	1	0	0	0	2	3	1	0	63	0	10	11	6	12	0	2	13	0	0	6	12	0	12	1	0	0	0	13	0	0	3	0	12	6	1	6	1	0	0	1	0	1	1	26	2	1	0	0	12	60	9	1	2	1	2	3	51	0	0	0	3	1	0	0	0	0	1	1	1	0	0	1	33	2	1	2	0	0	0	0	12	25	4	0	0	0	12	1	5	16	49	1	1	0	1	0	0	0	1	0	0	0	2	0	0	1	0	0	0	0	11	0	0	0	0	1	0	1	0	0	1	1	0	1	0	28	49	37	12	0	0	0	30	22	28	21	13	36	3	38	64	26	1	1	0	24	25	42	6	49	60	54	20	1	1	26	37	11	7	1	36	0	1	0	0	0	0	11	0	0	0	0	0	0	0	1	0	0	0	0	0	23	12	11	12	26	36	21	0	0	34	0	0	1	0	34	21	12	22	0	21	0	2	2	0	1	22	35	1	13	2	1	0	1	4	2	13	1	22	3	12	1	0
902	1167	1287	864	860	1217	964	507	658	925	917	1047	656	625	1135	924	706	1040	1043	983	976	840	849	888	790	1099	1025	710	756	1035	710	626	564	759	533	490	894	1104	975	803	952	1058	668	191	164	609	115	272	295	469	467	415	565	281	578	422	274	234	446	372	243	183	426	1142	667	554	795	875	1091	944	1330	1287	598	742	561	618	1862	2112	2408	2446	1128	2605	2091	2044	835	960	654	775	676	524	699	1103	564	835	1482	1348	1229	1766	1079	1772	2061	1940	1014	991	1163	734	1012	997	817	575	538	479	616	370	475	456	715	630	693	496	562	709	617	693	621	983	682	550	717	804	817	892	672	691	755	690	491	567	382	420	552	557	616	652	633	699	851	648	635	584	655	532	542	472	566	631	544	519	833	743	1475	641	533	870	572	928	675	915	754	514	576	780	1136	795	1163	837	467	1002	872	883	1096	1144	924	1333	841	1446	819	1236	1231	916	947	1165	1574	1571	1241	1206	1516	1206	1288	1033	1385	1856	1304	1448	1218	1430	1229	1398	1060	1318	1772	1233	1380	1334	1662	1340	1160	800	742	621	684	784	883	937	752	892	989	829	841	762	874	887	760	202	373	341	313	324	394	380	510	551	490	247	349	364	395	288	420	427	282	290	387	269	608	1134	636	556	363	768	1004	582	918	1161	1359	269	692	1038	1481	1473	1740	2153	1483	1430	1548	1247	1461	1312	1342	1660	1378	1211	1238	1168	1030	1119	860	1142	1047	1147	616	528	667	1163	711	280	480	893	1009	1655	1261	1593	1544	1448	1597	1451	1538	1087	909	978	978	1028	830	847	1012	844	626	1299	955	892	830	553	1189	724	560	687	630	660	824	579	967	899	921	853	747	750	821	1104	1421	963	761	373	338	550	643	495	432	347	245	564	278	255	386	532	365	348	323	337	392	617	865	432	584	652	420	416	409	557	544	874	755	842	856	655	832	857	616	963	824	618	564	455	557	466	1415	1040	660	648	529	779	426	855	773	1006	1062	1025	1054	767	1323	1216	1229	332	1008	694	1131	1991	1786	1258	845	1002	1305	1134	1484	1224	1173	825	1109	831	881	906	242	357	631	568	356	492	501	281	577	440	561	304	429	736	898	522	731	664	468	333	493	543	483	468	329	491	666	675	824	844	414	368	125	197	568	421	232	611	349	296	310	316	475	607	471	265	582	325	433	337	513	492	729	533	599	675	735	815	877	860	904	695	710	351	347	310	413	462	747	639	471	792	831	721	878	748	778	428	593	536	496	471	860	831	896	1288	1033	844	932	972	1242	1076	1067	1087	786	631	694	918	533	443	431	565	704	521	546	434	699	539	437	687	646	417	416	476	425	616	396	637	359	505	430	604	379	397	275	658	625	636	359	462	720	623	886	817	745	583	792	586	666	660	1269	481	995	818	1061	503	671	842	1259	1192	1362	1045	839	1489	1797	1307	1372	1127	1236	792	1004	1041	1207	1469	1158	1414	1283	766	1427	684	610	490	607	631	706	478	1029	955	943	873	1080	1369	1416	1409	1440	1300	1543	1417	1758	1679	1533	1506	1390	1163	1334	1125	1191	855	532	500	850	793	888	589	548	738	770	604	499	473	564	690	768	620	893	673	359	444	449	533	599	860	588	717	649	623	828	734	745	575	578	859	949	786	1022	849	944	821	1023	992	804	925	868	910	1060	1036	806	1249	1171	1411	1129	1027
222	414	859	695	382	201	268	496	257	224	432	572	2842	547	358	518	619	607	686	706	473	753	367	383	207	320	225	394	232	188	422	321	623	294	242	638	305	188	348	148	269	318	118	163	225	451	127	243	197	152	286	229	102	211	164	120	92	151	216	175	133	192	267	599	338	248	615	395	765	2711	5900	240	317	255	286	5294	1586	610	589	433	679	352	394	420	698	826	1134	2346	1936	1365	1539	2979	3668	4151	3988	3264	1826	2068	4986	13314	2113	3198	1115	5361	1058	1348	1812	1865	2267	966	1408	769	1006	948	849	1756	1519	1334	1222	1561	1849	788	857	1267	2122	1090	508	914	710	552	692	827	762	1118	584	372	531	328	490	427	349	269	395	324	363	625	247	249	251	259	302	126	286	248	243	309	367	149	474	417	373	923	936	628	4340	4658	952	481	327	464	494	460	1433	682	427	443	299	230	749	3515	933	762	138	153	1288	1384	1444	1879	1599	1332	1427	985	569	755	966	656	105	105	165	89	247	71	314	225	224	189	109	50	782	777	408	443	660	224	226	210	349	237	513	293	289	471	3043	317	464	633	682	552	160	269	117	159	126	131	133	253	156	276	203	352	235	219	152	121	144	132	171	253	373	328	312	308	678	4120	907	783	979	837	848	3500	2295	3716	2480	1484	1870	1756	2048	1885	2378	2278	2131	1957	5362	1951	2194	1967	2211	2351	2192	2377	1391	1222	1240	1163	1720	1449	1489	1181	532	745	686	688	941	1124	3034	2348	1361	1467	850	507	348	335	243	236	293	311	254	330	333	332	255	147	308	163	332	173	269	229	263	446	254	1304	1496	478	265	449	253	199	116	128	246	272	124	141	112	173	55	174	93	159	130	118	270	239	64	158	90	138	104	113	249	170	237	454	270	110	459	484	229	255	210	10167	151	266	266	233	410	7332	3752	550	378	974	567	345	425	1335	4557	327	288	335	383	218	319	309	594	565	526	399	416	350	206	252	296	354	268	276	258	445	485	185	1324	11331	13063	5794	384	208	363	450	457	316	307	466	502	273	161	9452	394	157	238	26	64	229	177	73	166	124	135	206	117	87	3	58	126	24	41	69	15	37	14	85	43	42	2	52	26	114	48	35	91	37	82	19	38	96	168	148	230	88	141	284	169	2176	7345	2599	432	523	318	188	90	2616	865	998	1409	35	138	133	121	45	87	242	1577	1393	1569	2006	1689	1530	1721	1616	1730	1922	1547	1892	2189	1062	716	605	381	500	933	972	893	750	985	973	766	735	435	409	632	240	157	444	469	404	525	198	6019	139	208	211	198	235	173	158	235	206	428	392	373	217	15	24	41	37	145	219	160	179	268	25	31	31	44	82	62	122	235	179	186	157	200	218	109	75	257	415	424	369	422	420	433	449	497	1807	1513	1344	1227	257	332	335	310	170	422	737	542	322	385	398	412	403	288	389	274	269	163	252	262	9695	17844	14306	289	273	208	332	244	663	812	681	630	566	571	396	382	12933	1190	277	159	303	114	559	467	634	1018	514	610	257	298	271	237	182	136	161	269	269	207	114	120	134	144	138	202	307	426	152	136	139	199	183	66	127	200	321	314	405	535	1064	995	1267	1116	1025	1092	736	791	715	638	1285	989	474	464	397	266	305	372	352	376	242	185	116	155	249	143	95
408	322	597	717	1874	3227	3856	2274	1199	2118	1767	3601	1265	1468	2796	3225	2103	1428	1160	1398	2317	4802	3649	3019	3843	3305	1166	1516	2454	526	1048	426	636	804	1058	633	602	640	22572	18710	31406	2607	425	142	2045	172	4008	9191	143	42	74	156	121	117	70	88	771	358	527	362	111	217	307	2191	296	519	354	1203	1433	2476	755	530	188	1697	365	249	237	310	475	108	437	386	156	478	393	426	532	513	369	801	620	849	4253	2801	1773	488	470	8514	737	595	1165	637	670	2009	820	9238	1807	2589	1872	3659	7198	951	3740	18791	4834	3642	8400	12176	7487	17318	2909	3762	16992	12990	3697	10599	7268	8696	5221	696	1791	439	357	361	986	2470	1700	1715	632	2145	1000	762	974	2272	650	559	1012	953	239	249	157	507	237	337	202	2571	5183	543	780	797	701	2842	7864	1543	3460	826	1333	1423	1731	1380	1491	1798	772	547	691	418	598	466	986	434	1944	1741	4265	882	822	2188	989	562	670	656	3183	5837	2359	2149	1393	4112	1335	3127	3345	1321	1100	1310	902	17020	6418	579	9012	2069	770	1819	1793	1140	19399	32906	2587	13715	2430	1625	2010	23703	5611	28463	6820	2351	5215	2846	1171	5510	5464	1368	1406	757	1415	6942	21316	9855	887	718	833	921	955	958	995	1488	861	1266	1233	1302	1394	2346	1426	1016	956	1438	1204	1281	1393	6062	1016	1665	1277	1650	5305	1220	4406	1956	910	403	576	552	600	505	4797	29697	615	1112	1407	2935	2747	2633	2656	2672	2468	11030	6988	2450	5682	944	1335	1032	726	7224	14562	2833	769	560	3232	1679	3250	1395	2962	1613	1133	1342	3350	29634	785	576	2396	1721	4507	5347	1513	1001	4252	6721	7427	12407	3748	1381	2319	559	2559	1612	714	473	542	395	674	989	1712	686	366	632	719	528	776	526	1105	528	763	678	724	478	450	6904	1375	228	314	288	1243	651	1044	1687	425	525	413	456	715	1332	1265	934	510	634	798	1391	456	485	411	1003	178	282	926	1218	898	942	1139	389	459	624	723	516	344	1368	6166	6104	228	687	1763	9156	447	363	1573	242	432	1549	1994	8698	753	1408	2708	2693	1454	2643	19502	18894	10067	11880	2216	831	597	1057	2409	2535	669	855	1577	768	859	4825	641	859	504	731	942	579	449	755	832	2358	677	227	254	373	320	973	233	209	137	141	275	150	306	1208	633	213	447	3443	2672	5929	5973	472	885	972	1425	1778	1510	1781	1708	1291	2563	1249	1522	798	1696	1108	362	1416	1061	1090	273	315	1642	473	1318	874	1945	520	956	686	901	781	406	562	807	413	580	617	295	283	178	316	610	346	366	765	1014	471	406	1478	357	624	419	2394	409	2103	530	563	374	904	997	397	401	585	459	361	573	614	398	488	122	2513	149	86	604	68	15	162	528	71	69	63	65	85	92	109	140	898	161	41	28	91	101	144	79	130	386	361	431	2931	531	570	9217	457	258	306	348	399	86	115	3816	158	513	1628	406	491	361	265	334	248	402	1878	30046	8919	845	378	677	1115	3418	654	165	1180	309	2589	1557	266	188	933	241	395	1636	3561	1891	5901	32872	6267	1205	1263	627	911	993	375	1303	752	373	4298	620	669	634	1656	803	856	456	1922	180	153	2293	158	107	101	276	2309	1081	168	200	283	332	196	288	312	1829	1004	176	705	483	375	266	382	340	433	945	803	565	977	979	995	788	701	796	1785	2787	703	919	1848	2609	945	1238	881	586	875	812	728	1396	955	586	537	1535	632	621	293	740	203
832	651	940	240	395	185	224	246	328	230	231	395	580	258	163	535	304	306	578	493	487	412	558	340	335	391	621	481	390	381	389	1915	798	1322	1150	296	156	570	321	184	281	438	336	286	185	306	204	246	140	212	193	182	223	200	111	169	103	214	129	344	152	15	190	389	466	461	387	453	994	600	486	630	2112	2118	2308	2496	3116	3065	3142	2829	2239	1121	574	564	515	890	920	487	596	423	637	573	447	496	451	406	882	571	442	383	470	489	774	620	571	625	300	364	415	300	371	388	399	415	427	383	418	943	387	424	685	642	474	2129	908	723	1907	1876	4851	3793	3651	3775	3869	3790	4158	3507	267	314	802	186	167	385	380	422	256	354	412	303	394	135	171	186	356	174	211	374	385	314	209	213	120	207	422	382	330	937	429	526	594	830	521	769	763	688	1499	1973	1707	2173	2148	2057	2060	1872	1006	563	622	1065	388	0	0	296	854	552	861	662	492	480	501	831	488	1689	2000	1422	1915	1471	1833	1772	2022	2440	1621	1756	1849	1694	1638	799	589	890	809	489	1106	468	616	747	596	604	1080	558	646	412	770	739	894	1090	815	954	955	1209	1208	1064	343	225	277	343	1037	653	812	759	467	1051	891	1090	780	1467	1049	1012	332	1098	657	672	1616	408	817	1474	491	420	530	396	825	398	376	493	410	516	973	768	823	630	822	723	742	1007	717	1793	930	1070	668	791	1530	1280	968	2383	3047	2412	589	725	821	896	1132	741	750	850	1153	991	1009	627	505	424	552	625	550	541	763	650	701	466	595	757	588	784	760	838	650	566	655	546	846	512	343	490	453	383	363	223	322	335	291	1282	445	416	510	230	348	260	314	337	204	228	311	159	104	281	223	497	2216	2469	813	950	851	855	1623	3196	3300	3353	2614	2126	2560	2699	2533	2387	2528	2411	2539	3344	2579	2027	2453	1880	686	380	260	350	381	297	365	378	451	467	236	328	390	208	310	230	275	250	1295	1318	424	488	560	1306	1018	728	1016	1054	875	897	929	711	734	1109	1248	862	898	642	614	557	536	307	156	85	124	87	162	73	170	108	209	229	186	71	185	236	447	444	141	110	143	116	114	213	167	232	280	288	257	190	88	366	211	225	317	332	176	232	584	513	579	699	763	577	360	268	263	259	227	465	213	340	328	301	446	571	314	299	302	199	81	163	215	236	207	400	239	88	135	85	183	140	210	150	139	155	202	109	662	661	516	570	447	470	569	424	124	205	347	140	159	431	289	363	615	646	494	669	566	211	150	172	107	189	249	300	156	203	239	150	93	117	129	188	384	92	69	89	120	216	239	339	611	292	276	252	155	92	81	201	203	195	307	248	360	296	201	1439	1637	339	198	455	291	277	177	164	193	152	263	177	220	227	246	307	282	550	717	1053	933	975	1115	1108	970	563	101	173	196	244	139	296	214	194	78	209	255	185	197	223	328	409	662	436	331	398	451	460	707	650	740	530	446	576	781	742	383	547	515	666	492	975	326	366	490	490	218	323	217	219	288	214	174	452	422	301	314	248	283	350	328	353	303	274	510	693	739	739	885	1213	721	879	741	518	675	586	541	554	855	802	861	935	695	635	686	593	639	1101	966	743	457	333	319	517	766	390	462	238
1220	1835	1684	1621	1936	1532	1664	1449	1672	1566	1570	1279	1394	4426	1032	1277	959	1451	1842	1875	1267	1259	1177	697	540	674	664	640	608	968	1072	1277	1234	1164	1870	1946	1498	1467	1928	1540	1902	1249	1080	1198	749	592	792	580	699	716	645	221	338	271	375	295	388	412	693	371	394	4791	4393	4486	1980	531	536	2756	4776	915	595	797	673	1081	1470	1156	1326	1963	1299	1724	945	1083	1085	908	721	752	727	805	813	1237	1263	910	1157	959	829	830	1053	542	637	619	747	877	1006	851	887	825	788	626	348	685	533	849	546	452	395	798	475	713	644	820	477	757	847	785	639	561	757	557	666	932	1053	947	845	1129	1009	820	646	693	458	693	647	921	812	471	399	332	323	455	448	325	414	368	466	655	636	498	1771	557	788	1156	842	697	934	822	1017	848	965	2234	861	881	1603	1703	1076	993	1068	1429	1475	1139	1026	1227	867	1156	1494	1061	1114	1076	940	706	1260	936	1005	1188	415	959	700	2015	1844	1499	1267	1500	1419	1235	1338	1579	1790	1855	1561	1778	2536	2591	1427	1019	1166	570	565	533	413	765	749	509	935	884	577	715	1689	597	666	511	816	704	979	1177	919	1134	890	817	870	958	1120	750	830	679	799	900	734	781	860	314	336	243	283	382	466	595	412	684	1236	909	596	634	825	779	674	748	791	955	1042	786	1076	1149	865	565	599	764	1174	1817	1784	1925	1970	1895	1923	2037	1228	1080	958	1097	979	645	430	2079	2000	1946	2146	2071	2813	2804	1749	1922	3635	1880	2100	1368	2116	1957	1915	2007	2522	2232	1205	802	2098	3420	4292	3101	2046	1035	845	788	889	598	803	626	970	830	925	844	718	1065	621	666	919	1406	1439	783	847	740	819	698	871	754	670	273	590	278	332	956	510	498	354	120	141	171	267	476	767	773	930	444	355	519	393	697	426	1139	1123	807	1040	790	842	886	931	833	714	1341	1244	1266	1163	753	1060	844	1472	1103	899	1393	1547	1707	1309	1648	1636	1361	1374	1588	1644	1569	1562	2135	2311	2091	1842	2091	2091	903	1040	882	895	703	651	1407	1590	1507	1059	849	765	900	572	765	819	820	548	314	537	992	1134	1084	1187	1151	1137	374	162	194	343	245	226	199	102	352	179	269	414	212	231	211	375	162	284	212	354	324	383	397	3723	4139	4539	2624	783	298	349	453	527	370	206	253	254	470	186	908	784	601	609	524	632	611	534	698	699	622	682	651	925	793	1130	886	820	693	935	732	810	832	657	1080	1029	954	961	957	1110	1025	1067	1258	1126	897	963	871	887	772	581	588	578	578	710	612	348	588	396	693	407	361	408	310	299	172	373	396	305	471	459	296	283	350	855	337	252	491	791	623	712	606	562	658	462	607	681	787	568	570	518	463	557	556	301	453	812	766	816	1702	2093	1683	1253	1331	1030	729	865	981	897	595	825	925	1122	1452	1273	994	1100	1648	1453	1722	1558	1623	1311	946	1168	808	769	814	717	683	561	808	664	482	448	831	1264	782	595	589	891	739	741	474	484	741	440	906	1244	1118	896	521	435	438	507	586	595	804	475	603	420	567	556	382	408	300	390	370	492	304	702	669	896	739	627	693	900	678	504	553	525	901	993	1048	966	1077	1044	1095	1177	1033	896	1127	918	751	938	523	661	759	749	643	490	938	1085	1555	1711	1751	1094	1193	1282	631	660	686	641	223	379	326	445	538
3392	7913	2069	2554	1488	1699	2416	3385	638	850	1106	3771	3329	2169	2182	1739	2859	2381	2265	2922	2448	1118	1259	1020	1407	2137	1044	1280	975	627	700	669	687	671	386	535	377	416	515	671	805	507	535	388	624	662	359	344	717	470	420	467	444	440	375	1192	1438	825	1054	699	291	494	893	1619	892	1120	1875	1562	1725	1028	983	1345	1536	1338	2004	3611	5478	2140	2207	2209	2354	1804	2261	1582	1698	1697	1825	1859	2102	1382	1072	1333	3893	4157	1933	1292	1884	694	1163	5703	4719	3480	1617	1293	1155	3124	2250	4229	1869	777	4435	2074	1027	4780	5064	5019	2729	5543	2768	2826	6151	11620	13267	8674	8197	7691	10089	1443	1016	1488	1980	1187	1206	1084	1325	1087	951	13025	3579	3717	1817	1023	469	626	245	426	492	403	381	503	466	586	441	938	374	528	459	358	669	1722	5776	878	671	593	542	692	1472	1222	5814	1744	3006	3446	3409	2588	2197	3115	4670	3887	3237	3695	3145	3140	3766	2947	3382	3145	3767	3602	1520	8715	7657	2578	6553	1656	1749	2484	1277	841	876	8942	2226	1230	1004	2165	1620	2949	5782	2842	3324	1007	1071	1101	1024	909	3234	2705	1383	1304	1324	1013	1698	1923	1606	1366	1869	1978	2014	6242	5641	4457	4351	9856	13279	12106	13569	15832	14276	13787	4656	4449	5342	6932	6456	3808	3844	4122	15822	20383	4792	4316	5454	5643	5655	6079	6026	5374	6365	6825	4753	8784	10097	9414	8516	7650	8931	6954	6437	5441	5869	4704	1646	2114	1968	4385	3032	8051	19639	19244	21134	21843	9224	2082	2568	5091	20282	20117	25051	22476	18980	7040	6814	9318	6986	3378	4752	8198	5633	7245	1478	1013	1066	761	1438	1548	1325	722	1122	684	7660	8417	2199	1883	1888	1649	3508	1824	2180	1723	751	1904	508	634	940	1487	1450	1999	1242	3309	941	1160	1099	967	1002	1890	917	686	1008	576	1036	626	572	610	715	494	836	708	664	582	542	438	607	739	1117	1307	619	549	654	2717	1547	683	1409	3183	4110	8945	6001	2733	3619	3902	2340	1823	2712	1481	2074	4323	1031	1512	6961	5512	4571	8437	11115	6748	6034	6978	7266	7836	1462	9998	11630	1888	1340	3062	4317	4418	4847	4493	6033	4956	3080	2323	2483	2041	2063	1889	3499	3516	1649	2062	1563	726	2350	1462	809	795	384	855	538	663	595	511	528	484	737	1457	617	809	817	1175	748	695	762	383	1444	295	710	240	209	307	274	285	305	2107	4134	6133	225	211	196	524	888	488	665	608	273	303	937	1590	1668	1012	1159	788	786	745	630	684	1499	1106	1117	1125	1301	1850	1767	1752	1289	2218	1356	1623	1844	3764	8933	8787	1522	1458	957	988	1491	7890	4868	5189	1213	1083	943	2126	1830	1763	1648	1762	929	989	1235	3693	1923	1310	1218	1387	984	892	1216	1104	1978	7789	1220	1052	10893	1689	1256	1197	690	843	765	1086	625	494	420	493	474	768	2852	1313	907	714	590	866	5933	2893	1742	1932	2160	1640	1454	1617	1548	1664	1315	1519	746	851	874	605	846	1129	1311	857	1230	1023	895	1145	1717	1555	1454	1274	1039	1223	1104	1052	958	1165	786	976	1134	899	1225	1525	2031	1829	854	1167	856	1812	1146	664	731	2829	4745	13011	3902	2407	1623	1741	1539	1873	1529	12186	7002	6823	7374	4017	2119	1671	6359	6741	4179	1684	1271	1184	831	1100	1400	1132	1953	1986	2622	1078	6601	1125	710	1069	863	729	637	772	558	635	553	472	435	398	244	438	646	374	476	319	461	581	6682	544	507	530	581	693	872	1127	1304	898	775	913	1216	1304	1160	6809	1237	910	981	824	877	736	822	1367	895	843	3725	17606	2012	4133	3916	1571	1388	1629	5028	3273	2026	2466
1203	1014	859	775	1994	1114	636	1208	1485	701	569	3419	3522	1582	1389	2407	1515	1833	2159	1389	3169	1167	1860	1298	1656	1118	2205	2291	1727	9148	2517	1371	1426	1033	1085	2110	1347	1041	1414	916	1659	586	668	556	691	461	581	423	765	489	955	437	549	529	589	209	646	424	739	538	179	426	598	1090	2207	2807	2013	2007	763	613	565	1340	749	1387	650	969	1174	4378	1768	2479	2117	2124	1754	2885	1332	1122	1025	976	774	1052	893	1140	1292	1051	1077	1690	1595	1286	1572	1638	1342	1350	1339	1179	2096	1478	1858	1734	12730	4572	1694	1780	2163	9045	2590	2477	2838	5378	5173	2036	1269	2287	5220	1293	1290	2409	1297	1412	1344	960	1038	828	755	4289	1562	1515	4270	14981	14506	9629	3921	1354	1183	1651	752	561	248	1007	394	760	303	337	1119	470	619	373	3562	2155	207	681	501	556	391	1134	716	825	1355	1534	2270	4361	6532	8650	7759	7453	7447	8189	7269	8317	7952	9452	6189	8527	8613	1565	2345	5871	5204	5245	2275	2395	4417	2803	2467	2848	1742	1701	1310	1065	2315	5777	929	1412	2464	2641	3154	1245	2551	1242	1289	815	978	1090	823	866	951	1081	1813	1006	1296	1006	1075	699	908	1477	1134	724	768	2010	745	4994	1580	2767	4549	4214	4316	4178	1222	454	592	1209	377	339	228	809	238	363	167	1164	439	722	187	236	17509	18294	9553	367	306	271	665	1379	543	582	736	657	1029	1007	1562	796	1301	421	2234	2316	1356	781	640	2303	1435	2513	2518	1587	2007	1411	1153	6124	2108	1796	1737	1964	6059	2599	1229	2567	1390	2524	2614	966	2640	1256	1179	1056	1959	12836	1228	604	1009	1159	660	940	432	539	1293	1717	632	1947	2524	788	1295	1237	366	333	499	1319	1075	435	557	3874	985	843	1380	1309	733	632	554	1361	5676	1331	1824	631	908	737	497	941	1588	282	198	129	253	133	115	158	1258	106	770	963	484	683	832	582	669	687	736	1386	1040	876	903	859	752	434	575	704	2164	2482	2396	5845	5320	2382	3375	2914	2575	2206	2610	2499	3799	1994	2802	1119	814	880	2516	7110	738	9978	15001	15377	12364	15157	17778	2588	616	822	921	1194	3918	1321	955	1408	797	697	1191	720	1719	1222	2374	11559	21304	19688	12830	13952	13116	12881	20635	13912	13003	11931	12491	532	544	2670	387	1308	1929	1520	380	1669	733	640	686	12699	528	510	1132	799	614	4970	537	684	597	486	1579	1088	1579	720	2937	1264	1140	7288	6994	7314	3269	348	889	1311	13543	12512	12327	5914	4578	691	4969	451	447	712	1348	625	1312	688	399	610	823	936	541	547	10651	13307	13119	11703	25993	15239	1874	469	1828	1496	1363	1097	736	1401	5218	10041	4548	523	623	5971	18341	18852	4197	635	806	808	355	6044	9855	2013	770	1134	5356	579	1607	1679	308	378	193	1122	501	575	694	465	390	292	1033	381	937	579	357	238	324	510	411	253	191	383	156	375	487	336	298	252	416	398	587	382	341	187	1986	546	447	823	1041	888	1054	765	1146	1511	2201	677	1036	1372	2282	904	1124	991	1138	1579	1303	2021	1550	1224	813	758	1081	862	654	1052	1292	841	1194	1386	2085	2517	1282	2355	1729	2941	2172	856	666	777	2055	801	1044	1934	2221	3413	689	12184	15050	14791	1719	1821	3209	2697	3284	2793	1615	840	4888	731	5010	985	10530	8602	1108	1083	1792	1336	1121	1393	1683	1394	1496	1278	2248	1316	1201	1534	1379	1742	1367	1355	1768	1347	1910	1214	1405	2203	2249	1773	2007	2071	3244	4410	8007	1786	1915	2026	2022	2345	1900	1703	2372	2597	2206	1848	2372	7789	1818	1645	2465	1310	1587	1470	2565	1731
2	12	14	42	59	50	51	49	48	49	30	40	0	1	12	2	26	16	14	18	1	1	12	1	1	0	0	3	4	19	16	2	1	0	1	2	1	24	4	0	12	1	2	1	12	12	12	0	2	13	2	1	13	0	1	2	3	0	1	1	0	24	15	32	1	2	3	0	6	0	2	27	27	9	132	2	13	1	12	0	11	21	23	4	0	1	33	12	36	13	12	21	16	1	2	1	13	2	14	0	0	12	0	15	13	1	2	1	2	11	0	12	2	2	1944	995	1	0	1	3	18	5	3	24	13	4	13	12	0	0	1	22	1	21	41	2	1	0	1	2	0	0	0	2	0	0	1	0	1	3	0	4	0	1	2	0	1	1	145	15	23	1	2	2	1	2	3	5	0	13	3	28	1	1	1	9	13	66	14	13	17	3	16	21	12	12	40	102	32	35	34	52	45	86	52	0	2	1	1	1	1	1	1	32	11	34	2	2	1	0	1	0	0	1	1	1	0	1	2	14	14	16	3	1	1	4	0	2	27	13	16	2	2	15	6	1	0	14	7	14	6	3	5	3	18	0	0	0	0	9	26	0	0	34	1	1	0	1	2	0	1	3	11	23	0	1	2	1	11	1	13	24	116	327	785	1	33	50	90	3	4	11	162	81	0	0	0	3	2	0	206	348	537	1522	57	60	3	844	1083	19	657	104	2	12	2	35	1	12	3	1	1	6	1	1	0	1	0	11	2	2	0	0	0	1	0	0	0	28	31	14	20	32	74	54	28	23	6	0	0	0	0	0	0	0	0	27	57	26	23	0	13	0	1	1	75	42	19	33	24	0	1	0	1	11	0	0	0	23	11	0	1	15	2	4	2	38	45	62	14	31	34	0	0	11	22	29	14	0	0	1	1	1	1	0	1	0	3	9	1	2	32	2	42	38	37	40	23	33	33	29	23	22	28	9	15	29	26	10	31	0	1	0	6	19	18	28	39	15	15	30	10	22	40	27	32	26	16	38	14	24	15	15	2	0	1	0	5	10	5	0	1	30	51	28	11	0	0	2	2	1	5	0	0	1	2	1	2	18	44	3	0	1	12	2	4	2	24	2	1	35	2	2	3	0	1	2	1	12	24	19	1	5	0	3	1	0	1	5	2	2	35	1	23	21	0	157	6	0	11	1	13	35	6	23	33	1	32	13	0	0	1	1	0	3	3	2	0	0	1	0	2	0	0	2	0	0	14	27	17	27	1	2	1	2	1	0	1	0	0	0	0	0	1	0	1	2	1	23	34	77	26	24	0	2	0	5	1	22	40	18	3	3	5	23	37	5	30	18	18	15	9	33	30	6	23	33	58	72	96	87	64	48	60	121	79	89	91	77	72	33	12	33	32	59	40	52	31	33	49	44	24	49	22	23	67	23	25	24	24	40	6	1	0	6	18	2	36	23	19	6	2	7	11	3	11	9	10	1	197	298	12	12	13	5	26	23	10	6	10	2	1	0	5	28	16	30	49	30	0	14	26	2	1	50	1	2	11	76	33	1	38	12
76	123	72	67	68	50	36	143	117	25	52	52	43	53	14	76	129	117	44	95	8	65	58	57	102	126	93	47	132	54	75	131	138	13	12	96	8	20	12	30	9	45	104	189	113	3	22	33	46	97	122	48	27	105	25	36	129	104	89	64	57	107	71	25	94	65	30	136	5602	5721	5815	4661	4471	450	1255	7408	3402	899	852	103	118	44	36	31	388	85	69	3	10	49	34	29	80	4064	374	267	267	1135	382	480	329	367	497	646	487	450	597	850	715	79	46	184	73	1901	109	83	25	49	228	275	182	89	174	51	165	11	143	103	27	71	46	40	33	11	3	52	55	1	18258	13062	57	40	20	79	47	128	16	59	131	14	64	37	21	109	81	72	37	34	210	238	165	54	163	119	94	97	2030	104	200	101	277	101	39	17	11594	847	141	260	149	155	30	67	191	93	299	201	134	259	174	211	182	43	78	194	73	111	39	48	72	86	57	108	62	156	176	68	122	327	166	372	661	579	739	717	704	820	619	282	42	160	90	16	111	269	370	312	115	64	32	91	55	139	59	14	87	61	86	81	116	76	61	62	59	46	24	66	98	85	85	48	42	98	12	43	173	837	964	1079	808	963	383	31	36	7	120	37	29	90	298	24	76	122	315	1363	752	1118	619	759	96	28	80	208	165	114	118	126	407	428	157	134	41	61	109	111	7	67	158	674	40	13	119	130	250	102	71	105	172	592	191	6987	28	276	219	214	311	79	41	43	60	19	1061	22	71	61	126	79	133	194	157	97	121	180	6302	30	20	5725	38	17	40	62	45	106	62	72	63	22	25	52	170	18	40	39	204	102	107	139	188	162	50	70	55	174	164	326	147	100	30	67	67	70	101	68	93	73	83	191	151	93	97	272	176	245	220	86	110	87	75	135	198	190	180	70	69	80	83	80	19	38	112	43	44	49	85	210	232	72	155	105	97	42	62	24	54	86	81	97	76	31	86	39	39	104	77	31	30	104	24	2	6	37	17	29	40	42	13	7	45	136	119	85	33	8	18	5	13	3	1	1	10	4	37	182	50	91	93	59	21	76	92	71	5634	26	31	24	76	45	64	124	18	49	51	77	117	3390	135	143	208	198	102	186	141	137	113	266	2623	6289	68	124	219	190	42	150	219	167	68	147	68	96	140	37	59	74	84	67	105	65	89	94	124	163	51	116	6449	1638	393	214	229	201	65	49	51	54	28	31	41	58	60	125	26	71	66	73	69	87	54	23	15	25	18	46	41	71	23	131	44	69	22	42	128	144	177	106	36	130	60	82	41	159	103	129	167	240	285	195	136	33	48	45	45	40	68	24	74	47	45	84	104	89	66	155	239	114	91	37	23	23	53	30	4	7	4	9	69	130	40	23	26	12	33	55	72	27	10	2	5	50	22	38	30	47	44	76	17	13	17	4	15	2	15	1	1	1	4	12	2	18	36	19	19	11	11	1	1	12	68	31	69	21	19	0	50	698	3384	1977	36	173	224	207	116	178	122	110	116	170	38	108	67	170	65	30	184	118	422	224	378	328	260	272	204	260	222	92
246228	258607	252211	242830	234501	232058	251129	244989	235377	226785	225754	233002	216451	226607	228157	227353	230400	227787	225724	245870	225539	266017	266274	232586	227836	225617	222801	219334	226969	217428	209061	207341	203042	203473	202717	197015	194948	181523	181434	173717	168010	153612	151207	156617	162370	161971	161347	150105	147919	141282	136495	127497	123097	121745	119686	118050	120874	120117	126780	134653	59932	123371	139310	150984	164091	173916	188161	186225	193398	200855	201968	206875	211236	226536	231950	231213	251260	269210	266674	253446	247211	244210	240590	242431	246532	264145	245594	266098	254547	250210	244879	235948	245129	246191	233109	223743	236883	236702	238404	232388	243694	244013	241923	241060	240519	240210	233539	233476	228814	224716	200264	193768	200260	225758	200280	209798	203325	204655	213039	225771	215314	203646	213826	218658	215060	208885	205044	201714	180847	178194	170307	169222	163916	163591	156118	153658	150431	145536	138220	134109	133446	127598	130912	126925	122824	119889	118975	121698	121673	123115	119091	123302	124302	121686	123240	130484	141640	144635	144911	159487	165080	170920	183254	200094	211576	208223	223244	221505	218834	230756	241668	237476	242324	240581	253103	257857	248892	251742	266830	269216	265514	265986	277206	263243	261616	267114	257587	276274	264629	264387	276227	266591	265820	259402	253888	238458	237365	244204	244471	238989	229968	221087	216023	224439	226075	224178	227536	237554	231565	219416	218859	219791	224391	226442	237767	242600	228282	214090	218919	214543	206995	201863	193066	189224	186958	180188	172271	171866	174644	162196	162085	158950	155948	152539	156845	149777	140180	136410	136825	135129	130956	126977	124377	121157	125085	126932	126796	129890	133946	128958	131867	145828	150353	156862	162162	160270	188434	196852	208755	214317	214357	214885	203056	213259	228941	227455	225211	258024	247227	248897	262024	266047	261415	251539	250430	249616	254891	262585	266228	278081	261502	254757	249036	247555	255279	253778	251550	244654	251844	237693	228699	219672	210669	224653	219115	228369	228285	226525	225753	227653	234721	241273	225896	227406	222046	230083	236462	230032	243239	243881	232096	218193	218822	215500	206756	219127	209377	199434	189017	186816	185527	180791	175617	175896	177266	171285	168128	169919	163893	157650	156063	156219	163460	168065	180405	164959	150758	147566	143570	133957	131401	134361	138340	138824	134760	135574	133497	137253	148154	152987	155929	164542	169322	174857	184196	188725	214502	223976	228796	230222	239196	242910	236681	238626	237973	233709	234648	253154	250415	238945	259344	272573	263578	262922	246961	253380	254808	243358	238111	241756	245702	230338	222544	227637	223756	228892	220265	211496	209018	212151	211169	219259	212461	209213	215724	206354	200340	204137	199095	196761	196266	190116	183282	187145	187560	186936	202814	196194	192360	200494	188468	193747	174789	168021	172791	176111	161205	157634	152943	153547	138727	139417	136816	147373	136853	127350	124838	127710	162212	150881	157675	151142	151143	147981	140845	146302	145376	139278	140106	139038	140083	141780	139174	123957	106637	107967	116556	112500	117921	125861	136678	132159	145297	139640	152718	153602	161966	160897	170539	178744	176745	172607	182083	184004	185126	190307	190163	187435	186862	188626	185445	188655	192994	205484	204012	197438	191665	192686	196293	197366	191034	184896	191174	199678	198864	186013	187599	183261	172933	176971	170353	200109	212166	202259	203763	203823	197343	195664	204136	204625	190300	188323	189733	194605	198796	198054	191094	182279	181321	188997	185092	167276	173094	163377	163963	154277	150051	160047	149970	145951	147393	143674	134204	127080	129636	129534	121445	125475	123698	126494	122586	119640	118193	117004	116142	116980	116366	115151	109551	111104	114903	115527	116625	123868	123294	129718	136375	143088	145906	152470	149315	154230	158087	161128	169834	182105	187290	191115	202601	206168	207627	213189	215380	206620	214162	198194	199351	201751	193770	200624	195090	206803	207180	220570	212680	212616	206969	211018	199624	198602	202788	210413	211101	213291	211438	209284	206318	199052	200396	205602	208378	210790	203298	205511	202290	199064	204652	200532	202118	226607	210400	203469	196695	198604	190636	187901	181207	169248	164846	169412	165380	172333	176608	166379	168998	149552	147550	141928	139338	135511	134257	125253	125964	125362	115013	115317	115298	112466	115939	112715	114271	121992	120648	120333	118429	127670	135772	145503	154722	163216	169107	174324	176784	182789	188900	198936	207998	219422	225971	236048	241162	235311	234661	257423	254752	257004	244217	243816	259856	269085	258040	258196	253434	256809	259366	240664	245478	241473	249847	247347	245109	250378
122256	126950	128567	133354	130027	120702	120580	124095	124449	115611	136509	129022	127849	120427	119456	121258	121917	124122	126732	125233	127039	127934	129696	121870	119354	118155	115395	110133	111644	107950	105824	97377	103051	125418	125518	120943	104513	94345	98660	96239	90030	83118	82512	83066	82494	82474	83467	74189	73299	72864	79418	79467	69205	68032	64785	64654	62357	65466	66032	66920	27451	48755	63253	83385	90347	87344	102481	89772	91585	95907	101441	110317	109159	117325	124966	116394	121722	134043	132635	145082	131892	117282	117314	115940	125346	128322	117411	116160	119353	130482	124368	123943	119880	120471	115980	125213	125470	124390	117119	117118	122045	121106	119508	120663	116632	119800	117114	117054	118890	115043	108051	102761	120864	118329	118493	109858	109791	114486	115886	120366	114916	113475	115100	118447	108523	114114	114585	112268	102168	95881	93584	91845	88106	93273	87622	80451	80555	76489	75230	75110	71659	68907	68665	67787	68475	66414	63118	73738	65992	64697	65197	68410	76708	72956	74694	73920	69084	77612	74674	82867	83781	90432	96305	100152	100962	100823	115289	113616	115765	116094	117572	125718	127234	131580	126580	126430	133107	130179	131525	127567	129407	132330	138591	135279	137183	137007	138309	141754	136852	130631	134372	129490	132897	137587	128218	126207	129237	132492	132285	126904	126483	123089	121987	128497	125704	118621	124395	127677	123884	131884	131892	129729	127140	124800	123121	125977	121815	120505	116009	119824	118456	114283	116485	118103	114486	108918	103293	102263	101098	103649	93366	85731	89790	83120	87873	80692	78916	75999	81047	80489	77434	72421	77421	72549	68090	71331	74681	75468	72758	72968	75203	79306	86821	78138	81071	81874	82563	96931	104117	103943	100343	102154	102295	109442	115783	116698	118816	128045	122214	124236	136587	131979	130266	126909	122768	124246	129830	132173	124233	126147	124650	125748	126512	144171	140898	130130	133008	128297	134239	128860	135632	128188	135330	130738	129079	128704	128961	127857	122642	123038	127512	120955	124212	127494	158067	143999	131563	132247	130209	128926	128350	137860	147024	134328	140275	127212	118419	110736	112477	118250	110896	105996	107197	108483	102366	96480	94242	94598	94764	93386	97823	86449	85692	90811	87831	85796	82157	78598	79302	79188	77409	78330	81426	81638	82214	80110	86488	78065	79070	81614	83980	96710	102437	109850	105142	106520	113763	120299	112136	104269	119926	117428	114713	117484	118462	129333	135204	123217	115630	117419	126025	142027	141596	142733	139098	133301	136350	135282	130451	125927	134346	121857	125996	119512	123860	121971	114402	113719	111434	111358	118061	115077	113019	113560	117383	115735	112095	117253	112994	114199	117171	109941	111330	114226	111929	113326	115435	122614	112700	111537	120690	116888	115018	111800	100385	94423	103827	102378	104911	104733	103027	94786	80973	76873	81030	72393	69972	68527	66161	68318	63574	62857	61356	62200	60576	59233	60541	60487	63680	57468	59389	54481	57659	56857	59585	66063	66050	68929	68957	75327	75496	74630	76410	88227	84848	84201	89961	90545	90368	87566	93584	92592	100346	102273	104046	100353	98276	100202	104716	104873	97993	102111	102355	110099	111023	108190	110511	106836	108398	105005	111145	109863	110756	110821	110810	108528	105442	110121	98330	99298	96297	105326	105222	107054	106260	116440	111485	99532	96875	103113	100382	96198	96940	100833	95785	94203	91078	87447	89108	94715	86139	82875	87611	82752	82209	85762	78571	72635	70050	75424	70853	68168	68073	66246	67860	67180	64980	63272	68170	59666	61726	60522	59767	59428	57553	57537	61016	58735	55278	55990	56459	61225	58011	60038	60575	61532	65380	72706	75958	69877	78424	82025	83791	80768	83282	85231	86524	97431	102738	103381	102201	104376	107001	115981	110255	110946	117183	127573	127615	119929	117979	122022	122680	119665	117993	116619	115572	121153	122125	123281	117934	123621	119116	115809	121296	121665	125263	115890	113633	123113	123120	132843	136848	121715	120019	119298	120507	130190	131104	132261	127848	124129	129761	113547	108215	105214	96673	94899	92942	92616	93823	93339	91311	86196	80969	79251	80327	75374	68627	69059	69306	66103	62445	62494	60021	60446	63074	60621	70110	63061	66480	66323	68040	67664	65426	71923	80014	70374	75018	92805	93099	94019	94057	93329	90949	98240	104372	109239	111681	116184	110436	112096	131388	125139	134967	120001	124877	114708	120074	126289	125441	142497	145666	143271	136885	131689	129108	124745	129415	133371	134176	133427
124	250	151	160	183	236	97	116	123	128	102	216	176	143	77	167	436	293	268	328	294	457	453	378	317	124	310	306	363	276	255	291	255	283	90	22	43	117	66	69	38	38	146	155	43	28	49	47	70	85	8	37	59	51	33	27	114	112	20	101	3	39	44	27	3	25	87	171	73	36	58	26	84	139	79	93	15	25	6	90	210	130	168	47	54	87	39	64	128	46	93	74	58	58	32	52	16	57	147	182	68	92	161	13	47	90	183	108	99	221	273	105	133	322	227	238	114	158	185	193	248	187	121	246	372	114	228	80	94	37	72	117	89	17	31	45	15	18	30	45	29	48	65	24	82	86	65	8	4	5	4	73	6	4	6	1	0	2	27	28	6	3	6	4	5	288	330	16	15	39	27	70	134	76	67	80	224	77	214	133	72	14	44	90	282	79	26	4	114	186	87	30	6	103	88	147	130	14	197	116	117	47	116	187	24	101	110	23	250	98	156	186	121	356	203	534	357	348	242	237	279	205	54	106	128	78	183	220	308	370	236	196	265	219	340	181	219	108	108	53	141	129	41	99	132	97	113	67	25	74	25	51	60	54	34	65	43	61	55	131	130	66	96	55	28	31	59	193	113	191	151	58	73	183	171	116	113	161	139	139	93	108	209	146	89	64	104	193	328	277	275	328	486	409	457	398	285	567	277	114	76	213	186	240	138	200	17	20	99	308	354	150	133	192	116	421	193	159	279	236	94	257	30	77	100	207	123	165	164	84	114	141	100	102	59	60	190	140	136	37	18	104	94	25	99	36	116	122	71	70	108	138	27	51	80	108	43	35	52	18	11	24	74	348	461	376	362	370	292	452	670	607	107	130	80	99	51	102	27	24	114	132	81	117	63	88	108	99	233	174	200	169	86	90	102	57	114	226	121	27	75	91	113	19	63	92	54	53	99	336	352	121	181	103	81	86	106	120	105	104	32	42	47	58	139	55	27	3	14	16	41	22	76	27	73	62	82	17	19	48	22	19	7	10	3	2	29	18	34	15	5	50	24	2	3	11	68	90	59	82	72	48	53	67	4	30	2	3	4	37	80	34	103	160	85	55	27	56	54	43	101	62	64	151	51	82	82	97	70	164	118	20	39	36	85	214	62	58	46	59	25	138	122	178	51	121	98	173	116	60	131	143	43	157	143	124	145	118	175	112	60	58	47	9	50	67	90	38	72	39	12	38	129	37	31	46	156	91	2	3	3	56	13	5	1	2	12	3	43	46	12	15	23	73	34	41	8	28	2	60	47	37	26	62	8	14	3	74	51	75	56	53	25	82	72	59	71	44	57	129	104	108	145	99	38	67	152	138	139	155	155	171	224	179	188	206	117	191	228	191	189	284	176	173	255	131	249	210	364	298	216	213	153	126	170	198	188	58	157	106	99	87	98	182	214	200	87	87	76	149	123	92	91	98	122	73	129	83	121	30	25	12	50	30	65	7	42	49	34	25	79	67	59	76	45	123	78	155	232	211	204	274	204	235	355	267	133	200	223	75	71	156
1	108	3	3	5	26	11	16	13	2	4	1	1	2	0	45	121	128	16	5	14	13	36	20	3	1	26	0	13	23	0	13	37	0	0	2	0	1	26	1	1	0	2	2	1	0	0	1	0	1	0	0	0	0	3	9	0	0	0	1	0	326	0	2	2	0	1	1	0	7	26	13	12	29	20	18	19	20	9	30	20	17	16	21	770	476	675	720	673	785	556	242	78	7	9	37	17	118	73	116	116	44	16	17	3630	10875	12134	9101	32	0	38	33	17	27	38	78	49	25	26	0	1	1	13	0	1	24	75	0	25	0	1	13	39	36	13	12	33	14	16	14	13	108	50	50	48	12	48	37	17	12	28	33	25	26	1	0	0	0	1	1	25	4	60	1	5750	77	184	128	13	302	135	115	179	63	80	29	0	2	3	12	8	26	82	67	42	43	35	28	19	38	3	24	4	4	28	69	5	38	51	50	51	78	8	14	1	23	0	22	1	6	35	0	5	13	2	6	1	0	1	49	72	24	0	14	1	1	0	0	1	1	1	27	28	12	0	0	0	12	17	0	3	5	0	0	12	26	21	0	4	12	0	0	15	0	0	0	1288	103	5	2	1	13	66	63	0	41	0	13	13	89	33	29	2	14	1	60	180	37	2	383	160	97	79	71	150	15	4	4	22	48	1	5	33	38	43	0	135	6	5	6	6	10	1	3	7	17	46	147	541	890	760	208	148	193	97	179	118	224	169	206	38	73	50	60	84	127	36	75	49	37	96	36	84	133	121	24	96	48	83	82	85	0	3	0	2	4	12	14	4	32	34	43	36	76	69	36	61	279	390	296	113	247	25	89	16	132	502	450	534	364	239	61	503	96	67	10	13	38	79	85	14	5	3	7	12	80	142	171	15	28	2	64	35	33	70	4	92	85	16	3	27	2	2	4	12	25	37	36	62	84	49	69	49	95	38	83	13	0	0	1	1	0	1	0	0	0	0	0	0	1	1	0	0	2	16	28	4	7	4	4	5	3	3	3	4	3	2	1	1	4	4	3	28	3	0	1	12	12	26	33	10	8	0	59	18	21	0	13	26	36	1	1	22	20	0	16	15	7	1	0	14	40	0	1	1	0	14	20	21	14	5	4	0	0	1	2	42	24	13	0	1	2	1	2	17	5	1	1	0	0	0	0	1	0	12	38	28	1	0	1	0	0	2	0	0	0	1	0	0	0	1	0	0	0	0	1	9	0	0	10	9	0	0	17	0	9	0	10	2	37	2	0	9	0	1	1	18	10	0	0	0	2	1	1	0	1	5	12	10	12	2	14	0	40	9	1	5	34	48	118	100	80	50	35	39	55	49	2	2	59	53	180	151	39	0	37	0	2	1	26	7	3	1	37	74	1	12	0	2	10	18	10	25	1	0	2	1	0	0	0	0	0	1	98	13	1	0	1	1	0	0	0	1	0	0	0	0	1	1	12	12	0	12	53	138	85	17	13	67	52	98	53	15	192	187	394	719	579	763	551	124	12	21	36	70	61	60	136	563	433	518	607
402	363	460	4962	4548	382	558	491	517	718	806	797	176	222	207	166	298	203	553	268	236	547	1220	220	17	289	66	123	56	535	328	746	745	69	235	198	578	76	840	150	182	177	189	240	3261	2799	197	131	179	207	494	187	194	120	232	369	159	73	452	97	2	1701	1430	4692	16914	7226	535	1880	378	408	436	330	663	1194	1285	2745	3730	3669	3264	3706	3961	3815	3656	3555	3813	3780	3686	1736	364	1262	1552	7474	6398	6428	5277	2789	2327	2488	1354	186	243	209	243	203	176	392	222	439	93	125	209	104	157	6230	220	243	204	348	566	324	486	526	4019	1540	342	898	809	5116	9003	9851	9652	10609	11868	11286	12708	11505	11423	9897	3952	9839	1883	12269	1920	736	454	453	513	517	224	6213	263	65	66	13	328	110	33	24	29	69	286	331	284	260	259	159	105	254	351	305	316	637	402	606	407	1098	773	396	499	438	2290	8349	5684	2177	572	1911	418	1181	309	1128	1269	3993	2121	477	891	1303	1775	1241	975	620	452	317	1182	5081	1159	143	1043	915	1200	628	668	675	549	1728	737	13203	652	640	1488	587	841	1103	2158	5188	205	78	46	22	166	30	127	157	159	80	6291	18124	190	4568	31	34	2	5356	1794	384	163	50	57	25	20	685	879	751	996	715	891	961	850	121	178	1062	626	193	4720	6704	496	250	313	411	447	203	584	982	739	1359	211	314	370	189	3992	363	200	183	125	159	150	58	360	185	253	175	104	1712	142	81	385	129	745	254	295	331	322	335	787	534	1020	1115	3258	1723	3097	938	732	2588	755	241	432	380	2833	1724	482	3723	717	498	1368	3284	1264	1574	1621	786	1387	2381	1214	221	114	9867	505	153	120	180	459	1497	744	1153	1021	136	2306	2982	2844	1705	846	480	266	427	318	896	6334	237	473	237	657	583	698	781	290	1498	129	208	745	117	203	259	175	978	525	1089	1219	684	998	623	1094	72	204	94	125	257	1252	106	68	6721	3596	480	173	286	87	263	141	206	134	152	96	128	66	87	88	256	104	872	178	692	2563	129	295	89	135	192	3268	9186	11765	10864	9111	7054	98	26	201	237	790	116	280	6854	52	10678	11819	2195	156	134	91	3520	8800	119	41	85	1051	43	587	62	173	130	116	986	724	784	490	473	439	1463	536	905	1033	837	456	454	328	444	398	1017	1295	920	398	500	503	737	689	772	995	1160	1104	1326	1382	1203	1457	1934	1704	1355	280	496	1057	207	198	126	134	194	179	423	522	179	220	679	176	336	507	622	541	287	299	91	0	0	0	25	120	43	2316	1409	133	45	5971	14	14	18	82	72	96	515	25	4	24	4857	36	12	113	14	32	10	23	13	63	143	207	378	398	229	123	9	19	33	12	1	49	79	40	72	626	3101	122	1973	150	2536	127	87	150	98	32	452	911	1292	56	76	86	114	74	77	171	356	493	466	290	153	132	135	263	118	1242	478	130	87	271	284	140	956	148	476	320	291	197	753	1035	748	419	718	2485	3604	486	1632	528	660	393	193	278	816	16	393	410	62	90	54	198	5	1238	2524	243	37	157	616	565	19	24	151	109	2	54	23	403	8	31	112	136	20	12	21	47	127	174	177	137	637	197	145	167	51	228	296	237	229	1560	784	6536	305	460	313	668	641	553	524	916	357	498	323	780	612	557	1358	835	3901
725	486	688	609	609	580	594	1114	503	765	719	602	801	904	1497	1856	1362	1101	907	581	715	945	803	820	532	506	909	970	728	721	916	867	654	753	856	1026	924	926	1113	1074	1429	801	712	802	843	783	884	813	508	613	596	491	511	795	541	308	578	848	470	421	138	223	362	427	500	575	356	337	571	638	555	407	660	810	637	979	808	958	727	443	349	467	381	434	313	657	414	276	280	440	465	540	704	601	848	635	591	324	593	420	553	536	587	1105	991	863	1269	1197	1739	1407	1139	1104	1151	707	694	386	589	601	373	424	400	677	582	388	348	796	668	767	841	793	281	343	402	381	283	666	342	353	350	434	184	220	250	239	269	150	244	300	369	204	113	194	126	194	280	194	115	342	350	305	294	321	221	389	281	456	271	154	215	237	374	320	463	299	438	668	541	469	506	468	463	648	416	466	394	412	438	621	462	487	397	493	624	599	376	520	561	501	217	240	316	324	254	285	391	467	548	524	331	590	728	522	483	349	213	378	605	272	209	475	396	503	332	282	294	455	749	492	566	610	539	442	398	407	266	678	353	262	216	192	339	185	155	183	354	147	129	131	180	53	190	148	126	230	249	303	251	188	179	209	276	296	224	264	178	285	432	341	183	466	448	541	704	319	279	292	225	217	197	173	192	301	321	557	1215	665	801	599	746	611	501	298	578	718	750	835	925	727	752	610	682	518	414	508	425	404	360	680	869	595	622	727	753	799	445	243	624	455	374	341	469	211	267	403	717	597	691	256	619	231	510	416	404	441	388	298	268	401	475	460	609	452	458	547	474	417	466	256	358	507	252	340	181	433	480	485	440	211	341	642	466	424	618	481	295	666	1085	581	506	429	558	837	448	446	499	248	226	192	343	602	502	368	619	463	352	793	684	828	514	255	336	284	418	407	373	515	460	426	490	393	357	366	501	747	785	625	714	900	840	945	767	542	611	624	616	356	340	367	309	423	414	415	357	204	386	425	359	363	412	372	490	343	339	383	369	316	295	351	221	264	195	301	132	193	120	199	241	415	207	273	299	145	463	609	266	293	168	196	207	299	220	249	289	360	415	468	484	197	295	266	349	433	261	313	561	692	514	432	425	493	495	415	325	408	225	339	452	313	342	449	299	556	352	189	144	169	330	267	299	261	311	272	141	651	411	506	833	538	619	561	445	483	439	500	533	479	569	423	507	508	591	486	471	315	389	236	455	234	143	100	163	158	337	162	185	265	383	473	285	221	160	151	222	83	100	228	133	234	157	100	96	320	339	289	162	145	208	342	226	171	143	325	263	398	277	365	338	269	219	518	222	180	191	324	521	294	392	172	279	558	694	620	770	759	507	339	429	155	387	243	148	408	306	342	272	255	401	307	164	332	247	175	161	220	265	384	524	438	381	525	381	360	276	400	258	354	283	352	283	293	327	240	297	189	210	210	236	136	48	160	182	233	293	251	187	147	127	141	177	136	213	180	251	385	393	177	166	188	320	357	384	403	715	277	392	368	239	168	504	312	238	325	283	239	340	491	352	537	509	665	1751	1764
880	463	639	402	746	869	789	1093	908	802	797	969	1035	2695	1761	1584	9317	9644	10324	1408	3569	5397	5668	5437	3452	2160	2424	2107	2192	2611	2690	2129	1928	2191	1955	1518	1353	1271	1461	2460	1492	1258	1569	1636	1492	1319	4242	2486	2497	1572	1651	1979	1729	1984	1884	1812	1552	1572	1407	1368	1684	1970	1149	1244	1088	991	1509	1746	3033	1573	1273	1561	1704	1486	1261	1193	1287	1171	796	793	1271	1302	2520	1816	1050	1276	1847	1080	1291	1046	1093	820	2950	1048	4174	7597	1229	6194	707	1126	1402	3819	2266	834	909	1148	995	1259	2327	5228	1092	917	1263	5269	1226	843	820	6265	3726	3851	6054	945	2160	1372	1619	1415	1748	1248	1068	1043	1207	1360	1444	1370	1219	1682	1307	1073	1291	1587	1134	1486	1439	1379	927	970	967	637	718	1090	500	502	826	725	598	442	1639	1144	735	1464	1532	930	993	1223	1162	922	905	898	1115	1316	1212	2209	2952	1704	1619	1735	2296	4218	1466	1739	2359	1681	2623	1563	1439	4191	1566	4517	2626	1958	2023	1858	2919	2013	3272	1576	1575	1962	2552	2141	2273	1828	1130	4358	2020	1338	1680	1934	1868	4198	2657	1694	1453	2065	3427	2746	2526	2641	3103	2157	1979	2491	4244	1743	10348	2232	1544	1605	2543	2536	1732	2125	1879	3783	9418	5783	1525	1548	1787	2542	1983	3748	4002	3237	4901	5488	2043	4063	2193	2461	2018	2029	2125	1993	1310	1440	1514	2112	1649	1175	1471	1623	2780	861	1201	1198	1147	986	2244	1332	1151	2436	1931	1400	1724	1571	887	1203	4900	2394	1173	1212	2313	3000	882	1138	4202	709	831	1035	4384	5869	4348	3621	2356	1131	1065	1280	2504	1571	1476	1254	1440	1388	3140	1658	1084	1702	1645	1820	1448	1680	2937	957	1568	1003	2663	5410	8820	9044	4041	1639	1437	2172	1548	2293	1422	1244	1261	1057	3849	1135	3127	797	705	833	826	1110	1491	1158	1141	1042	1107	651	938	1245	1410	1220	1462	1506	2009	1622	1507	1368	1491	1026	977	1376	6389	5080	1984	1834	1281	1266	1591	1774	1403	1559	1771	1806	1877	1856	1760	2648	1631	2479	1569	1635	1863	2108	2964	1769	1629	1960	3061	3613	2244	3158	2156	1921	1238	1051	798	1413	6568	2732	2097	1129	818	1007	941	1348	1052	1150	906	924	2299	1160	1111	933	1072	1170	1212	1911	1213	1407	999	1108	738	508	645	568	664	1724	1411	854	2426	780	1783	2438	642	459	421	4547	589	531	1224	388	4272	325	321	405	300	977	379	236	254	307	229	425	730	581	868	271	389	714	710	889	851	741	910	848	858	717	578	1743	3378	752	659	806	952	566	763	874	2352	820	763	828	613	933	5592	1777	697	722	917	914	1234	1067	729	675	911	3901	6478	6555	4799	1755	832	1144	773	3818	378	502	807	633	2105	2655	784	653	722	854	854	2837	932	730	1845	1006	2627	1575	958	2170	711	2975	276	1551	1241	1356	1419	1928	1359	2436	1283	1141	1257	1413	2094	929	1031	676	1419	1181	722	348	1361	658	1173	1000	563	492	775	934	1192	470	425	5479	4308	5626	3363	622	729	1327	1733	1291	1849	2202	3013	1378	1732	1392	1228	1535	1407	1631	1427	3849	1534	1667	1673	1126	1128	1662	1306	2544	839	546	488	853	1448	1753	647	2724	2492	1268	755	1854	956	4255	887	1495	843	3087	1497	734	1351	1401	1834	940	1103	9277	6967	5604	2432	1349	1124	1116	900	719	1398	3386	1829	1350	1050	827	1017	1149	1129	829	858	796	865	773	4088	1119	823	843	1317	544	920	853	904	707	1330	947	955	1057	1207	877	666	1393	2182	848	834	5012	786	1147	1544	1888	2295	1127	739	1641	3783	1800	2594	1926	1617	1315	1263	904	1086	918	1612	1344
924	0	85	13	0	0	0	12	24	37	0	0	48	2	14	1	12	1	1	0	0	2	1	0	1	2	3	2	0	0	0	0	0	0	13	1	0	11	25	11	0	0	0	0	0	0	0	256	0	1656	833	42	106	24	0	70	66	1	38	1	0	1	1	38	133	13	1	133	61	53	0	24	56	13	24	3	38	12	13	13	256	37	159	92	74	157	122	0	25	11	1	13	20	185	12	118	118	12	24	43	0	0	46	0	35	63	0	183	48	64	0	0	0	0	13	37	39	63	32	33	13	52	122	8	55	145	12	1	48	28	2	0	0	0	2	96	13	24	0	1	12	61	27	51	13	3038	8552	1	62	24	14	13	12	1	0	0	72	13	9	2	0	36	1	0	60	49	48	36	63	12	36	24	12	460	12	61	44	36	84	26	12	63	36	0	0	2	38	25	0	25	12	0	13	38	8	2	16	1	96	14	0	0	12	14	0	0	336	0	17	0	12	24	72	74	36	63	12	40	12	0	60	12	13	0	0	12	72	6	0	0	12	36	0	11	27	11	24	0	0	172	14	2237	924	13	0	36	0	0	0	0	0	0	0	0	0	24	371	0	0	0	24	36	73	0	0	144	96	1	0	0	0	408	25	12	13	24	47	84	12	0	1	0	1	19	12	20	13	84	12	20	1	12	84	24	1	72	4	0	0	5	6	63	0	1	24	1	0	13	0	37	0	48	25	17	0	0	0	3	3	0	0	1	0	12	0	0	0	0	0	1	0	12	0	0	0	132	0	2534	5756	0	0	0	0	24	0	0	0	0	0	0	11	1	17	112	24	0	0	84	24	0	13	0	97	0	0	25	11	0	25	72	1	0	51	24	0	12	12	48	0	24	97	60	24	12	12	0	0	12	96	241	1	12	1	0	624	24	1	0	0	0	0	14	0	0	11	1	36	2	24	0	0	0	57	38	12	0	3	12	12	1	0	0	0	0	12	1	10	1	0	0	1	108	0	2847	9893	3906	0	0	1	4	0	0	1	0	0	0	1	0	0	1	0	0	0	0	0	1	2	23	1	12	3	0	0	132	2	0	0	10	18	24	0	1	0	0	0	0	0	0	0	0	4	1	96	192	156	120	108	204	72	12	83	24	0	0	0	0	0	72	0	0	0	12	1	39	119	266	276	0	576	0	0	0	0	0	24	12	0	0	0	0	0	0	0	0	0	0	12	36	0	2879	783	26	0	0	0	0	0	0	0	0	1	1	0	0	1	0	0	0	0	24	0	0	0	0	0	0	12	0	0	0	0	0	0	0	0	0	0	0	0	0	25	0	0	0	1	0	0	1	0	48	48	0	0	0	24	0	0	0	12	0	180	74	0	1	13	0	36	0	1	1	0	0	31	51	51	11	6	51	40	20	55	10	67	95	60	27	40	31	60	40	20	16	60	71	0	1506	61	95	47	95	62	62	110	128	145	117	48	71	63	91	24	0	1884	40	625	24	24	0	0	60	12	0	24	240	81	5	0	24	0	0	13	301	180	12	12	60	80	0	0	2	41	230
1	13	27	6	16	33	20	0	18	6	2	6	1	3	0	13	3	2	4	37	1	1	0	13	0	0	23	2	111	46	0	36	91	0	1	3	1	2	0	1	1	0	0	0	1	0	0	0	0	0	0	0	1	1	1	0	0	1	0	0	3	12	3	76	202	22	26	7	1	5	10	16	245	277	495	300	30	48	232	126	47	28	62	2	59	129	45	9	67	133	4	16	53	13	76	10	1	15	186	15	1	2	2	1	13	2	1	10	1	1	2	1	11	0	0	2	12	2	1	15	12	1	0	0	1	1	4	5	0	0	1	1	2	1	1	1	1	2	0	1	0	1	1	1	0	0	2	1	1	0	1	0	4	0	2	1	0	11	133	546	1	2	1	19	6	2	10	24	22	99	35	64	35	26	26	57	37	291	269	61	84	13	1	47	11	34	45	48	2	1	13	5	12	9	24	49	30	51	14	3	9	12	0	5	3	7	0	0	7	1	0	0	6	1	13	11	0	2	1	4	5	2	76	0	1	2	7	2	0	1	3	0	1	2	1	3	0	0	3	0	0	0	1	1	1	1	1	0	0	1	1	1	0	1	1	1	81	1	24	105	7	59	190	4	32	85	36	12	91	57	38	74	77	1	20	38	0	26	50	273	139	230	14	2	8	6	17	21	11	53	51	67	3	12	26	25	0	56	2	12	3	1	0	0	12	0	0	0	48	2	2	13	3	12	0	2	1	11	1	0	3	1	0	2	2	0	2	0	1	60	4	0	27	78	2	3	13	26	63	0	12	6	41	27	1	0	0	26	14	1	26	215	0	24	55	9	14	29	59	165	21	1568	1994	1850	11	11	9	80	27	16	60	19	14	103	75	19	42	126	2	1	60	2	12	3	95	13	63	59	27	4	0	2	3	2	24	13	0	0	1	0	0	2	0	1	12	1	0	7	1	1	1	2	13	0	0	1	1	3	3	0	3	0	0	0	1	0	0	1	1	0	1	2	0	0	0	0	1	0	2	0	1	1	0	0	2	2	0	1	0	2	0	0	16	1	3	1	4	3	12	0	0	13	13	14	23	88	6	32	43	35	47	80	30	40	31	44	48	31	10	1	15	2	24	1	12	371	2	0	4	1	1	3	2	2	13	2	2	1	1	0	0	12	37	0	2	1	1	0	1	2	0	3	2	3	7	2	25	0	1	0	1	0	1	1	0	0	0	0	2	0	0	1	0	1	1	0	0	0	0	0	1	0	9	1	0	0	0	2	0	0	0	3	7	2	0	1	1	2	90	1	0	12	1	0	0	0	0	24	0	1	1	2	3	1	0	0	4	0	21	1	1	1	4	25	1	0	0	2	1	2	1	0	0	1	40	0	28	1	1	0	3	47	1	31	1	1	3	0	1	1	2	2	3	0	0	0	2	1	0	1	0	1	0	2	1	0	1	0	0	1	0	1	2	3	0	0	3	1	0	1	1	13	12	37	5	72	52	6	73	233	30	5	27	37	102	24	8	23	15	28	36	1	16	18	15	37	0	15	179	75	73	96
18294	16132	16334	15755	14708	12726	12953	13328	13481	13248	12153	12268	12163	12841	13020	12517	11540	11630	11113	12519	13608	13108	13311	13279	12319	12457	13551	13238	12174	10652	10667	11448	10614	10500	9451	9393	8951	8220	8535	7990	8859	8955	8537	8740	8482	7709	7787	7947	7684	8099	7914	7878	7802	7183	6518	6512	5738	5797	6997	7723	7820	8123	8832	9841	11470	11854	12263	13095	13418	16191	15662	15288	14568	16925	13508	15116	16085	16197	16743	14738	14224	13671	12076	13580	14938	15961	16587	15443	18701	16911	17975	23326	14588	16488	15727	17505	17749	16149	16785	14532	14246	15204	14808	15883	14620	14511	14039	14838	13969	13125	13402	13173	13779	12598	13252	11553	11121	10462	12241	11192	11633	12418	11268	10869	11493	10666	9853	10435	9606	9374	9352	8396	8340	8676	9975	8882	7489	7063	6461	6672	5985	5519	5336	6747	5091	5440	5464	4982	5144	6519	5492	6233	6080	5022	5236	6521	6064	7568	7719	9445	11019	10969	12379	12537	12681	14644	14329	15577	13951	14743	16644	14925	16132	15776	15463	13584	14447	13309	13540	13406	14549	15416	16923	17901	25799	21500	21177	18775	17841	16878	16581	16395	16050	16090	14741	16077	13639	13106	13165	15490	13170	11321	10764	11350	11035	11050	11048	11465	11401	10636	10311	9910	10694	10101	10207	10249	9815	9541	9742	9425	9833	9529	9845	9068	8622	8260	8522	7820	7059	7105	7834	8079	7015	6358	5410	6414	6434	5862	6007	5421	5681	5107	5519	6367	5152	4532	5472	6429	5222	6020	5160	5803	7238	7827	8689	10927	13450	12956	12645	17273	13432	13140	13675	13893	14712	17063	17140	17260	16085	21162	17389	16414	17018	15883	16101	16876	19517	18751	18017	17892	19520	20138	22634	21592	20781	19251	19354	18295	19347	18855	18561	17925	15572	16813	17061	17483	18067	15776	13694	16262	15145	14736	14994	14957	13836	13581	11242	9656	10635	11699	11589	12606	12143	10690	11865	12015	10238	11363	12029	10209	8743	9475	8631	7957	7425	8588	8974	8713	7812	7964	7759	8563	6657	7214	7775	8119	7806	8305	8265	7870	7337	7657	7786	8266	7927	7843	7275	9000	9052	8987	9494	9632	11145	13665	12898	15187	14155	13707	14280	17314	15928	16886	18557	17940	18868	17004	17437	15248	15169	15826	17299	15187	16146	17090	18990	18222	20171	19281	20324	19508	19265	20567	19129	16591	15372	15176	15403	15147	13668	12435	12579	12137	10263	9691	10090	11625	10870	11464	11139	9980	9105	8956	9296	11179	10799	11033	9877	9499	10325	10118	10447	10821	8916	8994	8378	9264	9292	8911	8190	7857	7187	7065	6698	6452	6132	6009	5742	6509	6730	5545	5705	5930	6097	6263	5346	6153	4969	5060	5614	5185	4974	4757	5261	4964	4680	5334	5419	5880	5894	6265	6188	6046	6554	9084	9111	9106	10710	9921	11116	11612	10561	11404	11431	10166	12197	13138	10893	10330	9961	10361	11110	12886	12609	11822	11097	11671	12671	12968	13888	13205	11477	11434	11442	11502	11230	12665	12858	13707	12555	11893	11574	11601	12023	12755	16347	16301	11983	11788	10418	11880	12147	11103	11714	10324	9917	9980	8914	9828	10571	9023	8691	9586	10294	9585	8914	9076	8092	8121	8424	8204	7982	7381	7766	7378	6416	6817	7608	7174	7125	6986	6609	6942	6258	6587	6102	6350	6257	6766	6635	6296	6393	6646	6712	6203	6236	6870	6848	6965	8331	8105	8901	8620	9091	9071	9268	10110	10588	10496	10128	11073	12687	12130	12527	11039	11581	10847	9952	9494	10346	9928	10610	10103	9167	10324	11178	10808	10382	10448	10153	11415	11684	12787	11979	11287	9802	10585	10717	9645	11682	10309	10811	11511	11626	12596	10684	11956	11419	10838	10709	11009	11214	10155	10701	11726	10407	10718	9198	8892	9471	8879	7947	8448	7617	7547	7979	6883	7018	5901	6193	7161	6666	6686	6544	6723	6146	6452	6363	6178	6363	6356	6871	6560	6570	6079	7099	6334	7240	7096	7301	9655	11085	11531	11042	12710	15632	14654	16546	16735	15311	16947	17324	16345	18749	17087	18006	18123	15162	13369	15627	13371	14709	15692	15552	15001	16063	17035	19263	15950	15459	13845	14634	15121
22	13	41	39	58	34	39	21	3	14	12	4	21	3	5	2	3	2	2	4	126	1	0	12	15	1	2	5	2	1	4	3	2	24	60	3	3	4	3	2	1	35	1	1	1	25	38	2	3	1	1	50	1	3	13	3	3	2	12	2	16	5	12	3	8	2	8	6	73	16	22	14	57	75	78	8	34	85	86	22	14	38	23	13	29	12	5	5	13	7	25	87	30	28	35	19	16	25	69	4	28	9	14	9	95	54	5	17	19	19	2	5	7	1	0	15	22	22	23	20	1	5	15	15	3	2	0	2	2	5	3	23	30	13	45	15	15	81	25	2	1	4	2	2	2	2	1	2	2	0	1	2	3	2	1	67	4	1	1	6	4	3	8	8	11	60	83	41	41	10	72	93	42	34	53	32	21	24	22	20	14	17	21	9	52	20	12	55	5	74	7	40	10	36	4	25	18	7	31	24	31	7	13	44	28	16	32	21	42	4	16	1	1	1	3	1	0	1	1	2	0	1	2	5	1	2	3	0	2	0	2	3	2	1	2	2	1	3	3	1	2	1	0	1	1	1	1	0	1	1	0	0	0	1	1	1	20	1	4	37	20	48	43	15	41	33	18	25	55	82	68	56	12	51	19	11	8	4	10	42	23	16	30	19	30	12	14	22	49	51	33	4	40	10	9	19	2	12	8	38	15	5	5	1	1	5	3	2	1	1	2	1	3	2	1	3	1	1	2	4	0	2	2	1	0	0	1	1	11	1	0	0	0	1	1	2	1	3	0	1	1	2	0	1	2	3	0	23	24	25	3	2	4	5	1	11	8	52	101	154	228	304	194	120	376	204	23	19	35	262	33	12	1	28	16	4	3	14	14	44	118	133	62	89	71	133	304	55	21	32	13	15	4	5	3	1	2	1	1	2	2	4	0	265	2	4	1	1	2	0	0	1	1	1	19	48	23	13	1	0	264	1	0	0	27	21	27	1	13	1	1	4	2	0	0	1	0	277	0	0	0	0	2	0	1	0	1	2	2	3	7	1	4	2	171	28	2	3	5	2	12	1	2	1	1	0	3	2	3	2	3	1	1	2	6	4	2	12	1	0	3	14	10	55	64	73	10	120	39	0	1	0	1	1	3	0	1	2	0	0	1	1	0	4	229	61	1	1	0	2	0	0	16	48	0	1	3	0	13	24	14	181	108	2	1	2	3	5	12	1	1	1	1	1	1	3	0	1	97	108	24	7	5	0	1	1	1	2	1	0	1	63	304	92	37	0	1	1	54	4	2	4	10	120	5	1	19	42	57	11	0	12	89	13	36	4	1	1	17	130	178	65	74	105	63	98	81	14	28	38	39	77	49	38	29	8	62	51	42	76	60	39	75	79	60	132	28	50	17	83	48	96	70	72	34	41	229	122	118	48	124	72	82	120	108	84	84	113	114	129	72	27	71	111	86	13	51	17	54	50	125	94	35	95	109	74	102	108	146	90	136	69	72	353	65	40	28	18	9	4	3	32	15	20	17	42	36	11	358	30	35	11
228	257	244	196	397	168	180	98	81	291	272	132	46	264	208	287	185	166	173	42	123	197	71	164	186	32	50	116	253	110	77	125	62	239	78	35	10	83	9	18	71	35	13	45	25	25	12	114	56	23	32	40	60	18	19	15	104	126	6	103	32	154	381	56	34	151	211	279	771	870	222	320	106	372	88	575	268	112	615	91	137	120	147	93	42	255	224	238	472	378	372	381	154	98	169	404	471	279	382	349	530	278	313	139	89	273	499	504	438	680	578	584	433	664	416	217	219	372	261	199	356	298	423	487	324	329	444	331	503	336	395	241	397	543	434	400	392	287	175	183	137	115	119	114	148	150	73	152	88	146	155	165	205	43	152	67	218	177	121	429	241	438	172	336	289	157	183	208	191	294	404	145	288	329	102	185	166	232	39	390	584	458	364	342	91	41	173	211	189	146	388	223	183	415	286	291	374	626	172	77	177	132	73	399	318	521	400	359	427	580	426	373	270	113	87	89	85	205	129	274	6	78	126	171	121	100	90	57	117	52	103	58	108	42	47	112	41	43	27	25	8	120	107	58	3	22	13	15	34	84	16	9	37	86	111	73	15	76	829	61	137	83	378	218	238	235	975	1765	918	344	351	639	232	195	269	381	370	305	370	234	228	91	84	249	154	141	69	176	433	248	307	338	684	462	286	261	143	104	102	127	113	149	46	98	78	211	441	159	130	191	183	200	724	367	68	89	102	46	202	147	58	143	179	329	262	126	157	165	148	63	72	140	98	59	103	36	78	53	82	137	63	67	105	58	44	80	5	159	148	55	53	89	73	14	121	256	247	389	222	399	368	346	287	167	204	299	389	327	727	275	247	370	281	245	275	276	361	287	137	224	230	193	170	338	824	427	702	155	127	173	167	244	390	159	138	77	20	47	166	52	65	70	55	83	27	82	65	165	127	134	280	94	125	206	251	327	245	199	285	283	259	345	296	179	200	266	368	425	214	95	120	82	66	48	63	72	64	28	107	72	73	45	91	235	106	33	94	95	179	118	76	122	70	36	41	169	122	122	80	158	154	143	135	132	121	132	91	17	35	37	31	74	70	180	16	29	83	137	19	58	70	141	93	138	115	95	168	211	138	76	23	89	28	55	61	115	73	202	334	167	98	104	163	74	33	29	78	79	86	146	46	44	93	138	114	114	16	375	353	143	19	51	126	64	88	56	77	54	87	48	18	85	76	94	100	162	80	177	115	97	60	25	40	31	32	26	39	82	45	57	88	16	36	34	78	138	78	2	19	21	17	18	83	82	28	192	46	27	74	199	278	148	368	243	51	70	63	70	72	61	87	91	91	84	195	206	98	130	91	70	327	2	48	86	146	491	52	135	232	270	225	171	178	217	241	231	130	117	126	86	70	59	41	79	85	39	89	74	124	39	163	181	262	219	127	35	39	78	89	92	229	71	16	24	5	52	69	14	65	91	85	321	414	450	335	323	394	228	249	310	501	458	131	224	175	315	210	125	64	425	104	149	90	162	252	197	234	242	262	142	171	81
74	35	1	1	1	10	0	1	5	0	1	2	0	2	0	0	1	1	0	0	4	0	12	35	12	0	0	1	0	0	20	12	47	44	35	1	1	0	2	1	1	1	14	2	2	15	12	12	36	1	2	0	0	0	0	0	1	0	0	47	0	2	8	1	1	0	2	12	1	1	2	1	9	36	11	19	31	47	1	59	24	2	1	2	2	1	36	11	40	45	12	45	24	19	12	12	1	13	1	3	1	18	45	12	2	0	1	2	0	1	62	41	113	12	0	6	1	11	44	12	1	54	10	19	1	0	0	0	2	1	0	22	1	23	29	33	0	1	1	1	1	1	1	1	1	2	0	1	1	1	2	1	2	2	2	1	2	4	2	1	1	1	1	1	0	0	4	1	0	0	0	1	0	101	166	220	16	74	0	0	1	0	14	1	0	1	0	1	1	0	4	3	0	1	22	10	7	49	14	20	0	0	11	0	0	1	0	0	26	46	1	1	0	5	11	25	11	1	1	0	0	1	12	24	44	12	11	23	3	0	1	1	6	3	14	7	0	0	0	1	0	0	12	2	1	0	0	0	0	0	0	0	0	0	46	2	16	6	2	4	0	0	0	0	0	4	33	14	0	5	1	11	74	1	1	1	24	46	1	1	1	2	1	11	12	25	29	4	11	2	25	10	3	2	35	1	13	30	55	0	11	94	47	1	3	1	1	1	1	2	0	0	0	0	0	0	0	1	2	1	0	0	0	5	0	0	0	0	0	0	1	0	0	0	0	0	0	2	0	0	0	0	0	0	0	0	0	0	0	1	0	0	0	1	0	0	0	5	1	88	1	121	67	0	1	0	6	32	0	5	1	2	1	0	2	12	11	0	0	0	0	2	1	1	9	31	69	0	0	21	0	0	0	1	0	0	1	0	0	10	41	45	20	0	0	0	0	1	0	0	0	0	0	1	1	0	0	0	0	0	2	1	0	0	0	0	0	0	1	1	0	0	0	0	0	0	12	12	0	0	0	0	0	1	0	0	0	0	0	0	0	0	0	5	6	0	2	1	0	12	1	0	0	12	0	12	0	23	2	1	58	29	10	1	0	1	1	1	1	1	0	1	36	29	21	12	0	0	0	24	0	58	45	82	25	25	0	1	1	3	36	91	0	10	13	32	3	0	11	77	6	12	0	12	12	43	56	40	35	0	1	0	0	45	52	10	7	0	0	0	1	1	0	0	0	1	1	1	25	11	17	58	0	0	0	2	0	2	0	0	12	0	0	0	0	0	0	0	0	5	1	13	5	0	0	10	16	54	5	2	0	31	0	1	1	25	31	30	1	0	5	2	1	1	12	25	26	128	71	27	52	18	32	0	1	1	26	3	3	2	0	30	15	0	41	21	1	1	33	11	1	7	1	1	0	0	0	0	1	0	0	0	0	45	24	0	0	16	0	0	1	2	1	13	13	49	13	1	0	1	0	1	0	4	16	12	1	2	14	17	13	12	0	6	25	57	78	53	33	2	0	29	21	41	23	1	1	33	26	4	0	18
0	0	0	0	0	0	0	0	0	0	0	0	0	0	0	0	0	0	0	0	0	0	0	0	0	0	0	0	0	0	0	0	0	0	0	0	0	0	0	0	0	0	0	0	0	0	0	0	0	0	0	0	0	0	0	0	0	0	0	0	0	0	0	0	0	0	0	0	0	0	0	0	0	0	0	0	0	0	0	0	0	0	0	0	0	0	0	0	0	0	0	0	0	0	0	0	0	0	0	0	0	0	0	0	0	0	0	0	0	0	0	0	0	0	0	0	0	0	0	0	0	0	0	0	0	0	0	0	0	0	0	0	0	0	0	0	0	0	0	0	0	0	0	0	0	0	0	0	0	0	0	0	0	0	0	0	0	0	0	0	0	0	0	0	0	0	0	0	0	0	0	0	0	0	0	0	0	0	0	0	0	0	0	0	0	0	0	0	0	0	0	0	0	0	0	0	0	0	0	0	0	0	0	0	0	0	0	0	0	0	0	0	0	0	0	0	0	0	0	0	0	0	0	0	0	0	0	0	0	0	0	0	0	0	0	0	0	0	0	0	0	0	0	0	0	0	0	0	0	0	0	0	0	0	0	0	0	0	0	0	0	0	0	0	0	0	0	0	0	0	0	0	0	0	0	0	0	0	0	0	0	0	0	0	0	0	0	0	0	0	0	0	0	0	0	0	0	0	0	0	0	0	0	0	0	0	0	0	0	0	0	0	0	0	0	0	0	0	0	0	0	0	0	0	0	0	0	0	0	0	0	0	0	0	0	0	0	0	0	0	0	0	0	0	0	0	0	0	0	0	0	0	0	0	0	0	0	0	0	0	0	0	0	0	0	0	0	0	0	0	0	0	0	0	0	0	0	0	0	0	0	0	0	0	0	0	0	0	0	0	0	0	0	0	0	0	0	0	0	0	0	0	0	0	0	0	0	0	0	0	0	0	0	0	0	0	0	0	0	0	0	0	0	0	0	0	0	0	0	0	0	0	0	0	0	0	0	0	0	0	0	0	0	0	0	0	0	0	0	0	0	0	0	0	0	0	0	0	0	0	0	0	0	0	0	0	0	0	0	0	0	0	0	0	0	0	0	0	0	0	0	0	0	0	0	0	0	0	0	0	0	0	0	0	0	0	0	0	0	0	0	0	0	0	0	0	0	0	0	0	0	0	0	0	0	0	0	0	0	0	0	0	0	0	0	0	0	0	0	0	0	0	0	0	0	0	0	0	0	0	0	0	0	0	0	0	0	0	0	0	0	0	0	0	0	0	0	0	0	0	0	0	0	0	0	0	0	0	0	0	0	0	0	0	0	0	0	0	0	0	0	0	0	0	0	0	0	0	0	0	0	0	0	0	0	0	0	0	0	0	0	0	0	0	0	0	0	0	0	0	0	0	0	0	0	0	0	0	0	0	0	0	0	0	0	0	0	0	0	0	0	0	0	0	0	0	0	0	0	0	0	0	0	0	0	0	0	0	0	0	0	0	0	36	1	0	0	0	0	0	4	0	0	0	0	0	0	1	0	0	0	0
982	1026	1019	915	862	948	980	1010	801	811	969	1146	956	789	522	96	125	346	540	467	741	909	1052	886	1070	856	983	837	553	4	27	24	15	25	20	1	1	1	0	1	0	0	6	0	2	13	12	2	3	0	2	1	1	1	2	1	1	2	23	80	25	84	502	37	69	316	989	608	590	923	1020	921	1074	1116	1197	1031	1023	1223	1013	626	399	568	46	166	143	83	315	151	293	232	100	131	99	138	317	119	149	109	154	1044	1057	1124	877	750	1122	858	624	1020	791	951	841	759	856	976	1008	818	845	876	834	969	776	835	770	770	1015	812	1	14	75	29	38	17	48	90	35	2	53	25	12	235	354	2	15	2	3	0	25	44	155	31	55	0	0	2	0	84	0	38	2	19	79	181	73	145	44	148	60	195	115	61	112	219	212	164	296	266	251	249	234	197	81	147	156	329	78	191	126	67	137	184	152	259	73	89	67	59	42	51	62	55	64	59	18	14	71	7	28	14	21	80	37	15	97	74	74	53	46	109	80	68	12	37	26	13	31	31	53	5	8	12	28	28	20	0	66	50	3	0	12	0	0	3	1	0	0	56	20	0	0	0	32	61	38	1	64	29	29	23	34	93	30	164	46	108	89	46	109	110	217	139	160	205	27	38	43	14	141	73	35	86	1061	4	66	175	135	204	101	55	225	251	111	92	257	167	186	304	315	300	157	261	322	325	247	266	398	259	307	223	213	283	215	268	274	219	134	2	4	1	27	71	38	3	1	2	52	28	46	13	87	118	0	30	3	13	1	100	128	131	118	100	124	82	101	111	196	145	162	297	206	374	231	197	158	64	51	103	133	302	486	258	298	322	296	310	337	258	207	121	54	132	112	173	133	78	170	170	165	52	74	136	168	97	110	155	44	143	20	17	23	33	51	19	47	25	3	6	17	37	17	6	15	2	12	1	0	1	1	1	63	0	1	54	135	63	137	29	47	37	32	25	36	25	50	25	3	35	12	35	24	38	26	14	0	0	2	6	0	28	1	27	105	0	97	32	24	25	28	32	18	0	38	22	18	12	20	16	64	20	14	2	11	16	0	1	2	2	13	1	6	42	33	33	34	2	0	3	3	8	27	16	12	55	129	71	5	0	1	14	25	19	23	13	38	7	41	12	1	0	2	13	54	1	86	2	50	0	4	10	29	54	59	54	91	96	30	45	112	42	1	46	0	50	36	32	14	49	13	27	13	1	14	14	26	25	1	14	3	2	1	2	26	51	56	33	27	46	147	3	5	25	70	23	106	62	115	5	5	4	22	13	5	13	0	1	1	3	1	4	0	32	5	16	3	0	18	22	1	13	251	24	0	88	103	24	37	5	12	67	80	16	41	56	0	1	5	0	71	0	43	37	58	48	31	2	87	270	17	73	80	143	120	89	102	142	167	233	311	159	189	257	246	118	91	10	61	71	132	70	39	142	419	665	272	126	281	390	244	297	811	468	106	76	323	131	141	106	61	156	90	196	202	90	150	323	685	35	105	122	52	164	93	63	169	118	158	157	114	154	63	97	58	102
2	1	0	0	0	0	0	2	1	1	2	1	0	1	0	1	1	2	1	0	31	41	1	0	0	0	2	0	0	4	1	1	1	2	1	2	0	0	0	1	3	0	1	1	0	1	0	33	23	0	1	2	1	3	1	1	1	0	1	13	0	2	1	1	5	0	13	13	1	39	13	0	3	1	7	22	4	3	1	0	1	1	1	4	0	0	1	1	0	12	0	0	2	4	4	1	3	1	0	4	0	0	0	0	0	0	0	0	1	0	24	0	0	0	2	0	0	0	1	1	0	1	0	0	1	0	0	3	0	0	0	1	4	0	0	0	0	0	0	0	0	0	0	1	0	0	1	0	1	0	1	0	0	0	0	0	0	0	0	0	4	0	1	1	1	1	0	0	2	3	1	0	2	0	3	5	0	0	2	4	1	0	6	5	4	4	0	0	0	0	1	0	10	0	0	0	2	0	0	6	0	0	5	0	0	0	1	10	20	0	0	0	0	0	0	0	2	2	0	0	0	0	4	0	0	0	0	0	0	0	1	0	0	1	0	0	12	0	12	0	0	0	0	0	0	0	0	0	0	0	0	1	0	1	0	0	0	0	1	11	0	0	14	1	0	1	2	0	1	1	1	4	37	51	38	43	14	39	11	0	0	1	37	48	3	1	0	4	0	3	0	0	0	0	1	0	0	0	0	0	1	1	0	0	0	0	0	0	0	0	0	0	0	0	0	0	1	0	0	0	0	0	2	0	0	0	0	0	0	0	0	0	0	0	0	0	1	0	0	0	0	0	0	1	0	0	0	0	0	0	0	3	0	0	0	0	0	0	0	0	0	1	15	4	0	0	1	1	0	2	0	5	0	0	0	0	0	1	0	0	4	0	0	0	0	0	0	0	0	0	1	0	1	5	0	0	0	0	1	0	0	0	0	0	5	0	0	0	0	0	1	0	1	0	1	0	0	0	0	0	1	0	0	0	0	0	0	0	1	0	0	0	0	0	0	0	0	0	0	0	0	0	0	0	0	0	0	0	0	0	0	0	0	0	0	0	0	0	0	0	1	0	0	0	1	0	4	0	0	0	0	0	0	0	0	0	1	0	0	0	0	0	0	0	1	0	0	0	1	0	0	0	1	0	1	0	0	0	0	0	0	0	0	0	0	0	0	0	0	0	0	0	0	0	0	0	0	0	0	0	0	0	0	0	0	0	0	1	0	0	0	0	0	0	0	0	0	0	0	0	0	0	1	0	0	0	0	0	0	0	0	0	0	0	3	0	0	0	0	0	0	3	0	0	0	0	0	0	0	1	0	0	0	0	1	1	0	0	0	0	0	0	1	0	0	0	0	0	0	0	0	0	1	1	0	0	0	0	0	0	0	1	0	0	0	0	12	0	0	0	0	0	1	0	0	0	0	0	0	0	0	1	0	0	1	0	0	0	0	0	0	0	0	0	0	0	0	33	0	0	0	0	0	0	0	0	0	0	0	0	0	0	0	0	0	0	0	0	1	0	0	0	0	1	0	3	0	1	0	0	0	4
3	1	3	2	40	2	0	0	1	1	2	0	5	10	10	1	0	2	0	1	1	0	1	1	1	0	1	0	3	1	0	0	0	0	1	0	0	0	12	12	53	1	1	1	1	1	2	0	103	0	179	2	0	85	61	19	80	111	5	23	110	2	1	3	6	3	7	1	4	3	6	4	7	8	1	4	3	6	7	4	1	7	9	7	1	3	13	11	6	59	6	41	94	72	56	32	92	1	2	1	1	0	1	1	5	0	1	43	44	0	1	1	1	0	1	2	0	1	0	1	0	2	1	0	0	0	0	1	0	0	0	0	2	0	0	0	0	0	1	0	1	0	0	0	0	0	0	0	0	1	0	0	0	0	0	2	0	0	0	2	12	6	6	62	1	8	4	2	21	39	42	56	19	4	2	37	13	5	1	66	5	44	2	31	46	14	2	1	12	2	16	22	64	14	23	3	1	1	1	0	0	1	1	0	1	1	0	1	0	48	1	0	0	0	0	0	0	0	1	5	0	24	1	38	23	62	12	11	0	0	0	0	0	0	0	0	0	0	13	1	12	1	0	13	0	0	23	11	65	22	11	34	55	115	81	96	29	93	70	87	210	82	51	119	123	17	12	4	60	15	15	1	2	10	1	5	1	11	10	4	3	2	7	6	5	13	2	1	1	10	1	1	12	2	0	0	1	12	0	13	12	0	0	0	0	33	12	33	48	0	0	14	6	4	2	0	13	0	0	0	0	0	0	0	0	1	0	0	1	0	0	5	12	0	5	0	43	11	21	16	1	0	0	0	0	1	0	0	0	1	2	0	8	16	2	26	0	7	14	10	2	11	12	5	3	6	0	2	4	4	17	3	6	16	6	12	22	1	24	25	4	197	189	1	5	3	11	18	1	2	0	10	0	17	0	0	0	10	11	3	1	12	0	0	1	3	12	12	1	0	39	0	0	0	0	0	0	4	97	134	15	50	36	28	1	1	48	0	1	0	0	0	12	0	1	2	0	1	1	1	1	13	2	1	77	21	0	0	0	0	0	0	23	67	21	11	0	1	0	0	2	0	0	4	3	2	1	0	1	2	2	0	0	4	4	1	2	0	33	23	1	1	0	0	26	24	29	26	3	0	3	0	0	31	0	0	0	2	0	0	1	0	0	0	1	0	0	0	29	0	24	0	0	0	19	1	0	0	0	0	0	0	1	0	0	0	1	0	1	0	2	0	20	0	2	0	0	0	1	31	24	5	0	0	2	3	0	1	1	1	0	0	11	31	64	22	0	0	1	0	0	0	1	0	4	1	0	0	0	2	0	4	0	14	107	1	0	0	0	3	0	1	0	1	1	0	5	1	5	0	0	0	1	1	0	3	1	1	0	0	1	0	0	1	0	0	0	0	0	2	1	2	1	0	60	95	1	1	0	0	0	0	0	0	0	0	0	0	0	0	0	12	0	3	74	84	0	0	9	0	3	73	1	4	4	4	13	4	7	7	2	30	114	38	39	105	73	12	30	62	8	24	8	25	1	13	28	23	13	13	5	3
28	7	28	52	27	27	14	3	205	248	33	5	2	22	36	27	15	29	23	15	4	14	4	21	3	36	50	15	3	16	61	37	3	5	2	4	4	3	31	3	3	3	15	2	2	2	31	54	2	46	12	1	1	2	11	1	1	2	8	6	5	3	46	45	27	6	25	4	14	190	24	54	36	20	14	65	49	67	218	81	224	258	113	2	15	9	14	17	4	26	468	33	58	194	379	267	182	136	124	78	78	40	240	17	50	35	4	16	8	51	36	9	19	8	20	5	22	31	4	89	117	3	9	18	6	359	769	8	17	10	18	3	6	3	9	3	4	3	46	109	45	24	1	2	2	3	11	1	2	3	2	206	59	13	76	43	35	8	14	7	2	27	5	77	59	48	18	13	13	24	0	18	13	40	12	13	39	59	27	0	23	153	284	87	12	0	1	0	0	12	51	2	0	41	5	7	13	27	8	0	17	108	20	12	0	0	23	35	44	1	2	5	85	1	2	68	124	120	1	65	53	35	70	13	2	552	1	0	11	109	12	1	0	0	0	24	12	9	46	0	0	56	23	12	2	0	5	0	0	0	24	0	21	66	24	13	38	30	7	60	39	68	13	0	13	81	24	3	17	5	1	105	10	5	24	70	38	0	36	34	137	104	331	411	139	46	24	62	93	63	73	47	48	82	58	53	1	45	125	1	4	0	1	23	28	0	49	23	0	0	0	91	64	25	13	0	8	1	206	73	44	16	145	127	25	1	0	2	1	0	0	0	0	14	53	60	32	34	47	50	45	1	1	0	115	23	5	28	13	12	12	14	17	35	25	17	47	13	72	55	11	11	40	26	15	44	13	13	36	12	1	14	26	10	25	18	1	90	34	2	2	132	72	80	293	72	36	38	60	23	1	2	13	5	36	72	52	20	18	26	1	36	43	0	5	13	35	1	1	35	24	5	9	200	853	2	4	0	12	12	12	59	11	1	64	0	13	39	13	24	25	26	1	29	7	20	25	12	12	13	36	86	13	13	11	37	37	27	28	18	12	5	12	46	0	11	25	1	4	483	16	62	12	7	0	22	20	0	60	28	35	72	1	16	9	7	2	36	24	75	36	55	11	24	47	106	13	0	24	5	1	46	1	12	1	1	1	3	6	0	58	0	0	1	13	1	3	33	4	261	308	0	1	0	0	0	12	4	0	0	0	0	0	2	0	0	0	1	6	1	0	4	0	0	1	0	0	0	0	11	0	0	6	1	0	0	0	0	0	0	1	272	213	131	189	176	35	130	0	0	83	0	0	0	0	0	0	1	0	0	0	0	0	4	2	12	4	0	12	1	0	4	0	0	5	18	6	7	0	6	11	28	7	4	29	12	40	1	0	2	0	0	1	0	0	322	11	4	0	286	332	282	1	0	0	3	0	0	13	12	12	0	1	41	71	130	141	83	434	465	66	57	59	108	87	102	48	47	98	119	83	118	47	72	92	28	115	82	112	78	80	48	32	0	9	26	82	12	83	43	0	60	81	120	25	3	27	56	1	1	15	92
4	2	11	9	4	34	19	2	2	5	2	4	135	1	10	5	5	2	20	13	23	13	1	1	34	29	1	116	18	1	0	1	2	1	2	1	1	1	1	3	2	3	6	2	2	49	70	1	0	2	1	1	0	12	10	0	0	0	2	1	1	1	0	39	33	3	12	9	3	10	14	5	48	49	21	8	16	37	5	5	32	27	3	36	7	25	14	47	67	25	13	9	7	143	476	146	12	2	62	16	65	48	2	13	22	27	0	7	0	75	43	1	12	5	13	382	625	658	835	683	709	790	109	201	344	201	150	20	1	1	0	1	5	69	2	1	1	11	2	4	38	1	0	2	0	1	0	54	77	32	41	0	1	1	70	66	22	0	16	5	3	11	2	7	5	55	28	65	34	33	14	94	5	6	22	19	15	26	26	27	19	3	8	2	8	2	366	641	737	515	435	234	814	678	727	717	758	726	36	36	2	58	12	2	0	2	25	15	39	104	28	62	0	45	21	0	1	0	2	1	0	2	10	11	33	1	12	0	2	0	0	0	0	9	1	0	3	3	0	60	15	0	0	1	0	1	0	0	3	0	0	0	0	1	11	18	0	132	4	8	39	151	11	103	12	37	80	79	90	1	7	0	5	3	4	16	50	44	29	150	9	2	6	7	31	288	175	108	86	125	75	105	218	212	176	30	1	8	178	4	125	22	127	11	0	1	94	82	12	142	123	216	30	0	14	51	24	28	1	1	13	11	13	0	1	1	27	40	13	15	0	0	11	0	12	3	1	1	0	3	38	28	40	50	93	49	86	35	62	52	26	42	57	59	51	85	82	147	104	10	5	4	19	9	28	1	19	4	3	7	1	26	22	39	98	41	83	10	23	16	0	1	12	4	37	2	4	43	29	64	37	66	83	212	118	102	67	72	49	39	0	0	66	94	47	6	1	0	124	13	0	1	0	0	0	30	21	1	0	0	0	1	1	11	22	1	0	0	1	0	1	0	13	0	0	0	0	0	0	1	0	10	23	13	12	0	1	2	0	2	1	35	0	0	0	0	11	2	0	0	1	1	49	86	1	1	65	108	77	37	27	59	17	12	5	73	36	2	15	48	42	0	11	4	57	135	57	13	51	52	100	1	20	11	12	59	71	1	11	92	103	36	23	37	36	47	61	11	36	36	32	2	12	46	13	44	56	21	10	0	1	69	109	46	71	60	24	49	42	47	60	24	21	12	0	0	0	1	0	2	0	0	0	1	0	0	60	30	25	3	5	12	0	1	0	3	0	1	2	1	12	0	0	0	0	0	1	2	0	0	0	1	0	0	51	0	2	1	0	35	25	0	0	71	66	12	1	1	0	2	0	1	5	0	1	47	36	109	29	0	0	0	0	0	0	0	0	14	16	14	10	3	1	0	0	51	64	1	0	2	0	0	0	87	1	1	0	0	12	0	0	1	1	11	43	61	6	0	6	1	1	26	33	1	2	15	5	2	1	15	88	52	41	74	49	89	17	8	12	78	64	37	65	80	60	22	4	50	35	33	19	10
29783	29006	29460	29562	27070	27336	28338	28453	27634	29373	28823	26466	26250	25649	25103	26104	25164	23600	26305	27380	27002	25317	25210	25583	25520	26423	27452	23912	23182	23221	24074	22454	16545	14719	13422	15436	15018	15333	13508	12524	9939	10962	10764	10157	8794	8470	9077	9081	8843	9748	9615	8863	8265	8403	9260	8603	8454	8838	9716	10351	11205	11529	12990	16488	16886	19380	20057	20778	21388	22064	21262	22625	25603	25431	25418	25071	28831	28142	27286	24750	22868	21573	22674	21460	23074	26192	24530	24251	26814	27525	30208	29232	29564	27969	30298	28240	29804	27798	26538	24072	23650	23352	22600	25443	23913	24155	24418	23650	22340	20220	20039	18801	18919	19131	17704	17602	16183	15288	16642	18617	17346	17089	18050	17005	16084	13977	13436	12277	12160	10434	10528	10035	14101	11845	11259	11708	12310	10452	8517	8501	8460	8899	8514	8275	8504	7052	7015	7180	7413	7993	8770	8244	8253	8274	6769	7364	7999	10583	11216	13660	15336	15586	19895	16896	19209	20573	20922	21635	22051	28020	23473	21045	20998	22812	22421	20997	20235	21794	21679	22395	24032	24569	27778	27029	27051	28640	28397	26664	26012	23121	26661	27525	32926	26434	26993	26000	24677	26136	27424	26619	27353	25909	23469	23595	22977	23555	23953	23758	23178	25885	25349	25990	23434	23985	23713	24629	23789	22433	22740	21347	17965	13315	15902	13662	12782	12203	12280	11846	11938	10715	10592	10141	8959	10243	8394	8575	8944	8102	8692	8153	7097	7276	7642	8535	8974	9995	7440	7325	7340	6680	7365	8391	9166	11474	11689	14294	14898	18189	15350	15021	17606	18445	19703	22582	22895	25168	24949	25169	28052	29010	24426	24420	21454	22510	22779	21695	21717	23840	26725	25453	22831	23837	24393	24869	26214	24022	21774	24466	22569	22527	20944	18924	20028	22218	21887	18887	17284	17917	17835	19530	16481	17212	19343	18883	19975	16688	12429	13034	13010	15337	14657	15960	13828	14383	13631	14409	13987	12968	12616	13232	12854	12188	11911	10529	10174	9994	8700	8953	8472	9614	8404	8871	7946	8454	7978	9211	8749	8812	9529	8253	7934	7656	7557	8269	8344	7766	7575	8457	8512	9943	10944	13269	16558	18308	16735	19399	20118	20534	18894	22311	19251	21024	22937	22336	25244	24487	25246	25954	20902	20954	18358	18254	20294	21935	22268	23261	22766	24172	26043	28864	35567	31201	30903	31219	30665	27774	28375	26622	25757	24507	23219	24338	22333	23312	23120	22356	21311	20077	19028	18574	22630	20495	19384	18449	19758	19708	18049	12941	14389	14053	12276	11470	12052	13904	12058	13530	12172	12657	11171	10609	10281	10801	9636	8964	7720	7078	7045	6489	6421	5937	5986	6465	6489	6712	7580	7793	7733	7885	7352	7688	7526	6666	6829	6620	6866	7848	8395	8157	7920	7534	8890	9496	9614	10700	10415	10623	11243	11936	11648	12280	12412	12243	12288	14118	13704	13080	12105	15080	15595	14153	16682	15113	14136	14729	15536	18080	14414	13897	12779	12813	12575	11829	12735	14222	13161	12494	13695	13765	15256	16601	15871	13471	13113	14089	12115	12079	12697	13241	13825	16790	14133	13060	12812	14571	12641	13606	12783	11943	13464	14126	14907	15276	14237	14353	12627	14110	13035	12092	11590	11686	11508	10063	10050	10968	10203	8780	9232	8700	8705	8874	7920	9838	8876	9150	9205	9047	8969	8264	8491	8640	8993	9928	9173	10566	11701	10201	10725	11689	11892	10727	11846	13116	15559	15291	15803	15129	14413	13403	15141	14569	14671	14501	15200	14870	14249	15725	16913	21743	20631	23462	24243	24820	23487	22274	22027	22656	20246	19285	22546	23060	23168	24309	25260	22358	21520	22205	22372	23469	21439	23360	21561	21385	21671	23538	22522	21714	23206	17033	16096	16779	17480	16092	16550	14636	14735	13772	15097	17745	15133	15092	13860	12823	12491	11279	10500	11705	10917	11163	11243	11042	10323	11991	10215	11455	11379	11443	10669	10218	10127	9407	10257	11028	10840	10270	11787	11491	10431	11304	11641	12692	13974	16788	19196	18238	18865	21871	21322	21478	21865	21369	23012	22626	23292	23197	23449	23108	23859	21739	21860	22417	24346	24419	24219	25678	28345	26141	28506	28453	26123	23452	23858	23181
21	53	20	50	56	14	21	27	67	65	19	42	55	33	108	50	23	90	7	169	11	14	48	36	56	17	17	37	63	63	43	19	7	6	59	25	14	63	76	69	77	108	71	45	74	64	108	89	26	15	4	43	18	4	2	12	25	3	4	3	7	8	97	78	13	81	88	88	77	207	54	363	495	489	385	387	509	381	460	375	225	210	241	396	353	320	202	267	103	12	62	56	114	29	68	24	74	206	107	97	217	127	126	15	71	3	17	5	18	94	87	111	108	90	85	117	371	192	38	28	27	170	1	6	40	94	62	6	29	2	3	29	3	3	5	2	62	120	58	83	35	2	17	16	17	1	15	3	27	5	5	5	4	10	45	37	3	26	2	3	4	40	181	32	28	12	57	35	56	77	39	17	82	72	39	25	3	75	117	119	275	99	284	30	71	40	185	27	27	100	92	134	131	16	40	122	83	133	307	430	23	6	5	29	15	6	20	16	0	15	4	36	67	75	7	15	22	77	62	37	28	30	91	26	41	186	26	102	1	3	2	0	3	8	24	2	18	4	3	3	0	15	1	4	2	1	4	0	3	264	655	825	939	761	666	780	867	587	3	331	112	93	60	7	43	31	31	78	44	10	651	174	71	58	47	39	110	5	19	51	17	36	50	56	66	65	358	222	144	223	93	135	148	207	151	72	183	25	58	83	53	36	14	3	16	32	1	14	25	3	5	63	13	25	0	13	12	1	1	94	31	34	64	31	27	30	27	46	14	3	5	0	2	12	3	1	0	2	3	4	83	12	1	1	5	2	2	3	4	4	1	13	28	302	24	2	32	21	54	24	56	27	37	6	24	2	19	28	21	132	76	43	65	33	22	62	87	41	52	94	24	47	9	53	77	135	67	42	49	33	145	87	69	16	1	14	77	49	49	2	1	13	16	0	35	27	35	39	19	54	60	88	60	30	53	78	115	92	113	52	110	14	79	47	46	41	27	35	52	46	67	88	70	35	21	35	86	7	5	35	23	89	54	43	52	130	39	60	29	24	0	30	55	23	35	12	37	15	41	29	58	18	58	3	19	80	36	43	73	39	0	13	25	15	62	121	116	50	145	36	4	13	44	17	43	58	36	13	4	157	407	197	58	42	38	135	345	320	342	314	391	663	108	3	442	948	810	942	498	38	67	78	117	100	36	78	23	65	58	44	125	34	4	4	1	1	1	5	5	4	0	2	1	0	14	67	87	40	13	25	32	2	1	2	26	28	37	431	772	660	764	653	820	835	731	826	917	715	954	595	120	69	75	98	36	73	62	27	5	75	61	35	5	6	60	83	84	60	32	91	27	35	3	84	3	26	25	23	67	28	19	52	26	1	1	23	98	56	3	81	1	67	71	17	68	35	53	58	43	89	36	0	37	78	49	20	4	2	2	48	82	54	41	11	159	151	161	105	79	70	72	12	129	136	102	98	176	206	183	90	107	27	21	42	97	62	30	60	48	16	65	55	165	8	260	6	43	60	96	58	29	110	17	120	34	68	130	28	32	82	64	17
0	0	0	0	0	0	0	0	0	0	0	0	0	0	1	1	0	0	0	0	0	0	0	0	0	0	0	0	0	0	0	0	1	0	0	0	0	0	0	1	0	0	0	0	0	0	0	0	0	0	0	0	11	45	0	0	0	0	2	0	1	0	0	0	4	0	0	34	0	0	3	0	0	0	5	0	0	0	0	1	1	1	0	0	0	0	0	0	0	0	0	12	0	0	0	0	0	0	0	0	0	0	0	0	1	0	0	0	0	0	1	0	1	0	0	0	0	0	1	1	0	0	0	0	0	0	0	0	0	0	0	0	0	0	0	0	0	0	0	0	0	0	0	0	0	0	1	0	0	0	0	0	1	0	0	0	0	1	0	0	1	1	1	6	0	0	0	1	0	0	2	0	0	1	0	8	4	13	8	0	0	0	0	0	6	0	4	0	0	0	0	0	1	0	0	0	0	0	0	0	0	4	13	0	0	2	0	0	0	0	0	0	0	0	0	0	0	0	0	0	0	0	0	0	0	0	0	0	0	0	0	0	0	1	0	0	0	0	0	0	0	0	0	0	0	0	0	0	0	0	0	0	0	0	0	3	0	0	0	0	1	1	4	1	0	0	0	0	0	0	0	0	0	0	0	0	0	7	3	4	0	1	0	0	8	0	0	0	0	0	1	0	0	0	0	0	5	0	0	0	0	0	0	0	0	0	0	0	0	0	0	0	0	0	0	0	0	0	0	0	0	0	0	0	0	0	0	0	0	0	0	0	0	0	0	0	0	1	0	0	0	0	0	0	0	0	0	0	0	0	0	0	0	0	0	0	0	0	0	0	0	0	0	0	0	0	0	0	0	0	0	0	0	0	0	0	0	0	3	0	0	0	0	0	0	0	0	0	1	0	0	0	0	0	0	0	0	0	0	0	0	0	0	0	0	0	0	0	0	0	0	0	0	0	0	0	0	0	0	0	0	0	0	0	0	0	0	0	0	0	0	0	0	0	0	0	0	0	0	0	0	0	0	0	0	0	0	0	0	0	0	0	0	0	0	0	0	0	0	0	0	0	0	0	0	0	0	0	0	0	0	0	0	0	0	0	0	0	0	0	0	0	0	0	0	0	0	0	0	0	0	0	0	0	0	0	0	0	0	0	0	0	0	0	0	0	0	0	0	0	0	0	0	0	0	0	0	0	0	0	0	0	0	0	0	0	0	0	0	0	0	0	0	0	0	0	0	0	0	0	6	0	0	0	0	1	0	1	0	0	0	0	0	5	0	0	0	0	0	0	0	1	0	0	0	0	5	0	0	0	0	0	1	1	0	0	0	0	0	1	0	0	2	0	0	0	0	0	0	0	0	0	0	0	0	0	0	0	0	0	0	0	0	0	0	0	0	0	0	0	0	0	0	0	0	0	0	0	0	0	0	0	0	0	0	0	0	0	0	0	0	0	0	0	0	0	0	0	1	0	0	0	0	0	0	0	0	0	4	1	0	1	2	0	0	5	1	0	0	0	0	2	0	0	0	0	4	0	0	3	4	0
0	0	0	0	0	1	0	0	0	0	0	1	0	0	0	0	0	0	0	0	0	0	1	4	0	0	0	0	0	0	0	1	0	0	0	0	0	0	0	0	0	0	0	0	0	0	0	1	0	0	0	0	0	1	0	0	0	0	0	0	1	0	0	3	1	2	1	1	1	12	0	2	1	1	1	1	2	4	4	2	3	4	2	5	0	1	0	1	2	1	0	12	2	1	35	1	0	12	0	0	2	0	0	0	0	0	0	0	0	0	0	0	0	2	0	0	1	0	0	0	0	0	0	0	0	0	0	0	0	0	0	0	0	0	0	0	0	0	0	0	0	0	0	0	0	0	0	1	0	0	0	0	0	0	0	0	0	0	1	1	2	1	1	1	1	1	1	0	0	1	1	0	0	0	0	1	0	0	1	13	0	0	0	2	1	1	1	0	1	0	0	0	0	5	0	0	0	1	1	36	1	3	38	17	42	13	0	25	1	1	0	36	0	14	1	25	15	36	1	1	25	14	25	13	61	40	12	24	37	36	24	38	594	509	0	0	0	0	0	0	0	0	0	0	0	0	0	0	0	0	0	0	0	0	0	0	1	0	0	0	0	0	0	0	0	0	0	2	1	0	0	1	0	1	0	1	1	0	0	1	1	0	0	0	4	0	0	0	8	55	37	0	0	1	1	0	1	0	0	0	0	0	0	2	1	0	0	1	0	0	0	0	11	13	0	0	0	0	0	0	0	1	0	0	0	1	1	1	0	1	0	0	0	0	0	0	0	0	1	0	1	0	1	1	0	0	1	0	1	1	0	0	1	1	0	1	0	0	0	1	0	1	0	1	2	0	1	1	1	0	0	0	1	0	0	0	8	0	1	0	0	0	0	0	0	0	0	0	0	0	0	2	0	0	0	0	0	0	0	1	0	0	0	0	0	0	0	0	4	13	12	3	0	0	0	0	0	0	0	0	0	0	0	0	0	0	0	0	0	0	0	0	0	0	0	0	0	0	0	0	0	0	0	1	0	0	0	0	0	0	0	0	0	0	0	0	0	0	0	0	0	0	0	1	0	0	0	0	0	1	0	0	0	0	0	0	0	0	0	0	0	0	0	0	0	0	0	83	0	0	0	0	0	1	0	0	0	0	1	0	0	0	7	33	0	44	0	0	1	0	0	0	0	0	0	0	0	0	0	0	0	0	0	0	0	0	0	0	1	0	0	0	0	0	0	0	0	0	0	1	0	0	1	0	0	0	0	0	0	0	0	0	0	0	0	0	0	0	4	0	0	0	0	0	0	0	0	0	0	0	0	0	0	0	0	1	0	1	22	0	0	0	1	0	0	0	0	0	0	0	12	12	0	0	1	0	0	1	0	0	0	0	0	0	0	0	0	0	0	0	0	0	1	0	0	1	0	21	21	10	0	12	0	0	41	17	0	15	0	0	19	0	0	12	0	0	24	1	0	4	15	45	1	25	1	1	0	1	0	1	1	1	0	24	1	2	1	1	0	1	8	0	0	0	1	0	0	1	4	2	20	813
2	3	1	48	3	38	24	55	3	14	6	15	14	12	17	10	2	2	0	37	7	0	4	0	0	0	1	1	25	22	25	23	28	2	0	12	1	14	0	1	0	1	2	0	0	1	114	44	0	25	0	1	0	0	0	0	0	0	0	0	0	0	0	1	0	13	1	29	23	11	1	1	6	25	14	27	90	36	3	22	37	40	37	6	13	16	41	12	1	5	34	10	28	13	27	39	62	14	63	63	19	38	6	32	23	25	24	1	38	36	1	1	13	2	0	13	2	2	0	0	0	0	14	21	0	1	2	13	2	1	0	1	0	3	0	1	0	1	1	0	2	35	1	2	2	2	0	12	11	11	21	2	0	1	1	1	1	1	1	3	1	40	2	3	1	32	20	285	317	81	10	2	8	11	12	4	5	22	42	33	21	0	14	25	2	1	50	17	28	16	13	0	3	39	1	0	8	62	1	49	5	13	0	0	13	0	0	60	192	111	7	0	11	0	0	0	1	0	12	0	11	19	24	36	12	0	0	0	0	0	0	0	0	0	0	0	1	0	2	1	0	1	0	1	1	0	0	1	0	0	0	0	0	0	0	0	1	1	0	0	2	3	25	20	10	8	13	13	15	18	2	2	2	4	2	6	25	47	64	35	25	46	12	4	3	23	22	1	0	4	35	1	14	11	53	37	1	1	5	7	1	13	3	25	2	56	17	1	0	46	57	15	1	25	43	33	0	0	1	3	0	1	3	21	61	9	1	0	0	0	0	1	11	21	0	0	0	0	1	0	44	2	0	1	0	11	12	0	0	4	21	0	0	3	2	4	4	3	0	14	1	7	3	87	32	0	1	24	16	16	23	1	1	1	1	40	1	53	4	1	58	0	3	17	1	25	12	17	1	1	24	12	198	12	4	0	1	0	0	0	0	12	0	1	1	17	0	1	7	7	22	0	0	0	1	0	0	0	0	1	0	0	0	2	2	1	0	0	0	0	12	0	0	0	4	0	0	0	1	0	0	0	0	1	1	0	0	0	1	1	0	0	8	0	13	13	0	0	0	10	0	12	0	1	0	0	0	2	1	0	2	1	96	60	3	12	1	0	0	35	1	0	0	0	0	0	1	12	12	13	31	25	116	56	0	0	0	0	0	0	0	1	0	1	0	4	0	35	0	36	0	0	0	0	1	1	2	0	0	1	1	1	1	1	1	0	5	0	0	0	0	0	0	1	1	0	0	0	0	0	0	1	0	0	1	1	0	0	0	0	1	0	0	0	1	0	1	5	12	0	14	1	1	11	94	14	26	15	1	0	0	13	0	1	20	0	0	0	2	1	34	0	46	22	1	2	1	1	1	12	24	32	3	1	6	190	251	213	56	1	0	11	0	0	11	0	0	0	1	1	0	3	0	0	0	0	1	0	0	1	1	0	0	2	0	0	0	1	0	2	1	0	0	1	0	11	11	57	0	0	0	4	0	4	1	2	1	5	2	24	5	11	3	5	33	79	29	5	4	4	9	16	2	4	12	16	2	4	0	5	16	18
272	333	497	163	150	223	271	161	82	102	98	111	27	347	696	802	109	198	170	173	577	772	159	423	320	347	339	531	152	43	33	29	149	146	215	143	24	146	224	155	134	258	280	282	212	328	312	225	165	359	218	150	146	80	127	143	138	135	94	39	22	72	128	70	112	251	783	281	346	490	230	342	234	276	360	247	416	235	196	160	246	236	222	324	166	253	309	173	200	147	337	231	460	553	384	357	222	356	384	424	975	1271	493	202	298	273	78	357	92	237	191	170	242	129	159	155	63	914	1123	1034	1271	770	904	216	141	438	43	7	1499	62	18	141	172	123	165	195	94	136	280	153	83	64	56	155	287	61	43	46	33	133	110	77	76	100	101	96	106	445	110	28	214	197	157	94	84	220	308	1258	2846	490	1473	185	242	357	449	94	266	115	187	198	232	1417	400	410	459	524	1147	586	2286	2046	2052	2006	2640	2385	2651	2736	1386	219	43	139	136	113	43	31	103	24	48	94	130	95	24	5	891	443	26	36	72	96	46	119	215	102	76	14	77	75	58	75	15	3	24	88	29	67	89	128	157	58	76	65	22	40	119	57	6	13	3	9	16	37	6	17	34	51	13	64	86	90	83	50	33	135	231	233	163	125	190	44	316	1057	327	466	161	133	47	101	152	186	468	205	95	200	77	171	383	1340	121	201	160	169	129	110	196	276	152	97	14	54	18	40	152	6	59	21	76	328	336	107	110	144	89	231	254	310	183	218	272	25	109	126	231	87	9	36	17	60	90	99	104	8	31	27	78	61	60	23	20	42	9	22	20	9	20	13	66	43	76	11	31	89	45	31	283	113	118	75	176	231	83	60	223	508	365	184	525	2791	1813	489	312	477	420	351	358	989	999	1006	879	198	197	392	135	82	130	190	88	8	41	46	149	161	145	210	68	34	62	42	30	17	19	35	11	19	22	23	58	102	537	127	456	284	552	1361	835	1299	961	756	861	7030	1008	970	968	721	1028	923	816	942	736	834	861	902	960	845	821	789	699	5	59	9	8	74	47	40	4	18	47	53	8	20	22	137	58	46	593	1157	706	1061	936	935	913	380	35	38	75	7	80	275	885	810	925	951	814	743	932	700	797	724	976	881	865	340	158	828	731	930	968	805	804	756	875	805	704	703	927	794	908	654	792	871	979	796	791	789	809	954	831	915	866	904	325	192	999	1276	880	1010	824	764	936	770	774	862	688	923	814	973	294	3	41	79	169	67	9	59	3	8	23	4	44	4	37	130	45	50	4	30	9	12	61	14	1	21	14	15	31	62	63	262	839	858	843	717	705	1016	797	831	864	949	168	24	15	63	100	55	23	58	12	37	33	52	15	113	99	236	160	111	33	72	27	25	2	2	18	1	108	25	15	86	46	15	48	155	88	67	74	3	24	12	16	28	78	12	2	132	20	40	67	6	5	78	72	55	135	48	25	12	10	4	3	12	25	6	20	41	28	59	53	102	128	89	37	18	88	660	121	105	1032	131	92	44	126	108	101	111	126	842	712	198	231	156	254	490	309	479	2281	158	288	192	90	176	205	1266	149	153
145	0	0	1	0	1	4	0	1	0	0	0	0	4	0	0	0	0	0	3	2	0	0	0	0	0	0	0	0	0	0	1	0	0	0	0	0	0	0	0	5	33	46	0	0	0	0	0	0	0	0	0	0	0	0	0	0	0	0	0	0	0	0	0	12	0	0	3	0	0	0	0	0	0	1	0	0	0	4	1	0	1	6	0	0	1	0	0	0	0	0	1	0	65	36	12	11	0	1	1	0	11	2	1	1	5	0	5	0	0	0	0	0	0	0	0	0	4	0	0	0	0	0	0	0	1	1	0	0	0	0	0	0	0	0	0	0	0	0	0	0	0	0	0	0	0	1	0	0	0	0	0	0	0	0	0	0	0	0	0	0	0	0	0	1	0	0	0	0	0	0	4	0	0	0	0	0	2	4	4	1	0	0	1	4	12	4	1	3	0	3	5	0	0	0	15	2	2	7	16	2	0	0	0	0	0	0	0	0	0	0	0	0	0	0	0	0	0	0	0	0	0	0	1	0	0	0	0	35	13	10	0	0	0	0	0	0	0	0	0	0	0	0	0	0	0	0	0	0	0	0	0	0	0	0	2	0	0	1	0	0	0	0	0	0	1	0	0	0	0	1	0	0	1	0	3	0	0	0	1	11	0	5	1	0	4	0	0	1	4	5	1	3	0	8	40	40	31	4	0	0	0	0	0	0	0	0	0	0	0	0	0	0	0	0	0	0	0	0	0	0	0	0	1	0	0	0	0	0	0	0	0	0	0	0	0	0	0	0	0	0	0	0	0	0	0	0	0	0	0	0	0	0	0	0	0	0	0	1	0	0	0	0	0	0	0	0	4	11	1	6	0	10	0	0	1	0	0	9	1	1	0	1	1	0	1	7	4	0	0	4	0	0	0	0	0	0	0	0	0	0	0	0	0	0	0	0	0	0	0	0	1	0	6	0	0	0	0	0	0	1	0	0	0	0	0	0	0	0	0	0	0	0	0	0	0	0	0	0	0	0	0	0	0	0	0	0	0	0	7	11	21	7	0	0	0	0	0	0	0	1	0	0	0	0	0	0	0	0	0	0	0	0	0	0	0	0	0	0	0	0	1	0	0	0	0	0	0	0	0	0	0	0	0	0	0	46	0	0	0	0	0	0	0	0	0	0	0	0	0	0	0	11	0	0	0	0	0	0	0	0	0	0	0	0	0	0	0	0	0	0	0	0	0	0	0	0	0	0	0	0	0	0	0	0	1	0	0	1	0	0	0	0	0	0	0	0	0	0	0	0	0	0	0	0	0	0	1	0	0	0	0	0	0	0	0	0	0	0	0	0	0	0	0	0	0	0	0	0	0	0	0	0	0	0	1	0	0	0	0	0	0	0	0	0	0	0	0	0	0	0	0	0	0	0	0	0	0	0	0	0	0	0	0	1	0	0	0	0	0	0	0	0	0	0	0	0	12	0	1	0	0	0	0	0	0	0	0	0	0	0	0	4	5	0	0	0	0	3	6	0	0	0	0	0	0	0	0	1	12	21	44
193	196	71	179	284	28	95	248	14	30	35	46	218	1	0	55	31	12	381	0	25	25	5	209	47	2	2	0	0	1	1	3	0	1	0	0	25	1	1	0	0	0	4	0	6	1	4	4	0	0	0	0	1	12	0	1	0	0	2	0	0	0	24	35	61	103	179	898	583	8618	7632	9254	11297	10246	7971	831	14328	199	267	149	174	210	182	164	193	143	155	223	199	157	162	170	177	490	433	242	1648	1723	1639	128	123	12	24	13	5	42	1	46	109	167	31	1	1	0	0	1	0	2	1	51	0	2	1	17	1	1	13	1	2	0	13	0	6	1	12	0	0	1	1	0	1	1	8	2	30	10	0	0	0	0	0	0	1	2	3	68	169	57	136	527	973	207	234	1835	2268	2746	436	25	54	157	201	2000	99	88	98	79	221	133	87	5	6	2	19	45	85	630	45	46	69	45	32	32	51	50	18	28	125	29	10	26	23	84	14	92	261	365	276	13	2	124	2	12	29	81	23	71	27	9	16	9	11	25	0	16	1	1	70	9	31703	17126	48	28	1	1	0	5	1	3	31	0	0	3	0	1	1	4	0	0	2	0	0	1	42	7	1	12	2	6	22	38	61	68	491	5	134	67	212	757	7	34	67	50	61	104	6	60	93	126	211	186	92	115	117	129	138	116	391	180	1	111	90	2	39	16	13	30	1	7	2	16	14	4	15	1	12	0	5	4	20	1	1	0	1	0	24	1	5	15	0	4	14	5	5	24	14480	7	0	5	0	0	0	0	1	0	6	1	0	0	12	0	0	5	0	0	0	0	0	12	2	2	2	5	33	48	20	90	123	70	155	2	128	62	62	36	54	48	63	15	4	10	52	1	1	78	68	71	175	262	200	143	204	105	457	6	61	41	31	110	2	133	0	8	17	0	3	0	0	16	2	1	1	3	1	1	41	69	121	71	67	1	0	0	5	3	5	1	1	0	1	0	153	1	1	0	0	3	34	0	2	0	3	3	0	48	5	0	0	1	1	1	0	0	0	133	2	2	49	0	1	1	0	1	0	5	0	67	102	146	147	124	168	93	82	15	0	6	12	2	0	0	0	1	46	1	1	13	4	1	22	0	40	0	0	1	0	0	5	0	1	1	8	4	0	0	24	4	1	1	3	0	1	0	3	2	0	0	3	3	0	0	0	6	1	4	2	9	41	0	13	0	3	0	1	0	0	0	4	2	1	0	1	0	0	0	1	2	0	0	2	0	9	0	1	0	0	0	1	1	1	27	72	3	1	2	0	3	4	2	0	162	0	0	3	18	29	0	1	5	4	0	6	4	1	33	3	9	1	2	41	1023	886	1244	1019	1375	859	1188	57	9	12	1	4	22	0	5	10	1	0	1	0	1	0	4	2	3	10	30	0	7	5	2	5	9	22	3	2	0	0	0	0	1	1	0	2	7	0	37	0	2	10	0	3	0	0	0	0	84	0	3	99	80	93	104	306	1493	133	783	94	410	171	105	143	242	184	707	248	70	359	198	96	319	76	363	51	94	249	250	176	217	207	359	236	263
14	1	0	1	60	30	3	0	1	2	0	24	1	2	0	0	1	0	0	0	1	0	1	0	36	19	22	0	0	0	0	1	24	0	0	0	0	0	0	0	0	0	0	0	0	0	2	0	0	0	12	1	63	27	0	0	0	1	0	0	0	0	1	0	0	0	0	23	0	1	4	1	7	2	5	5	4	1	1	56	22	44	3	1	3	116	1	3	4	17	25	64	39	35	4	129	1	36	0	59	28	118	12	40	2	125	1	52	23	45	0	128	0	105	93	80	102	34	1	1	1	51	0	0	1	1	1	0	1	1	0	2	0	0	1	12	0	0	0	12	0	0	1	0	0	0	0	2	0	2	0	0	1	1	17	15	0	1	4	1	0	13	1	1	1	30	104	159	72	140	142	212	71	80	81	97	137	123	93	127	96	1	2	1	7	1	6	1421	5	2	5	0	3	0	0	0	0	0	1	0	0	157	12	12	0	0	0	79	42	14	23	31	24	13	0	0	1	36	0	2	1	0	1	1	0	2	1	0	38	0	0	0	47	1	1	0	1	0	0	0	1	0	0	0	1	0	0	1	0	0	0	0	0	1	0	2	0	1	0	45	32	0	2	1	12	1	0	1	0	1	0	1	1	3	1	0	0	1	0	96	4	1	1	1	0	4	2	0	0	1	3	0	2	2	1	1	0	1	0	0	0	1	1	0	13	0	0	1	0	0	0	0	0	0	12	1	1	0	0	0	0	0	12	2	0	0	0	0	0	0	0	0	0	24	0	1	0	0	0	0	0	0	0	12	0	1	2	0	0	0	0	0	1	13	12	0	2	2	27	35	4	18	10	0	2	194	278	109	300	365	327	274	0	1	0	1	1	4	0	14	1	1	0	1	0	0	0	1	0	0	0	384	0	1	1	0	5	1	0	1	0	56	35	1	0	1	0	2	0	0	0	0	0	2	0	1	0	0	40	0	1	2	1	0	0	0	0	0	0	0	0	1	0	0	0	40	0	0	0	0	0	3	0	0	0	0	0	1	0	0	0	0	0	1	1	0	0	0	0	0	3	0	0	0	1	0	0	2	0	0	0	0	0	0	0	0	0	0	0	0	0	0	0	0	0	0	2	0	0	0	0	0	0	0	0	3	0	3	0	0	0	0	3	0	0	0	0	0	2	0	0	0	0	0	0	0	0	0	0	0	0	0	1	1	0	0	0	0	0	0	0	0	0	0	0	0	1	0	0	0	0	0	1	0	0	1	0	0	20	0	23	0	68	37	0	0	0	0	0	1	0	0	0	6	0	0	0	0	0	0	0	0	0	0	0	0	0	0	2	0	0	1	0	0	0	1	0	3	0	0	0	0	0	3	0	0	0	0	0	0	33	117	80	94	60	149	69	0	0	0	0	0	1	0	3	0	3	0	0	0	1	0	4	1	34	0	0	0	0	3	1	0	0	1	46	42	77	38	20	0	3	12	69	15	0	1	51	1	0	3	3	2	11	1	11	1	10	13	18	58	1	9	0	19	3	10	12	11	0	46	56	13
34	6	27	35	4	33	15	7	3	8	2	3	3	6	104	6	49	1	2	6	58	92	49	39	4	2	48	94	52	1	2	6	49	54	53	55	46	48	54	139	78	84	63	60	82	79	54	99	113	123	49	25	38	27	35	104	42	54	30	20	41	23	37	54	143	47	51	51	33	23	54	9	53	69	82	82	54	86	44	66	25	4	15	8	57	44	21	20	96	87	100	6	27	25	120	68	16	26	133	28	19	23	49	20	15	25	49	38	25	93	4	5	3	18	45	6	7	9	8	5	1	2	35	23	74	70	1	14	2	1	2	2	23	12	2	17	17	2	62	2	2	3	1	56	51	48	4	25	4	19	14	3	14	10	2	3	13	2	14	35	65	4	3	6	54	37	10	22	13	15	37	20	23	12	30	16	44	41	109	34	19	89	7	8	7	12	104	80	8	28	101	137	7	41	9	9	7	31	9	13	41	38	59	125	119	85	31	36	47	0	82	16	25	69	105	32	109	43	32	31	91	24	43	12	55	77	132	62	42	165	35	88	31	35	40	65	66	0	70	73	94	103	60	76	64	80	207	97	73	127	105	148	228	174	4	76	179	80	7	23	51	47	43	16	5	60	29	6	68	57	22	7	10	31	17	20	13	16	23	45	130	86	17	69	26	5	15	29	4	19	127	60	85	84	141	289	283	113	2	13	8	6	5	48	13	2	3	1	2	1	4	2	20	37	1	77	35	13	27	3	49	54	102	185	48	36	50	30	26	71	69	119	149	39	60	87	20	43	58	50	70	65	25	71	93	48	178	40	133	37	28	127	72	96	6	21	38	28	31	40	24	18	12	17	22	95	50	84	23	25	48	28	31	22	70	27	3	11	7	14	128	55	71	170	172	88	33	5	9	5	4	18	30	5	0	15	59	16	48	75	70	95	69	37	98	58	73	0	15	25	36	14	115	33	37	39	46	68	64	138	79	114	94	83	66	188	61	61	62	39	35	29	40	46	97	97	76	35	32	33	35	34	137	28	31	28	31	47	42	29	29	36	45	37	37	45	46	39	35	82	46	36	35	33	34	39	37	37	43	46	127	155	108	171	227	253	289	224	232	290	234	243	239	229	216	212	210	267	247	226	246	248	226	220	227	218	252	209	207	278	222	195	221	215	195	196	203	203	199	208	203	196	61	19	25	26	22	20	32	31	15	23	23	22	24	8	8	7	9	36	8	7	8	10	10	12	8	2	68	47	2	67	0	1	3	2	0	1	0	1	0	1	1	1	2	11	308	92	26	12	12	5	1	5	1	1	1	62	110	48	1	1	0	26	0	13	15	12	31	31	1	25	24	1	45	27	0	3	2	1	1	3	0	1	0	82	24	14	24	88	0	1	151	85	65	108	109	133	5	0	1	3	13	6	12	1	11	104	75	11	0	36	4	108	158	37	47	14	20	1	0	48	50	1	2	2	2	2	2	2	74	37	1	2	75	54	4	42	36	1	4	7	13	6	5	46	29	10	10	12	4	9	4	117	1	7	13	3	29	6	9	20
32	6	1	18	19	9	1	5	1	1	3	4	19	31	65	1	191	253	214	345	166	288	156	4	111	74	24	38	1	1	41	18	3	1	2	1	13	11	21	3	0	2	1	1	5	1	129	3	12	1	34	0	1	0	0	2	1	1	2	5	2	27	1	3	36	62	37	59	64	47	6	37	52	73	14	26	66	40	14	10	45	19	63	43	11	19	8	27	26	40	77	2	1	2	13	4	18	2	51	54	2	2	1	2	0	2	3	2	2	2	6	15	43	1	41	27	17	26	3	2	22	25	20	2	1	2	1	2	0	25	51	3	2	3	0	1	2	3	12	2	13	1	13	3	1	36	0	1	13	31	25	1	9	6	1	14	17	15	10	18	14	1	20	7	62	33	9	49	36	7	22	5	3	20	13	23	4	6	7	2	1	8	4	16	20	5	17	39	2	93	1	6	8	15	117	459	3	3	1	5	1	1	2	1	11	0	3	0	0	0	94	13	2	0	2	5	1	4	1	3	31	32	21	4	73	12	1	1	1	0	2	0	0	1	0	43	9	24	0	2	1	0	0	1	10	22	21	1	0	0	0	0	1	0	4	2	2	11	1	5	68	1	22	20	27	12	6	79	144	56	15	16	21	1	3	9	51	69	14	1	35	23	22	6	6	1	42	45	25	4	5	2	12	0	22	20	10	22	36	2	1	0	2	0	0	6	1	0	2	11	50	11	95	0	1	0	1	1	1	1	1	30	11	13	26	0	1	0	1	0	1	1	0	2	2	2	2	24	54	11	19	1	1	0	0	0	6	70	51	128	163	113	201	236	168	159	66	48	192	43	34	108	42	35	19	30	70	33	2	4	27	6	11	10	28	95	78	30	19	38	221	5	4	2	105	3	56	25	35	24	12	11	35	36	12	2	2	0	1	33	11	0	12	48	12	1	1	15	24	2	11	56	11	20	1	12	2	23	1	3	14	114	145	249	87	24	9	0	1	0	20	58	2	2	0	56	63	12	12	55	12	43	2	1	66	77	24	2	12	18	12	24	39	14	13	102	0	23	95	36	12	12	0	1	12	12	0	2	32	35	16	1	0	12	0	1	12	11	12	1	1	0	1	0	0	0	12	24	13	29	36	13	0	4	2	34	118	21	13	37	0	11	2	1	0	0	25	39	0	42	35	11	64	37	24	18	6	1	0	1	0	0	0	12	0	5	51	94	61	21	1	42	57	143	92	51	89	19	9	20	45	107	69	14	138	88	113	65	84	121	56	74	139	68	59	44	43	35	29	51	47	23	13	47	32	109	40	90	110	78	68	17	1	0	57	175	493	291	191	156	150	26	1	9	50	4	24	2	0	1	0	1	12	0	12	0	14	2	18	43	6	5	0	87	1	1	0	0	0	5	39	3	1	11	1	1	0	1	0	0	11	55	30	77	1	3	0	19	24	0	8	1	1	1	22	55	37	113	61	39	0	15	9	18	3	12	6	2	3	31	116	98	117	77	76	52	163	71	5	10	48	112	1	16	2	9	6	13	1	26	1	2
1	0	0	0	0	1	1	0	0	0	60	0	0	0	1	0	0	0	1	0	0	0	0	0	0	0	0	0	0	0	0	1	0	0	0	1	0	0	0	0	0	0	0	0	12	0	0	0	0	0	1	0	0	0	0	0	0	0	0	0	1	0	0	1	0	0	0	0	0	0	0	12	132	0	0	5	2	0	1	0	0	1	1	1	74	1	0	0	1	1	0	0	6	2	0	42	1	1	0	0	0	1	0	6	3	1	0	0	0	1	1	0	0	0	0	0	1	0	0	0	1	1	0	31	0	0	0	0	1	0	1	1	0	0	0	1	0	0	0	0	0	0	0	0	0	0	0	0	0	0	0	0	0	0	0	0	0	0	0	0	1	0	0	0	0	0	0	1	1	2	0	0	0	0	0	9	0	0	2	0	0	11	0	1	1	1	1	5	0	1	5	1	6	1	0	1	0	4	0	0	4	1	0	0	5	5	7	0	0	0	0	0	1	0	0	0	0	1	0	0	0	0	0	0	2	1	0	0	0	0	0	1	0	0	0	0	0	0	0	1	1	0	0	0	0	0	0	0	0	0	0	0	0	0	0	0	0	1	0	0	1	0	1	1	0	0	1	0	0	25	0	2	0	0	0	0	0	1	0	0	0	0	7	9	0	1	0	6	4	3	84	5	1	0	1	0	0	5	0	0	0	0	0	0	0	1	0	0	0	0	0	0	1	0	0	0	0	0	0	0	0	0	0	0	0	0	0	0	0	0	0	0	0	1	1	0	0	0	0	0	0	1	0	1	0	0	0	0	1	0	0	0	0	1	0	1	0	0	0	0	0	23	2	0	1	0	1	0	1	0	0	5	7	0	0	1	0	4	0	0	0	1	1	0	0	1	1	6	0	0	2	3	0	1	1	0	2	1	0	0	0	0	0	1	1	0	0	1	0	0	0	0	0	1	0	0	0	1	0	0	0	0	0	0	0	0	0	0	0	0	1	0	0	0	0	0	0	1	0	0	0	0	0	0	0	0	0	0	0	0	0	0	0	1	0	0	141	1	0	0	0	0	0	0	3	1	0	0	0	0	0	0	0	0	1	0	0	0	0	0	0	1	1	0	0	0	0	0	0	0	0	0	0	0	0	0	0	0	36	0	0	0	0	0	0	0	0	0	0	0	0	0	0	0	0	0	0	0	0	0	0	0	0	0	1	0	0	0	0	0	0	1	0	1	0	0	0	0	0	0	0	0	0	1	1	0	0	0	1	0	0	1	0	1	0	0	0	0	1	0	0	0	0	0	1	0	0	0	0	0	0	0	0	1	0	0	0	0	0	0	1	0	0	0	0	12	0	0	0	0	0	0	0	0	0	1	0	0	0	0	0	0	1	0	0	0	0	0	5	0	0	0	0	0	0	0	0	0	0	0	0	0	0	0	0	0	0	0	0	0	0	1	0	0	0	1	0	0	0	0	0	0	0	0	0	0	0	0	0	0	0	1	0	0	0	0	0	0	36	0	0	0	1	0	0	203	0	1	0	0	0	1
330433	361827	362083	261722	308512	551532	288181	117735	91126	156110	94376	181946	188476	198361	238818	290404	195762	141939	168335	195169	279271	332106	251498	327141	243373	250857	268482	247171	271863	337091	163619	291194	368779	269641	203653	453839	186187	266513	505520	473319	310279	70354	196174	383590	460852	413973	418047	281944	191080	128110	232723	310365	421091	295517	61846	170061	324599	379978	395813	152956	120347	183087	298622	337833	69975	154024	426268	439665	385073	221711	60700	103339	348642	300827	72771	95742	285772	90343	217400	270169	298211	61241	13653	11151	11360	12760	30896	175308	390604	271082	195296	284662	321262	113094	117252	160982	316060	256978	149672	306970	123066	389018	148864	282473	441704	480200	236874	132484	310580	439240	371906	416260	203841	163019	236382	303916	418190	299143	74519	313414	380468	252439	115009	194827	279599	358614	325238	247206	374264	393765	274811	204396	415819	433738	352758	85766	82880	170958	401725	127540	316115	430152	442269	344480	234472	185941	335218	180218	385119	422700	411579	439216	387498	113442	286360	317330	351619	267438	174163	385190	253125	241640	194413	302254	422454	319826	404630	181875	333288	258809	389119	367359	384670	368806	360026	120447	107780	325756	385979	370627	436751	439283	191645	312031	138335	55976	97021	92373	115229	183823	241869	85167	56623	102798	332307	147357	226038	117664	275014	103613	240135	425572	394326	40562	60553	196674	384824	171750	63876	308526	79278	204985	220111	123711	255167	202740	140774	260061	239889	291537	311649	180208	279300	140271	60896	57367	240752	175742	406904	108790	129279	123959	381439	369206	469108	472453	218859	54759	272447	52267	40930	143466	153815	133746	108100	351159	483150	477665	438562	432411	403537	441635	415840	88461	77056	99594	225155	223900	167361	372511	431150	410043	426011	341936	86266	85907	87919	107239	117654	98016	73456	66964	102038	141430	73796	48898	132697	82038	145783	101993	109130	11770	17331	19429	21696	19725	16183	15122	15028	24151	32834	223376	106461	61851	101015	92232	49702	86307	157901	144286	105978	118880	110108	106917	170178	52346	111325	141789	86661	99187	109163	127471	112627	135657	196067	190080	189664	156089	187679	163646	168559	372212	139418	124668	121275	230474	77180	671	687	669	841	972	2316	498	688	4309	4641	2710	2187	1024	980	1432	1223	1491	1278	2654	1887	1673	1462	1638	2089	3055	5440	3855	4113	15969	7752	21209	22086	24380	38547	41329	37340	36111	50167	34053	27798	23323	20165	22126	86558	144796	102075	116083	137551	144327	126988	130626	115137	100161	101952	59780	73635	83399	111631	139982	126541	96532	86814	121242	19759	2749	2614	2265	3251	2367	2935	3941	1895	2038	6410	8789	2753	2421	1943	2070	2747	3434	2684	1963	1809	7397	4510	16210	20591	3288	6322	4240	2116	21077	2047	2101	2014	2100	1800	10984	17942	17825	19650	17627	18148	21160	20560	20099	13503	2211	2098	2628	2035	2239	2780	3337	2089	1687	3075	2996	2906	1835	4774	4808	4143	2216	2092	1982	2030	2174	1582	2251	2399	1734	4931	3645	2214	1498	3162	6050	2356	8116	7130	15734	12992	8133	3590	4390	16937	4927	1898	6965	15052	3400	5274	7181	2588	3516	2126	1780	1813	2082	2088	1734	2028	1986	2284	4453	3181	2644	5311	4966	2407	1933	1821	2103	3370	4940	1666	4840	1843	3214	2180	2243	2178	1955	7424	5350	3217	6746	3366	5215	2350	1950	2099	1859	1935	1709	3223	1963	1791	2771	4308	3320	1714	1959	2439	1750	3094	2919	1962	1911	1682	2010	1729	1876	1670	1583	1591	5883	2396	2495	1589	2706	1475	2627	1463	1331	2382	5870	9372	8136	8229	9700	9538	8533	15628	7812	1977	1708	2752	1874	1566	1887	1639	1942	2096	1438	1796	1958	1555	2601	2856	1953	1860	1840	2170	2213	1822	2179	1780	1927	1887	3882	2926	1994	6042	2334	2635	2830	2863	1894	1813	2478	2664	2913	2155	12428	14911	11109	8781	14943	19534	17553	16274	16294	16333	3696	2012	1755	1828	1920	1916	2132	2679	1980	2495	2743	5090	3300	2218	2706	1828	1700	1492	2446	1828	1870	1845	2009	1417	1755	1675	1945	10176	18772	22575	21238	21738	24084	19362	38633	9530	5329	7562	4359	5216	14419	4358	4875	10174	4515	3877	28958	35964	29929	39273	33759	33610	35938	27558	31028	32268	22326	27241	25228
47381	30110	55262	21848	44377	40534	10253	10422	10848	10700	17826	6372	6811	9745	10793	9863	7102	9058	5895	5877	5225	4828	5018	6656	5397	3210	871	1939	2589	1391	888	1498	1803	5688	4992	5359	6190	6314	5167	9436	8392	5517	7543	5240	8447	4778	7187	6622	11893	5517	3971	5010	15080	5646	4694	5020	7890	6715	6268	8323	6586	6846	4832	18907	16886	7956	6725	6449	8660	12126	14054	14010	28384	38816	36485	40807	40402	33794	41556	41134	37103	36753	28840	16382	9609	16388	22550	9665	11824	9694	11213	21225	31768	22684	11201	7896	7437	4106	7375	16386	28913	27103	8285	11274	10086	11917	9630	8589	9372	12548	11197	11541	9866	8039	6106	5485	6577	4264	4003	9253	9639	8494	8879	8383	8794	8744	8283	8800	8287	8407	8562	9972	8713	7830	7925	14535	10827	8280	5901	10901	18355	7647	4127	6664	6269	5783	5601	6829	8279	6860	6827	4084	3808	5074	3058	8067	5647	9070	8674	20127	19281	7580	2626	3359	4406	5296	5047	6499	41773	28872	28970	28068	19119	37616	16596	30799	23509	24508	21223	22391	18421	15006	19310	11810	30378	45576	28317	9782	31836	16284	25041	50724	15165	16864	22223	29534	20449	7551	8022	9047	15223	23420	18473	27491	24632	21900	23893	24064	24864	24089	25752	23272	21555	3997	2672	3060	4423	2322	1878	2575	2534	2092	1948	2614	2503	6379	5818	7637	4783	16250	15017	17682	18130	14166	11405	12429	14016	10023	10535	12225	12062	7941	4965	5766	4075	2988	3230	4647	4606	3197	2286	5507	3551	2974	5242	3886	9490	4016	8875	4016	4200	3588	6020	4270	4512	5188	3647	4628	6405	4715	3866	5043	9233	7860	10102	12602	12343	7894	12976	18715	13483	38258	11927	24145	37919	10739	10888	12838	18430	15515	18304	42495	29972	29952	33082	18670	21746	19137	18329	19181	20435	14565	20079	13976	6819	5748	7745	7016	4706	5098	6150	6548	5803	4943	7048	6677	7908	5663	5532	5371	5941	5481	4314	4272	5429	5359	3960	9810	7104	4271	3493	4165	4639	5873	5127	6012	5236	4061	3388	4699	6776	7093	7137	6484	6843	6838	5838	6105	6588	6397	8098	8581	9576	6880	6745	7811	8352	6069	27525	12745	6591	6230	15315	39147	18004	12748	13663	25306	27912	31036	33208	29318	24851	15348	16485	14418	25212	22058	13676	15852	14901	21052	35130	12130	17567	42731	20801	6496	12329	6792	10347	11569	9330	8525	8383	9620	9683	12849	12360	13299	10063	10179	7356	12310	8386	10022	11095	9572	8998	6228	5571	5408	8273	3232	9543	8887	5016	10322	8675	11984	13707	20123	16309	20635	20999	4215	4129	6964	5043	3730	2938	3838	5071	6522	6566	2830	3861	9729	4583	5970	7182	6713	2975	5718	4067	11704	2337	5802	4644	2764	4653	3273	3893	4504	3450	3555	3687	8594	2660	5273	4509	5012	3082	5403	7682	4484	20488	25084	24143	24734	14750	10816	10618	13198	8081	11214	19775	14111	12302	8566	12453	5336	9284	7594	8249	9408	7978	7088	9125	10275	13137	20760	13868	12325	6597	6160	10944	5395	2827	5920	4165	6048	3105	7218	10454	3554	6921	5414	8138	5730	6640	5318	6066	4639	4346	5643	5594	15050	3898	10516	9740	9834	9104	5803	5004	4617	4905	7820	4245	4587	3541	3606	4495	4447	4759	4515	4734	4462	3501	4508	3771	7075	3232	3737	4713	4609	3515	5023	5111	4302	4383	4255	4937	4485	8922	3968	4499	5454	4186	4948	6003	6037	4800	5903	7000	5882	5462	4762	5852	4660	3887	4650	4671	4625	4305	4464	5418	4209	4338	4620	5119	4577	3986	4699	5188	6328	4617	28688	21597	12813	11784	15116	18802	12008	8987	7699	3238	4935	1619	4267	2506	2204	1739	2554	2788	2130	1470	2546	2839	2907	1386	2305	2487	1872	1681	10625	7160	6768	6704	5997	9884	11336	9167	7180	4986	2535	1526	2344	2455	2219	1731	1958	2320	2176	1752	2754	2548	4410	1561	2217	7016	9121	3955	8891	5160	5354	5097	5333	33301	12960	9859	7036	25569	13300	8745	8224	7534	34251	17177	11739	10705	7547	11869	12168	34619	25639	9510	32748	33063	7486	10234	42573
3244	2864	3397	2730	3977	4283	2376	2164	3507	2608	2225	4035	3414	1379	1664	1677	1384	1701	3658	2682	2868	2934	1621	867	1148	915	1063	3522	980	516	544	1284	618	1348	606	4542	557	991	772	3523	685	1650	836	817	783	681	705	745	428	438	539	547	563	573	578	682	1947	1222	611	589	586	638	665	3060	1175	1228	1180	839	1550	1444	1235	1907	1558	1625	1748	2305	5756	2723	3544	2237	2095	2054	2068	3352	6082	5278	2950	2757	2907	4247	2252	2106	1900	1766	1997	2666	3889	3881	4286	3667	3133	2963	2753	2789	2979	2769	2311	3304	2530	2986	2777	3243	2195	2237	2074	1845	1835	1487	1547	1453	1697	1714	1777	3146	1487	1238	1610	1326	2716	3053	2700	4571	3250	1574	1235	1497	1189	1773	1291	1022	1271	1072	1059	1181	933	1359	1301	1361	1057	1245	952	1005	1100	1097	1133	982	1060	1306	1134	1345	900	631	1181	874	3388	5177	3150	763	2726	1460	2757	3219	6612	9276	3016	4687	1329	1044	2020	3274	1729	2386	1305	3919	3284	3525	2880	3905	4366	3254	2741	2809	2134	1903	3352	2220	1325	1963	1946	1944	1914	1531	5612	1606	1011	973	914	1859	1672	1265	894	1094	756	1250	708	839	779	689	776	2252	656	996	866	967	756	915	813	2358	765	968	662	783	593	607	642	640	1053	840	907	485	843	558	713	655	1835	633	595	637	706	928	1492	1296	1549	1451	3042	2078	1205	702	1073	867	1021	1910	1303	1632	2796	1945	1791	2503	5025	5169	2538	2424	2242	2131	1665	1928	7107	3062	1916	1746	2335	1596	3070	3796	5381	3965	4645	4754	4625	6175	7518	7047	6478	2894	5234	5955	6479	5313	3494	2614	2320	994	773	967	1696	964	1115	771	708	721	716	914	769	698	767	589	714	596	653	645	561	564	607	795	922	2506	533	2310	451	3909	667	572	630	623	578	968	830	632	743	1017	783	903	747	825	803	723	685	696	431	601	514	986	707	1219	861	1070	1106	1047	1320	1099	1650	1366	2526	1909	2737	3098	8769	9908	5069	2471	1127	1872	1399	1410	1181	5906	3833	1157	1418	1226	1682	11941	15707	15805	17132	14419	14378	14327	11518	14351	20774	9823	1004	840	1111	819	782	856	2180	3076	1281	858	747	527	798	1443	1609	1278	1628	1601	1458	1944	1384	1737	1450	1761	1856	1587	1691	2169	934	740	928	3082	1157	2099	1011	1032	970	1000	1049	1022	964	1094	993	902	867	460	678	546	520	491	515	515	499	638	482	502	449	902	591	405	420	368	500	513	629	438	470	696	39270	43576	38117	39373	42201	48163	38491	35147	42905	41063	43504	40192	41124	39463	41255	39309	37391	39809	42350	38138	30953	721	816	729	568	401	431	343	486	514	525	393	571	446	491	953	365	643	470	654	333	474	456	653	485	375	688	4213	1028	498	459	388	455	522	432	3380	496	412	482	5001	1646	3195	458	372	726	550	438	644	415	360	402	420	425	340	464	449	406	524	365	377	376	379	370	334	399	350	426	1291	460	475	363	470	523	413	425	382	480	519	398	486	463	519	422	330	539	636	604	515	607	445	541	371	386	334	668	311	702	1037	844	842	864	669	1155	838	425	608	595	1286	1250	1327	1251	1299	845	724	854	1000	1039	864	1042	693	834	729	713	1703	861	915	848	1098	1035	872	959	884	855	825	639	4492	1594	4021	1871	740	854	692	829	901	524	455	349	414	947	1298	519	681	705	767	703	851	904	958	961	1108	550	627	1086	1219	637	889	779	2922	4791	2762	1471	1908	2126	1362	1482	2233	37382	46347	48413	49527	47663	49225	35805	45458	42920	12238	37637	36242	41254	45953	43116	42675
537	1957	4855	1276	586	1219	1051	363	268	146	540	283	132	187	52	57	92	166	172	139	75	134	132	232	123	162	195	126	36	65	113	87	113	74	78	37	65	54	79	65	95	65	110	101	85	146	94	101	80	229	69	84	77	57	93	29	63	165	53	196	102	68	91	818	200	537	188	425	442	324	910	1588	6527	5065	6350	3633	6118	6496	13307	5549	4971	1033	3617	3749	1280	4520	1227	1070	7704	3224	5817	4477	2537	7497	9360	3722	4227	5446	11245	4546	1191	643	1127	474	869	520	551	412	460	316	431	2146	2204	2390	2028	1827	760	167	208	191	283	2298	3704	3193	3400	3261	3118	2230	2326	242	222	56	41	50	243	168	139	149	151	113	38	115	85	103	22	266	105	47	1598	16	43	48	95	68	64	75	54	181	90	449	46	631	1347	1701	1698	2929	5922	4578	3800	7294	6598	6265	6290	1649	1508	4594	8953	17182	10067	7624	13774	12299	11697	4404	5641	7359	11458	4919	7166	4939	4267	3849	4255	4416	4355	12956	8699	5614	4021	3707	4589	6236	10582	643	379	272	217	410	327	325	240	2365	4787	7092	7270	6827	6651	7487	6817	7147	6806	6699	6805	7410	5603	5712	6070	5737	6114	6263	6427	6455	6793	6628	6459	6745	6584	6638	7019	6273	6077	6843	6626	6916	6751	6593	6905	7055	6847	7996	8082	6467	6747	6501	6225	5340	3109	3006	3062	2919	3178	3309	3655	4040	3723	6492	7244	3888	4523	4356	3858	6259	7364	6959	4174	3971	4021	4997	5656	5700	4173	6558	6572	8362	8840	10608	7106	7827	8332	6492	3811	4729	5341	3896	3920	4323	4348	4722	4351	3362	5829	4977	4456	4394	4993	4821	4487	3990	5499	3972	3147	3106	3057	3448	3332	3115	1004	142	234	54	111	66	138	119	259	179	194	323	147	136	54	64	44	25	105	529	1993	401	238	95	73	125	307	200	267	394	518	1276	160	43	28	163	140	380	644	979	1546	616	2076	3618	4398	5116	3076	4074	3948	2796	439	822	1410	1326	773	715	464	2016	3999	3571	3840	1240	941	1881	2299	1362	2352	4722	4270	2372	1877	3728	5395	3932	4967	4948	910	1299	1758	4412	3859	3334	3338	3730	3894	3671	3717	3461	4072	3633	3283	3993	947	124	194	151	185	470	790	231	170	263	154	183	152	125	113	149	286	87	178	123	98	140	174	165	324	420	154	164	100	2123	129	122	141	164	85	201	100	85	188	117	41	19	106	127	113	149	207	191	122	186	178	297	1555	616	376	233	228	142	183	135	106	197	155	100	183	102	74	117	111	106	337	220	181	70	48	140	117	135	139	163	334	288	1475	864	176	909	848	779	2030	1295	143	141	65	65	73	87	89	103	78	119	109	157	28	84	23	47	29	34	56	76	54	165	89	78	189	336	326	212	254	343	332	487	205	140	83	35	102	70	2289	72	41	204	33	34	48	85	54	26	102	84	139	197	118	185	215	103	121	220	137	222	74	433	118	417	54	87	94	250	167	270	112	427	133	87	351	1462	240	317	306	285	346	163	184	419	340	429	131	169	290	140	204	69	145	65	151	102	210	60	198	407	131	86	247	38	153	88	75	46	106	165	96	174	137	187	47	35	49	101	45	33	106	200	103	121	142	330	46	270	64	2391	355	109	141	200	69	350	722	488	544	865	608	660	845	594	551	573	1129	813	1215	2089	3178	3770	3988	2345	1212	1707	1079	1298	735	808	576	873	1672	3386	2898	1881	4231	2360	2575	2876	1823	1737	2769	1934
60	117	106	44	23	70	45	117	140	43	11	31	51	180	257	259	140	325	264	236	245	186	283	277	253	304	313	202	291	222	230	184	114	141	20	20	43	48	58	71	17	39	16	2	2	7	25	32	35	51	31	51	110	24	39	78	181	35	92	31	26	3	15	68	104	76	27	15	28	75	22	6	103	75	193	111	34	83	159	66	117	129	107	164	112	50	43	76	44	127	73	195	95	82	231	223	50	160	100	128	189	135	66	17	174	217	277	177	150	74	64	133	88	74	101	106	119	155	80	93	110	108	256	206	263	113	45	98	37	141	190	221	169	53	91	55	82	40	123	156	130	97	169	137	104	251	122	202	113	201	258	164	158	71	153	42	118	54	108	129	184	184	65	79	83	52	121	185	172	258	186	127	275	235	146	217	100	125	125	182	141	173	110	158	146	100	106	52	117	128	46	126	239	95	79	115	135	146	103	214	832	149	36	123	119	58	131	165	109	231	238	211	250	251	340	215	114	217	127	115	107	106	113	106	188	100	128	77	167	41	94	112	126	80	156	153	112	59	29	75	22	44	35	28	55	2	81	45	105	85	111	32	51	56	66	68	148	76	38	60	15	29	27	66	48	51	79	74	38	83	46	110	92	54	60	33	92	65	47	53	88	44	53	48	85	61	66	72	118	37	58	12	13	15	9	9	61	179	58	32	41	56	48	17	138	105	15	7	13	23	18	89	196	49	13	10	11	43	60	22	41	64	17	23	20	25	20	28	46	24	30	80	65	41	18	17	13	28	27	41	21	14	14	15	19	13	11	8	13	16	5	30	7	110	156	46	68	32	49	41	110	137	104	64	101	35	15	58	77	54	9	16	16	81	101	79	16	105	78	53	59	40	4	117	47	9	90	74	18	76	81	34	113	157	91	111	64	50	17	21	28	15	71	144	85	31	29	16	12	99	21	118	98	107	56	15	18	16	11	16	6	6	10	10	7	19	78	127	69	35	67	9	8	15	18	40	77	41	56	18	79	33	32	8	10	12	16	43	29	52	30	4	62	4	18	5	44	30	24	179	65	63	39	83	84	28	18	4	2	6	6	38	18	66	139	99	24	158	138	113	59	117	21	7	11	45	43	41	31	11	51	26	15	14	22	9	82	63	92	21	84	42	34	10	18	30	31	22	76	95	82	57	47	24	23	20	26	51	38	41	72	75	20	17	27	71	123	92	29	27	39	50	26	66	5	25	9	52	36	30	19	13	14	48	40	140	53	62	82	24	10	14	34	31	76	98	68	20	28	14	46	24	47	123	158	94	132	27	24	10	42	77	100	87	172	49	36	27	18	19	37	51	65	27	21	18	17	11	17	7	8	8	28	7	6	10	11	27	54	6	7	11	8	5	21	35	35	58	55	18	11	17	19	7	9	12	36	120	67	68	32	41	48	45	10	13	28	12	28	20	31	34	17	17	15	15	18	7	48	55	22	44	56	18	7	17	7	32	129	83	32	13	77	62	84	37	15	85	10	107	118	92	155	77	165	50	139	119	45	164	83	65
349	447	417	729	377	327	341	256	134	151	57	109	46	24	20	12	27	38	13	20	25	30	44	30	24	285	274	164	21	14	219	63	0	3	3	1	0	0	1	0	1	1	1	1	1	31	1	2	10	1	0	0	0	1	0	0	1	2	1	7	26	3	20	23	58	56	93	75	30	103	123	38	131	161	181	560	372	438	477	123	144	179	73	33	284	93	229	240	268	700	553	578	669	498	533	323	331	320	255	380	174	112	252	144	59	81	35	230	33	50	26	21	56	37	57	27	21	25	25	21	43	27	31	18	23	15	15	267	385	353	278	211	34	0	1	3	1	2	0	15	47	1	30	36	38	11	0	14	3	1	0	2	0	0	0	3	0	7	2	152	37	57	151	40	104	149	148	227	266	283	228	237	151	283	356	284	240	369	161	451	250	347	176	226	479	299	241	184	292	264	363	328	156	208	289	266	261	207	209	53	56	36	18	40	21	18	0	1	33	41	15	1	28	8	13	28	2	3	12	9	1	1	4	1	5	9	16	12	2	1	2	1	1	0	0	2	0	18	10	1	1	0	24	0	0	0	2	1	12	10	3	3	4	3	1	0	33	4	53	100	137	113	216	70	79	247	265	344	345	526	583	371	108	8	26	3	97	293	244	568	147	220	202	252	282	303	477	400	699	629	293	202	192	479	135	137	148	38	75	19	21	8	27	18	9	9	47	32	10	8	41	7	8	9	15	4	13	0	1	14	7	2	1	1	6	2	0	6	2	1	0	1	1	1	9	18	4	8	4	6	5	4	5	6	4	4	6	30	19	27	23	41	143	94	52	205	33	71	65	210	120	284	234	456	237	185	178	299	92	23	48	89	127	144	233	401	430	232	254	306	343	377	169	201	271	500	125	191	405	180	146	64	11	43	38	11	13	9	24	3	144	115	13	1	1	1	0	1	5	13	15	3	113	50	14	35	23	13	52	41	15	3	29	14	1	35	1	71	13	13	14	22	4	1	1	0	7	1	0	2	4	1	4	2	13	3	3	13	11	12	5	1	2	4	1	17	1	6	21	1	1	158	8	1	1	9	11	2	5	13	57	58	25	2	0	1	1	1	5	2	12	26	4	13	5	2	2	0	2	12	0	24	15	33	25	13	0	1	14	54	0	15	54	15	2	12	1	0	87	3	36	44	3	5	13	34	3	25	43	13	6	7	3	12	7	2	45	58	11	1	0	0	0	0	5	2	14	61	12	5	1	7	4	6	1	26	8	6	6	7	19	9	10	2	7	6	17	5	5	2	0	1	3	2	1	0	0	11	1	0	17	13	2	0	12	2	11	1	1	11	5	5	0	1	2	46	54	6	11	33	38	1	6	1	2	12	2	3	11	1	7	7	14	0	5	12	14	57	7	16	25	18	4	7	6	20	17	6	8	59	3	11	3	5	1	4	4	2	1	2	11	17	16	4	20	31	7	16	26	57	27	31	17	55	37	125	107	31	131	141	66	169	167	161	284	155	95	58	124	20	133	62	83	142	380	190	264	245	255	379	270	134
17	12	26	16	19	21	24	40	40	19	21	21	29	19	14	19	37	31	27	37	17	26	32	18	22	27	18	12	20	25	32	19	25	31	45	24	24	14	11	38	30	40	17	27	27	38	27	24	23	25	23	22	18	26	15	30	23	22	24	22	25	34	25	21	23	26	26	30	29	28	23	21	22	28	22	24	26	16	21	21	23	21	159	296	271	299	297	264	332	300	325	259	286	285	288	301	263	298	302	242	280	325	328	294	332	314	302	322	295	327	293	325	297	286	313	294	297	309	307	324	308	311	284	307	316	298	291	305	280	303	308	298	307	312	348	315	295	324	301	283	145	26	22	22	17	15	37	16	25	21	28	18	13	15	12	19	28	14	145	287	302	333	291	275	344	304	272	34	13	35	26	23	24	33	16	32	17	29	17	19	16	20	29	27	13	16	31	28	22	41	23	25	10	17	25	25	17	17	14	36	16	20	13	23	21	28	34	20	37	25	19	10	24	13	15	14	30	14	12	20	26	16	19	37	15	12	24	12	15	24	19	35	19	37	18	28	16	31	18	22	12	37	24	16	21	12	15	24	13	7	11	16	18	26	40	21	16	27	10	26	17	29	23	28	14	26	55	21	25	31	33	32	37	23	28	22	19	26	22	23	18	19	19	18	25	14	33	31	23	48	30	37	17	52	33	32	59	50	24	104	67	30	30	32	32	38	40	30	28	23	20	47	22	21	34	11	23	26	23	18	19	20	30	41	13	14	23	17	31	24	26	30	21	16	21	31	21	18	20	23	19	23	36	16	16	36	19	14	41	21	17	37	23	34	19	29	18	26	29	29	35	28	23	24	28	31	27	21	33	34	32	26	25	35	33	27	36	33	27	23	42	34	22	33	32	24	21	27	20	23	28	32	20	36	39	22	19	23	24	44	24	14	25	40	18	29	17	33	39	38	29	23	36	28	34	36	34	29	44	20	36	29	31	19	25	24	29	35	27	36	26	37	37	32	22	20	48	25	26	24	21	28	21	29	43	31	31	37	28	23	20	25	25	32	24	21	21	36	36	32	27	37	17	42	21	27	28	28	29	19	23	25	23	27	24	17	25	22	32	24	22	36	26	37	30	22	24	21	25	29	21	23	23	24	21	26	23	25	28	33	17	20	32	15	26	25	23	23	37	29	35	24	17	39	26	19	29	22	30	21	33	28	35	25	21	26	24	37	21	31	29	13	28	27	24	20	29	41	21	40	27	35	19	18	21	22	17	23	27	13	30	19	30	37	20	20	28	24	16	23	30	23	25	23	19	23	30	31	28	35	17	24	25	18	28	22	20	34	31	13	30	20	22	23	29	21	24	25	20	16	30	32	18	23	20	19	23	20	23	23	23	18	24	18	29	24	18	15	37	18	25	24	23	31	29	18	29	19	22	19	32	20	20	23	20	14	16	20	29	20	23	23	15	26	21	14	27	17	40	28	27	34	31	18	15	19	21	23	29	27	24	36	24	39	17	24	51	23	21	16	27	25	25	17	40	23	15	29	22	22	34	27
4	3	4	5	5	6	15	2	49	0	1	0	6	2	55	9	11	17	41	13	18	26	19	26	22	8	16	15	18	13	17	19	15	4	15	16	29	14	23	19	18	15	18	25	19	36	5	7	7	6	6	3	0	14	15	3	2	1	3	24	50	82	51	80	37	67	15	2	3	2	39	89	419	580	445	498	213	302	126	45	37	71	54	85	94	82	38	46	3	25	79	74	50	76	79	146	63	103	156	140	82	76	130	105	102	50	144	4	28	40	13	27	29	144	212	235	204	213	199	171	88	143	105	103	101	71	72	87	31	65	170	94	129	56	52	77	50	96	47	96	137	52	45	61	136	39	51	44	58	130	19	89	70	111	24	47	76	71	70	46	40	50	56	105	111	81	42	31	9	9	8	9	11	15	22	4	12	1	12	12	21	30	30	17	3	13	3	126	85	52	100	63	7	6	7	31	18	1	8	4	7	5	7	4	9	9	12	6	0	13	1	1	2	27	40	80	39	8	3	33	0	7	6	9	30	7	20	15	1	5	23	12	0	0	12	24	12	4	30	16	52	49	50	57	90	109	48	12	27	38	65	33	25	57	28	57	39	38	19	43	69	30	2597	216	42	37	19	34	13	60	20	31	24	75	97	238	1032	212	283	160	23	76	37	14	52	55	35	44	42	7	10	15	39	16	36	1	0	0	1	2	1	5	11	9	2	1	0	12	12	1	1	3	5	1	0	0	0	1	21	4	1	0	4	0	1	1	18	0	0	1	0	1	0	4	1	0	0	12	16	3	0	0	0	13	1	1	0	72	0	1	0	1	13	1	2	1	136	298	241	144	180	290	87	72	100	67	112	100	72	123	16	43	9	39	60	34	29	17	27	39	16	3	28	23	52	21	29	26	13	22	38	26	42	5	2	15	2	2	4	17	15	17	2	15	4	15	41	18	4	4	15	8	5	4	6	8	4	2	1	3	2	19	9	1	3	1	18	14	14	4	12	120	5	7	10	0	0	0	0	26	266	24	0	0	0	0	0	0	12	13	23	0	16	1	11	30	36	8	22	12	61	35	17	46	19	0	16	0	4	0	0	0	30	10	25	12	9	16	12	12	6	22	8	1	12	0	11	0	2	2	3	12	0	0	1	1	0	0	0	4	0	1	0	0	1	1	1	1	12	2	10	6	15	1	2	1	0	0	8	0	72	0	14	2	13	16	272	195	3	7	30	12	0	13	0	37	0	0	0	2	1	12	0	0	11	0	1	1	17	36	0	12	0	14	0	0	13	20	7	4	12	1	2	20	13	5	20	13	0	7	0	17	35	31	59	14	2	68	18	1	3	13	13	1	0	25	0	2	15	0	0	0	13	1	13	12	52	56	13	16	1	0	14	70	2	17	8	9	6	13	2	18	13	5	7	14	0	7	13	1	2	4	4	13	9	18	19	0	2	13	36	182	43	10	4	24	6	62	12	2	1	33	38	8	6	2	5	78	4	16	5	13	2	30	18	5	44	0	13	22	28	21	27	26	120	263	224	150	64	35	2	27
647	777	755	802	797	808	812	757	683	642	3304	670	134	127	113	2149	4432	13	29	30	14	25	39	42	49	112	92	110	169	166	164	153	149	250	181	229	133	74	55	141	46	60	90	45	115	136	132	91	71	132	126	75	56	75	79	85	108	93	176	288	161	219	170	250	367	503	304	169	213	368	553	526	342	893	1958	1705	1934	1033	1243	633	734	544	798	781	704	1248	742	513	1272	512	1127	1015	850	1757	1878	1110	1544	1645	1358	788	900	693	726	819	1037	1371	710	725	666	790	1351	748	422	169	32	50	88	13	40	63	23	25	6	16	16	44	28	21	17	19	5	34	48	11	2	18	3	17	27	1	150	60	15	3	1	107	9	7	13	12	3	56	115	104	113	231	155	143	110	146	174	170	142	165	271	385	1251	1277	856	3464	2360	721	854	379	530	285	747	1885	684	1031	1585	1443	2747	2220	23	816	429	264	327	450	685	273	156	168	714	861	635	369	166	306	590	524	1519	267	85	127	228	4	16	23	89	98	98	89	176	215	118	93	91	203	178	123	9	75	57	97	80	170	137	36	103	92	75	15	85	124	100	153	118	176	716	94	251	112	200	193	149	184	223	197	93	140	217	176	209	302	399	282	176	145	158	294	235	166	50	381	582	292	200	289	640	642	672	630	659	777	771	740	442	310	225	256	417	645	1240	567	561	876	1791	4952	3687	505	423	683	621	767	828	6425	381	388	195	18	21	38	54	36	45	79	93	92	213	96	105	97	104	105	198	93	106	148	108	138	185	152	172	106	147	124	102	211	522	436	467	393	134	306	727	914	123	87	248	95	160	226	200	213	978	498	152	91	150	312	177	255	185	252	213	564	180	233	237	342	664	367	345	273	255	525	293	592	776	593	158	122	415	530	375	702	143	35	90	80	275	648	522	472	592	589	550	599	485	492	503	561	568	544	585	517	544	618	502	547	610	500	593	620	642	647	439	607	578	668	693	2493	551	569	564	531	528	476	466	639	642	662	510	612	445	514	510	483	445	176	77	66	14	3	13	1	13	3	24	6	29	66	5	62	66	51	1196	38	29	250	29	11	15	30	50	43	71	100	54	80	15	155	327	570	599	696	608	584	786	690	733	700	710	672	882	826	738	1342	660	372	799	867	831	755	832	970	985	754	627	767	912	882	754	424	242	24	62	77	56	15	14	14	34	40	14	87	34	133	30	14	26	33	53	101	27	46	43	21	34	42	16	17	60	76	73	56	36	14	21	26	72	89	38	61	7	41	17	127	136	209	146	41	49	50	62	39	26	33	63	100	26	34	44	65	122	31	39	48	84	215	72	42	69	15	54	174	218	222	210	180	84	136	230	7704	3151	195	220	2213	4903	250	206	227	243	190	133	230	197	185	189	207	156	292	169	243	155	87	6	12	46	32	2	20	52	7	74	8	19	61	14	12	50	22	78	17	8	31	28	27	19	10	34	49	71	57	113	43	94	101	149	66	136	83	246	136	69	38	57	37	51	74	59	65	125	41	144	67	6751	443	751	100	109	188	229	168	2024	4340	224	158	210	118	510	228	212	612	928	144	378	264	527	514
139	47	1402	321	509	370	549	1608	1732	508	925	4798	6017	5269	5733	2399	208	23	29	20	1930	1444	51	56	53	49	39	42	655	1446	1290	651	27	37	20	99	45	59	76	656	24	48	26	73	76	32	29	38	26	70	36	27	13	38	25	967	1822	359	12	53	1495	1	47	1132	556	567	1011	108	82	206	174	453	930	870	3364	2095	2328	1273	1833	569	123	71	143	54	370	292	214	352	2127	1004	2281	1472	1221	3837	2741	953	383	1566	3719	839	300	280	503	408	450	453	574	141	57	39	1421	547	85	59	27	2075	19	13	13	12	157	13	51	8	344	927	505	124	89	38	1	13	6	1	4	253	24	80	9	7	7	17	2	60	4	1	1	1	6	13	5	606	1325	1066	584	695	1334	39	19	1083	85	36	417	107	518	468	1248	186	128	2257	301	1431	1603	59	299	457	765	2955	767	592	2449	1200	2554	229	715	2241	1704	0	0	42	164	179	122	144	77	3510	722	435	95	251	2111	1865	3107	84	47	33	1393	339	54	117	49	1043	58	30	1	30	6	15	22	114	11	2	23	147	12	180	20	4	34	21	2	169	5	0	38	0	16	1	21	70	1	12	1	179	1014	5	20	398	1069	1073	721	690	394	48	60	1266	430	766	1218	1389	1681	1259	1471	1220	1526	3012	1263	1260	1183	1470	1168	1282	1129	1472	1212	1320	1472	1597	1356	322	130	1185	138	82	403	482	192	518	161	188	989	308	813	820	653	2322	1821	559	613	56	173	84	1842	713	63	23	17	2337	1838	45	132	785	483	13	41	15	295	1090	1121	1491	962	1293	1213	781	523	582	141	323	0	1	23	26	26	16	52	253	21	21	13	2	4611	157	13	796	1363	602	566	686	1396	357	61	1146	152	917	949	1293	1528	1832	1392	1477	1275	398	268	72	206	269	241	106	24	112	144	285	85	30	79	301	358	379	233	113	144	144	224	164	147	357	145	193	147	250	75	160	517	572	483	128	78	56	152	512	62	72	99	891	281	35	42	23	74	81	71	45	394	1518	1532	1609	1313	1508	1189	16	79	137	14	306	14	33	15	28	3115	4548	551	209	158	131	43	52	22	28	187	958	1675	427	668	641	402	21	144	1004	240	673	359	3	46	52	109	35	33	120	148	13	0	2	35	9	3204	259	444	240	372	386	388	427	350	734	478	419	275	417	722	597	699	580	774	811	466	293	177	307	880	847	782	470	287	310	1754	801	488	293	243	935	21	18	2	15	18	2	41	25	359	1108	1431	1250	1099	1346	1518	863	1029	1258	1267	1296	1085	1277	1682	1233	1346	1523	1214	1461	1537	1431	1396	1180	1291	2377	2047	1913	2958	1907	2155	2669	4945	3302	1265	2395	1124	1052	1133	1037	932	3816	1016	313	31	73	112	81	72	103	79	115	44	163	30	9	1	27	21	88	12	7	87	49	599	113	555	16	391	68	446	16	38	7	7	121	466	590	380	8	5	27	1600	347	55	752	160	1010	49	2	40	15	5	17	1	11	308	890	12	25	40	6	11	3	6	27	54	274	3	38	20	33	47	29	39	24	2012	4514	4245	4321	5135	5757	5102	5321	5065	4675	5031	4856	6276	3689	1913	1494	327	672	98	673	1245	3038	263	651	425	619	539	1866	600	1911	1799	2312	700	191	219	409	880	580	1938	2859	3215	1232	808	1882	520	928	593	471
218	85	164	119	125	123	171	334	329	421	356	256	289	270	215	242	291	239	293	278	252	281	273	257	231	259	212	241	211	234	205	348	337	202	234	240	225	248	219	244	284	312	219	258	430	235	235	290	313	286	315	301	386	330	281	325	275	228	277	255	272	387	241	215	270	247	212	263	303	322	276	212	1842	1004	2380	1477	1794	1497	2153	314	238	297	298	308	327	288	408	414	1947	999	1393	1589	648	1607	885	710	408	1046	1199	1363	262	324	343	230	382	340	187	133	287	296	454	604	284	296	375	503	539	484	616	565	344	295	336	332	388	412	348	320	380	608	530	508	540	554	587	497	474	483	346	395	299	299	298	264	331	306	394	311	437	356	487	384	414	756	1605	1377	1109	1275	1200	880	354	334	452	621	1389	1190	961	244	443	1356	936	1378	657	364	448	470	489	826	1079	630	669	1333	785	442	564	1050	465	1097	4593	673	643	442	565	555	513	2733	733	539	374	395	1832	1823	2195	602	677	591	607	493	504	287	313	370	376	346	400	343	298	408	325	622	354	502	234	388	303	349	367	291	353	292	306	239	270	373	329	469	422	328	359	402	316	392	297	416	271	319	261	645	274	343	356	362	328	387	500	475	431	494	392	530	418	365	475	317	370	960	930	490	460	423	388	392	297	395	419	375	485	469	460	376	417	327	490	450	369	409	519	456	434	305	293	436	303	438	404	457	465	444	568	442	361	369	384	389	291	470	467	463	348	453	358	516	429	333	361	350	321	395	394	367	371	366	295	464	335	388	429	544	330	386	343	401	340	301	350	368	665	634	329	349	351	400	407	541	525	470	490	431	368	434	392	386	453	480	440	413	466	344	970	622	457	596	451	322	456	385	352	505	457	447	503	468	481	426	474	608	552	351	436	295	446	500	323	291	292	470	284	256	365	434	406	388	278	323	459	294	278	275	354	446	292	316	236	322	321	284	246	294	367	223	291	275	294	354	335	351	276	286	282	258	310	330	198	224	201	227	219	244	252	236	269	334	302	270	315	353	322	326	174	255	345	274	302	294	383	387	356	435	318	306	215	259	299	361	285	298	311	333	293	374	254	333	347	265	313	244	330	330	280	354	313	322	349	332	343	335	254	333	283	274	242	388	360	271	293	312	322	295	335	438	268	253	264	272	267	299	296	451	343	267	276	253	301	261	316	310	267	291	293	295	339	225	298	344	350	341	264	321	330	263	319	344	298	292	274	332	335	256	290	265	256	311	236	322	304	242	266	270	274	374	221	225	238	296	336	294	276	292	225	253	293	359	334	433	394	389	395	394	418	276	252	202	247	272	279	291	318	291	541	361	282	225	250	261	239	272	376	202	300	268	312	269	268	338	305	325	280	243	281	310	261	276	281	266	269	239	268	231	286	330	240	230	293	228	271	304	213	247	248	323	259	247	361	252	250	346	389	357	252	256	288	252	310	338	286	264	224	267	310	331	265	305	429	380	320	337	304	237	299	387	253	397	306	325	273	285	432	484	258	533	580	704	427	396	298	313	351	288	435	262	347	267	358	234	382	356	313	243	346	331	295	353
19479	16284	12044	11608	13528	10937	5799	2746	1813	2136	5382	3990	1505	1489	1372	1251	1743	1831	1044	1087	1244	1862	1241	727	981	2178	3432	4135	3734	2506	2698	3734	8109	7402	7078	6189	6608	7734	3353	3940	5088	6374	1574	2553	1227	1228	1040	1993	3266	8647	7612	6247	654	809	882	4319	2844	2101	1124	929	1976	1830	1660	1694	5598	2248	7021	3458	5362	6842	13284	7309	10199	6099	7285	5583	8330	12744	9730	14886	14203	6611	5202	5791	7959	7672	6719	9772	7616	8501	13811	6241	10710	14144	13361	15952	13003	5340	10755	3164	9701	11801	13235	17804	14824	14654	10823	12724	1802	9331	9693	9580	13293	13841	14855	10653	10515	9744	9399	2898	396	1363	3425	1399	844	1140	938	858	1448	521	746	579	470	1275	559	778	712	891	586	1579	613	5284	5013	4975	4990	4216	3755	4527	4676	5401	4262	4570	4443	4676	772	770	1136	1137	1159	1099	5083	8007	10513	10219	15885	5648	5967	3895	4749	7009	3744	3240	4093	4423	7736	12424	7179	9982	8593	10163	11659	11422	9748	9862	9541	16707	19083	13512	19254	17482	11596	12103	17311	19081	20706	17609	15126	16992	14511	11473	9335	9224	11002	10610	11772	11740	14717	16602	10453	10641	8755	11290	9120	9545	12036	9026	7927	8503	8927	9096	8837	8604	8182	9448	10829	10544	10590	10938	14084	15225	10048	11406	10491	9144	11306	9731	7495	8690	10215	11599	10881	9926	9968	9327	10009	9129	9480	10356	10081	8944	9555	9634	9478	16520	17137	19893	24548	27635	25447	20759	18094	17823	12423	12989	13590	10586	13638	14283	18687	12879	12635	11022	14908	26081	12073	10627	13208	14091	10934	12155	18739	13705	10866	11471	15532	17780	12417	9659	10308	9781	10315	12575	9319	10104	10802	8270	9665	9129	7705	7645	8335	9991	9624	15000	10406	14930	16338	12511	6106	7349	2403	2704	1573	1492	445	1751	566	5418	1191	4479	2461	1078	449	676	504	495	429	1113	4053	7906	6086	6372	4695	8143	7037	7700	6535	5010	3829	3845	4171	3987	4551	3337	845	546	813	1071	731	1506	787	1495	1631	2790	6457	4639	15319	19579	13856	15278	10314	12283	13739	7627	13450	15954	8371	7723	8055	6788	9433	7906	5030	4454	9668	7366	4662	4830	5357	7506	7358	9117	13246	20547	19290	11514	11772	13032	7475	9724	13792	12739	3492	4454	4526	4386	1935	5863	3036	10807	5848	3008	3220	1498	3179	930	3707	4177	3051	604	968	2265	1684	985	1416	1662	1417	1500	872	1069	907	1314	1186	2288	1085	1282	1807	2458	1172	1787	1428	2912	2250	2120	1815	1985	1645	2195	2115	2315	3449	3775	3576	2890	3389	3281	3457	3798	3682	3218	4146	3631	4758	3348	4172	4797	4971	4845	2007	2286	1959	827	488	829	1439	1786	2477	1361	1966	710	483	432	509	940	400	780	1036	1970	4571	4177	3584	3714	3822	2499	805	919	1057	977	807	724	834	4854	6440	964	770	5685	4464	1332	906	1023	2396	2955	2761	2664	2273	2449	2560	3253	8942	4051	2693	3262	2390	2989	2595	1428	781	547	643	2048	4368	3708	4006	5083	1072	942	478	1914	641	481	464	314	281	280	376	2024	436	418	378	312	441	481	359	476	397	367	982	1528	1143	877	2677	1608	1387	1985	2039	2537	2164	4033	6956	7383	10864	10177	7271	6077	7192	4540	2210	3523	4325	2548	1252	1119	2761	1862	1462	2565	3723	1621	1091	1369	910	631	675	836	407	390	616	3054	546	886	1252	2310	1964	491	326	504	595	457	311	630	1396	1085	1126	1113	3657	5461	6358	7599	6960	7036	7637	5323	5234	4555	2208	3435	2636	3160	674	2175	1004	1172	1032	2437	3471	1776	367	717	667	650	380	698	602	702	1238	921	734	704	1720	3264	2903	2720	1405	4377	6818	10262	10801	10966	10935	15563	9383	12121	19067	18368	20569	20543	15000	11235	11359	11010	11219	17305	12950	10758	13192	17832	14967	16649	19993	12339	19063	19318
2444	2103	2576	1489	2709	13340	7784	7535	1575	7447	1739	1331	1243	1158	1232	860	865	735	1446	592	671	789	1333	1316	947	836	882	521	742	721	796	656	798	793	618	9836	2029	5552	5238	587	1121	592	569	783	591	632	580	986	695	861	792	746	613	770	608	651	889	754	908	611	865	672	743	1104	921	797	1079	1106	3009	1631	3138	4146	2141	13502	18084	1605	5969	12654	3048	2370	1268	2630	1192	9771	2883	1772	1405	1669	2436	1441	2383	2376	2921	2590	2427	2690	4400	3093	4704	4636	17902	19185	18665	19010	19938	18850	20643	20083	19208	19121	19682	16601	15365	17591	17936	17516	16545	17325	17440	14808	817	782	2097	1699	1811	1400	5790	6472	5006	5882	7345	22068	21491	6743	3737	1237	2689	1258	761	727	671	664	723	826	512	712	692	768	517	737	617	760	554	562	425	613	738	884	634	749	990	1188	1189	1006	940	601	739	913	5868	1445	6867	1122	2091	687	1567	1104	1335	2251	1089	1344	4429	3864	3130	1503	4582	3046	1544	1309	1549	1962	1541	1889	2004	1110	2109	1662	1940	1000	2196	1757	1383	1015	793	1312	555	769	482	770	548	516	2067	518	804	990	1078	921	1162	1271	1474	1278	1422	834	819	856	728	737	921	15489	16288	6734	634	611	576	875	1256	928	722	746	875	745	635	735	773	941	961	656	3430	5321	6402	2602	752	605	886	2526	1243	418	297	6865	1196	1102	968	546	2217	1058	865	2280	2449	2111	2491	8805	3551	3568	2294	4936	1249	20865	13800	9528	3134	1823	1380	1163	745	1651	1468	1232	2441	1609	1264	2987	3025	2033	3148	1201	1207	1661	1264	885	698	1073	666	819	738	665	722	6437	1427	585	943	383	955	2392	3888	8522	7701	12683	11764	5250	2792	1471	701	517	304	15804	3431	440	922	565	1026	618	426	300	508	589	515	874	458	503	535	550	511	274	318	322	341	577	314	360	528	398	278	488	586	668	802	2136	2344	1531	2999	2636	1905	3227	6414	27673	25616	28919	29135	29716	29803	31184	30396	19812	22834	22092	22798	32244	29601	30732	32996	28512	30537	28954	30602	31615	29477	9556	1044	20387	28839	26166	32485	28904	26474	29832	30680	33186	30473	34273	33037	30214	33957	31341	16999	16666	15597	1297	1271	961	788	1191	1087	5750	7033	6558	6744	6636	6504	2584	278	16904	11028	391	418	442	409	345	578	345	252	568	454	346	269	301	358	320	531	486	691	489	419	368	924	939	683	434	347	269	238	647	251	471	196	466	529	366	540	466	551	333	681	565	434	480	539	441	1132	912	580	717	631	602	633	584	628	869	1020	999	1264	1895	733	886	772	744	1310	2032	1426	1439	2343	1742	1389	1413	1848	2018	3088	1265	918	2116	4143	579	881	864	682	564	556	718	1262	5314	5117	6177	6086	6382	5882	6192	6095	20551	22409	7403	6006	2732	395	280	394	295	234	399	329	583	345	282	169	327	334	249	248	199	591	767	812	607	639	235	265	412	313	276	266	162	1134	178	285	277	377	330	422	508	508	413	288	239	224	223	203	264	502	1465	787	505	423	368	352	246	270	1082	553	238	308	351	368	346	1692	349	1219	442	488	373	253	245	595	729	834	511	796	505	307	1068	454	653	1367	3767	1618	3217	6512	3132	1524	1687	1551	1345	967	1499	1075	5901	473	274	301	319	584	255	262	302	309	381	657	1013	747	277	343	292	200	275	566	1755	495	352	365	564	366	996	533	478	443	349	520	599	503	599	2848	2510	2815	2823	2556	3616	2870	1764	1609	1784	3209	1960	1108	1353	1361	967	1315	793	1490	1045	940	2736	1128	1026	1695	1510
181	119	154	80	350	117	113	122	58	202	127	43	87	67	205	61	14	86	33	19	37	173	201	100	501	21	170	39	22	69	61	125	47	41	38	42	57	88	25	90	49	37	43	34	38	105	33	65	471	161	10	90	60	28	99	79	58	57	36	207	455	468	61	50	151	77	117	171	143	198	112	445	727	459	642	379	370	141	152	179	115	165	71	97	394	260	125	132	262	223	1168	201	790	119	261	116	161	252	138	82	105	34	146	89	152	71	102	545	278	313	217	113	108	124	45	71	82	101	79	93	97	86	38	35	14	63	76	34	19	12	19	32	36	46	43	10	23	37	43	71	145	102	85	94	70	18	132	35	146	75	49	108	27	53	94	33	72	59	73	40	51	33	87	69	88	114	133	1086	155	250	156	79	153	343	402	119	165	148	135	493	101	79	191	40	261	101	150	149	152	154	240	67	153	294	158	226	266	304	51	123	76	73	68	92	216	246	240	1044	925	473	76	144	51	61	49	14	25	69	52	133	90	62	33	26	25	70	50	263	104	95	79	67	45	182	163	234	82	44	120	35	96	46	32	60	34	57	55	103	143	129	141	112	71	43	44	58	138	200	54	50	65	77	69	123	416	197	214	117	373	117	190	350	324	197	391	360	57	85	188	172	205	50	183	247	164	127	223	480	3007	1601	199	263	84	143	354	144	170	100	208	236	89	191	137	2141	2812	2820	92	160	265	118	70	115	50	109	108	53	79	43	70	47	145	561	495	130	72	109	44	56	76	70	56	61	72	53	76	25	65	78	103	65	95	54	70	241	120	224	310	134	41	130	234	125	64	33	136	207	25	59	761	802	137	80	95	54	256	331	56	39	468	311	586	199	194	191	199	272	48	78	294	83	49	149	227	241	163	116	50	55	215	144	72	190	169	108	47	118	70	92	73	66	30	37	54	54	102	57	56	40	33	64	45	81	103	64	19	61	52	45	52	24	11	133	58	60	425	11	64	58	66	19	48	23	70	37	27	20	103	45	46	55	40	18	72	45	97	89	10	46	45	22	48	20	26	57	36	67	92	48	79	338	100	200	45	37	58	73	49	65	67	58	71	36	26	84	25	63	23	27	40	73	204	52	57	49	52	527	447	284	206	202	76	91	99	107	67	173	99	56	90	91	79	43	133	1819	67	879	2533	643	90	91	113	37	66	22	55	41	17	18	307	44	26	32	41	44	248	28	39	30	38	74	38	79	51	101	18	39	28	25	23	63	85	60	99	124	103	173	29	16	111	41	51	52	100	91	42	84	91	63	115	69	71	41	65	120	81	85	47	165	29	84	78	62	40	59	45	51	160	46	270	61	99	83	119	63	28	55	65	91	45	201	93	82	111	69	65	38	99	50	45	47	12	472	32	10	63	25	40	26	74	58	35	53	40	87	23	33	85	70	24	39	60	71	43	46	46	41	26	91	50	82	83	45	17	80	49	98	51	103	93	112	48	95	43	78	518	61	115	101	279	419	108	85	123	43	266	83	179	282	85	87	182	940	869	739	254	1253	66	89	130	149	95	169
103	100	74	74	187	142	100	31	23	15	12	12	1	1	2	13	13	4	0	13	2	1	13	0	0	1	0	0	13	0	0	9	1	12	12	1	12	19	8	0	0	13	12	1	0	14	1	1	1	2	15	6	0	0	14	1	12	15	1	1	29	44	3	4	9	14	11	6	12	33	365	378	975	775	1777	963	758	625	758	1	0	25	0	2	12	56	1	6	769	2	660	852	219	184	1561	1	900	1025	816	2	0	18	50	14	17	36	13	80	14	16	34	1	0	0	0	13	73	43	12	0	0	0	2	61	33	0	0	1	1	44	1	0	1	1	12	60	87	1	0	24	12	12	119	0	0	16	12	4	1	1	0	4	15	2	1	5	2	12	3	3	2	2	17	14	16	0	492	13	13	710	26	987	234	5	2	3	634	798	205	8	1011	87	1053	1	17	613	527	1	12	40	47	24	26	51	2	1286	121	8	5	3	638	730	709	40	41	49	38	59	48	98	119	108	128	99	133	204	105	171	103	92	151	177	143	76	89	87	142	66	64	44	46	29	3	13	1	277	1	20	3	4	0	1	25	12	2	13	13	24	1	29	13	15	6	13	8	6	28	22	5	21	12	10	30	18	19	506	266	7	10	13	31	10	25	7	10	2	24	138	26	3	24	2	58	18	15	17	13	18	6	25	12	2	1	48	1	1	12	17	36	1	9	1	0	12	1	0	5	1	34	67	52	62	50	102	33	24	32	21	39	57	56	79	62	74	91	82	82	83	54	59	42	16	13	7	24	6	4	7	83	62	25	32	8	6	22	28	61	11	20	10	31	63	142	149	35	19	31	32	9	29	30	12	67	247	265	261	313	196	8	9	13	27	57	46	26	19	38	31	22	62	43	3	1	1	1	2	82	27	1	4	4	18	49	68	19	5	6	5	23	6	15	88	21	18	5	18	7	23	68	48	7	20	9	7	6	5	62	6	8	9	7	55	9	17	9	83	7	39	28	115	19	14	25	3	49	12	10	17	21	41	20	3	5	9	83	63	48	5	19	41	23	8	8	2	17	56	16	16	23	59	74	54	6	28	5	58	7	4	6	65	51	16	28	18	26	14	60	5	56	32	4	5	7	79	34	17	6	20	73	15	6	60	30	142	16	25	7	6	9	69	5	15	39	11	35	21	14	9	9	6	10	3	17	6	28	16	7	8	18	5	5	5	6	10	3	8	4	18	13	18	9	4	18	19	32	4	4	5	42	16	9	5	6	20	4	40	19	6	5	16	7	9	6	8	25	7	17	18	30	5	6	6	20	18	4	5	6	24	6	4	4	9	17	8	18	5	5	6	3	16	7	8	8	4	17	10	19	11	5	5	30	14	20	6	7	18	10	4	18	16	9	15	22	27	7	8	22	18	19	7	5	9	33	10	10	9	8	21	20	20	6	32	17	11	19	9	19	6	11	10	5	8	9	4	6	9	7	14	6	68	52	34	46	114	37	47	14	7	18	2670	41	220	879	459	112	30	55	93	9	91	6	3	2	7	3	15	5	6	2	6	26	2
79	132	82	54	60	12	13	47	76	241	50	79	84	37	31	41	21	19	21	36	62	16	42	84	54	4	24	33	85	46	42	20	34	356	67	345	19	8	18	5	10	15	57	26	23	9	24	26	16	38	28	45	9	14	24	21	29	11	41	107	19	24	21	84	32	310	21	306	30	44	58	278	653	1282	869	615	843	611	861	82	102	151	74	65	224	78	171	87	1114	372	998	849	837	511	1499	90	863	1180	841	27	19	25	23	20	49	64	38	14	42	73	60	82	101	101	67	93	61	73	43	31	111	11	20	19	27	23	23	18	48	102	34	135	22	35	30	21	28	16	404	48	38	86	98	27	34	404	73	43	12	31	17	10	7	35	18	22	11	43	14	249	75	39	17	68	167	243	187	30	67	750	144	385	719	72	39	40	559	746	267	215	1152	115	963	108	101	883	673	110	104	40	155	75	62	71	36	1191	197	59	166	57	686	851	531	46	58	149	274	274	238	271	231	246	259	188	211	209	187	40	61	106	125	92	52	89	144	388	413	550	83	157	90	175	275	103	187	143	374	375	203	350	381	401	280	170	187	195	284	342	177	255	342	308	453	423	436	532	233	80	458	381	406	381	422	384	446	1044	397	385	556	224	51	104	57	85	99	114	42	49	73	36	73	112	24	103	106	72	115	266	126	98	35	95	34	175	42	28	120	38	53	38	54	19	26	109	19	21	42	60	26	36	76	94	128	141	115	54	87	124	82	44	85	214	531	619	89	90	93	39	40	56	28	144	40	23	56	29	13	24	23	26	19	52	66	176	54	101	87	109	116	57	46	135	50	40	117	48	71	58	84	49	35	55	55	93	176	168	23	54	165	87	195	231	482	152	183	95	74	58	41	60	63	43	51	32	153	109	84	38	49	41	50	62	341	76	48	8	13	166	43	34	47	185	190	23	135	47	80	111	66	124	105	145	59	248	33	59	29	338	289	514	19	28	16	46	47	23	8	9	5	22	62	21	47	15	33	20	18	7	5	7	10	8	23	1	22	39	66	7	26	32	31	25	34	43	39	41	42	35	32	58	57	62	53	64	33	56	17	32	14	47	32	103	146	96	33	34	84	12	47	18	25	13	6	22	32	29	25	137	70	44	39	35	15	11	27	22	121	226	15	10	28	23	8	73	327	101	16	113	235	174	11	163	278	429	488	745	38	28	107	103	195	280	160	203	55	37	34	18	98	170	274	224	248	104	9	10	164	100	160	245	264	205	248	145	199	247	49	64	82	56	67	61	104	38	28	35	51	52	27	52	41	67	36	35	84	66	74	72	74	105	45	45	59	34	65	44	42	57	76	156	20	50	28	34	31	23	29	47	34	36	35	64	26	16	22	11	48	123	106	79	31	47	68	50	30	65	198	292	344	653	611	840	295	8	26	22	5	20	10	17	30	19	206	56	58	18	75	23	16	6	18	22	20	50	45	126	85	40	52	55	163	205	106	50	168	50	78	55	61	33	50	45	50	38	118	70	59	59	55	75	42	50	131	117	296	441	256	74	114	238	95	108
5436	6860	8424	7548	6855	4976	8026	4766	6376	11311	5349	2934	3072	4451	2059	3030	1589	1770	1870	7740	2238	1758	2980	6284	6493	11424	11769	17672	12980	11856	11761	14982	4451	2730	2080	1917	6758	10788	18066	12719	21241	18305	19489	17916	10647	12631	13530	11951	14080	10689	10951	11014	11805	11545	12556	12702	12227	12762	12984	13503	12806	12290	12580	12775	13555	13313	14244	23600	21874	15037	14127	18320	18430	17526	23400	18615	15841	13054	10465	12648	25450	31453	24248	18222	14514	22535	17751	19809	22993	18976	23477	24219	25492	8474	12803	10704	15784	18187	18042	12480	7873	7996	16860	10915	13637	17709	17394	15968	18901	17142	17100	17372	16323	17604	16082	19892	13205	10541	10483	13071	12851	14552	16044	10634	11373	12684	10464	7934	7033	7594	8426	9276	15875	20205	21412	19476	21802	22203	22166	15539	6354	9109	11251	13192	9246	10363	11302	9574	11113	13871	13343	13462	13640	14674	11273	13562	13731	13191	15796	17040	16641	15788	18282	14691	22839	32443	27404	30999	29982	29716	31401	31099	34123	30310	30519	27791	31739	34969	30761	25043	27610	26669	31522	27379	27374	33597	34049	31620	20444	19723	22060	28749	23339	17400	17057	24779	23406	22311	16795	15043	17624	20127	14841	4877	2627	2272	3151	5467	8660	12539	13131	12346	14317	10976	10826	11731	13398	14933	14133	13832	13481	13798	13541	11960	9595	9734	13973	12364	13033	12842	19702	14090	10604	11003	10471	14569	3738	3490	2650	3675	5225	7579	7817	9182	13867	19248	15442	18818	17273	15701	15386	20467	16371	15023	18854	19429	13674	13169	17973	16876	18320	16688	20021	19350	32627	34479	30750	27677	22911	18265	16542	18886	27045	20977	23422	24522	28220	33725	30071	34021	33043	32054	33725	37798	35782	35474	36906	33880	30441	28170	32414	29859	30268	32324	34468	33935	23792	33025	24075	22438	27451	25746	25703	16579	21194	29128	24847	26121	26463	20452	23030	26323	25151	17665	16944	18248	16519	22077	22968	21774	19566	17041	19458	18357	21202	21055	21460	22933	21309	19724	21439	21510	20044	18530	22996	21741	20613	26835	25313	22944	23852	24258	26189	26942	26712	27054	29083	27004	30589	29792	29280	27985	32413	29927	30451	35631	42710	43597	41737	34510	43139	36730	32805	36005	35274	39117	40859	40815	31079	43614	27492	30245	32312	30635	27363	22294	22592	29440	36666	25576	27262	24870	28708	36708	47516	30477	30578	25438	16898	16885	17813	18711	17985	18825	16494	15319	18096	17833	19150	20298	26611	17811	23621	27727	27912	20836	19145	34925	41077	37704	32326	26480	28684	25243	28435	28088	22813	23599	33479	29490	30808	29017	28868	28068	24938	28223	25835	25632	24824	26796	29336	17191	15655	17117	17999	14228	16011	15673	16828	15157	16552	19679	22745	22023	27209	21536	21963	17147	16585	16931	17228	20897	20307	17619	17604	16187	15467	15918	16407	14404	16774	15905	19413	17409	16345	16844	17306	16558	15783	15474	14718	16084	16088	16111	15574	17428	15820	15049	15064	15163	16241	15317	20875	14364	14239	14738	15718	13118	11813	12436	13933	13948	17672	16218	16587	15117	14136	13846	13490	13542	13417	19574	14499	15213	9686	14514	14636	12674	13734	14770	10911	3164	3132	3057	3120	3315	3195	2804	3113	6576	4458	3776	3810	3984	4436	4189	3182	6167	5151	2826	3645	3834	3524	3506	6708	6735	6757	12744	3642	4204	4909	5301	4932	4407	3447	3472	3843	3209	3650	3493	3270	3932	4742	4583	4469	3783	4981	6692	6833	6507	7660	6909	4179	4176	3998	4286	4226	3864	4830	3889	3609	5099	4202	3586	4138	5941	5453	4172	4823	5050	4795	4825	5322	5197	3604	3149	3590	4469	6313	3949	3786	3654	3919	3299	8335	7764	3692	4886	3974	3930	3525	3728	3564	3683	5867	5057	5368	4498	4361	4753	5079	13813	23210	12491	13123	11265	5980	4073	5367	4943	3798	5473	9307	4059	5204	6627	5848	4075	4337	3385	3536	4346	3708	4856	11054	11701	9303	7896	5333	3778	4752	5267	3732	4262	7973	11513	5521	15266	8071	5323	14917	20516	20524	23823	15156	18816	15732	18041	10141	9452	8398	11828	21318	31431	11342	11369	21929	29617	20148	11741	15554	19576
276	482	212	181	46	204	247	217	87	180	112	142	164	243	211	120	181	578	63	164	149	165	62	55	1320	199	41	123	204	162	159	128	15	79	42	193	51	113	38	136	62	125	15	99	522	205	807	87	87	48	100	111	157	37	86	109	62	53	74	110	102	111	85	261	77	217	107	135	77	482	254	145	116	159	231	171	222	239	168	79	268	197	61	142	226	120	579	161	288	202	84	148	364	526	108	286	293	142	283	461	884	743	821	828	498	160	160	198	431	287	188	104	78	65	159	115	32	3	100	107	44	164	51	28	15	88	2	44	19	112	65	25	16	125	83	37	30	79	45	49	291	689	338	712	245	76	210	139	146	97	53	226	98	40	135	80	84	194	26	182	255	138	55	149	112	94	332	112	214	193	306	245	219	372	242	206	70	132	196	66	59	172	125	228	149	535	190	120	240	316	277	94	356	155	41	109	246	219	238	212	384	412	259	41	203	101	88	155	91	294	33	159	244	194	33	48	57	96	46	138	55	64	18	77	135	102	121	33	65	91	26	48	5	29	58	147	310	157	780	446	441	70	62	122	90	86	255	76	49	189	146	183	73	203	63	114	14	568	54	229	76	132	409	220	576	285	190	432	223	304	591	153	138	93	301	237	545	805	224	381	353	696	380	460	453	484	252	501	492	560	546	320	445	511	459	866	261	289	381	228	267	327	272	297	348	207	95	5	76	68	69	4	85	51	30	40	38	100	26	19	30	4	25	62	29	37	40	4	27	74	19	202	315	328	749	547	79	89	85	69	52	126	99	100	62	157	65	171	75	137	177	202	260	129	924	342	116	201	432	214	137	166	149	220	411	169	114	144	96	519	139	146	166	201	436	1119	2344	373	265	137	54	555	342	257	504	477	784	366	313	304	297	103	148	95	747	143	533	82	68	293	63	130	40	40	7	64	61	42	55	124	18	35	184	103	41	1	102	62	84	30	64	53	30	4	77	64	19	38	204	677	40	929	91	143	134	184	112	133	45	171	128	209	149	182	61	65	86	38	14	128	163	164	150	60	66	190	192	130	145	188	83	129	133	313	66	134	38	138	55	161	27	53	28	77	30	169	114	97	53	66	50	124	82	44	75	209	74	14	87	73	89	102	41	43	4	124	38	52	27	107	8	87	40	88	54	45	141	107	14	26	75	38	98	13	64	99	37	6	7	63	6	38	39	181	355	663	598	502	108	214	51	62	156	185	136	134	49	147	103	61	106	111	29	74	122	150	98	111	51	169	74	122	51	64	98	170	97	122	145	203	113	71	149	125	78	44	103	157	28	14	97	78	39	4	112	157	111	53	121	140	14	45	97	97	15	133	31	38	18	87	154	107	29	64	48	18	102	42	54	41	48	172	60	6	52	26	39	6	114	75	51	15	123	63	3	49	17	39	3	86	206	483	338	771	198	52	26	88	26	25	62	183	109	84	121	124	49	22	128	115	152	25	306	268	89	240	126	416	56	189	355	484	61	256	223	152	125	286	106	94	170	177	169	128	525	300	464	238	767	1102	202	366
22581	6534	6900	17543	12502	2983	5364	10412	9152	2567	5558	2972	3337	2736	3261	3198	3029	3345	2791	2816	2890	3022	2618	2764	2440	2666	2700	3171	3084	2822	3608	5624	5560	4752	3924	4407	4590	3207	2845	3379	2663	2935	2987	3155	2583	2440	2870	2699	2346	2334	2588	2621	2938	2663	2561	2721	2224	2494	2702	2772	2595	2569	2806	3157	6049	3174	3195	3537	4224	4769	4369	9177	19577	6525	5568	7682	5710	6028	4051	4101	4320	4160	3891	4699	3903	3908	5246	4273	6938	5025	4912	6356	4553	3958	7118	19168	4160	3980	5497	3668	7528	7990	11172	14157	3456	3711	2965	4803	4402	6073	5328	3424	3206	2762	2742	2778	2660	3047	3195	2799	2825	3378	3537	3571	3855	2835	3025	3757	3284	3565	3623	3059	3519	2955	3477	3749	4241	4056	3042	2774	2756	2697	2817	2932	2438	2507	3356	4037	2456	3415	2653	2737	2964	2661	2804	2246	2484	2891	2774	3574	3150	2937	3162	3352	4168	4446	4050	6034	5414	4289	4327	4407	5919	7571	6189	6028	5442	6505	7167	6683	5057	4520	4729	4573	6667	6393	6316	4674	4293	3922	3936	6204	6435	4435	4539	5032	6120	6347	8348	5989	3848	3420	3104	10842	5272	6608	2796	2813	2672	2969	3095	2802	3320	2878	3193	3028	3371	2958	6080	3014	3319	3312	2940	3021	3050	3266	2891	2678	3368	3193	3227	3430	4791	3777	3303	4560	4110	3405	3049	3095	2953	2707	3696	3667	2769	3096	3371	20500	19967	18609	17170	15683	2158	2384	2301	2836	2852	2454	2871	2717	2978	9358	10944	16628	7677	5762	4154	4221	3889	4483	5117	4824	5037	4541	4723	4465	6943	5203	4499	4896	7021	7228	7702	7288	10299	7038	5709	10495	8819	8022	3858	3182	3987	3475	3069	3495	3906	3530	3445	3499	3019	2870	2948	6462	6674	6683	5859	5753	5115	5675	4830	4531	4597	4619	5708	5587	5260	5153	3231	3146	3017	3498	4969	3362	2542	2635	2727	3436	2975	2825	2552	2869	2653	2379	2435	2595	2528	2580	2720	2960	2169	2639	2903	19378	7413	2748	2934	2685	2533	2516	2943	2622	2818	2860	2869	2819	5291	3353	3622	4643	3473	3514	3972	6152	6273	6977	6361	6596	8164	6488	5317	3864	3784	3553	3296	4712	5580	4232	5449	4226	4240	10704	4110	3845	6661	3134	5638	4176	7399	6590	5066	6595	8032	7758	3854	4788	3518	3091	3202	2996	3556	2790	2961	2945	3182	3189	3360	3296	3819	3302	3019	2774	2822	3292	2608	5304	2836	2664	2720	3119	2693	2443	2859	3175	3734	3411	3423	3162	2522	2805	2418	4097	2184	2724	2245	6542	2549	2208	2542	17392	9733	2076	2737	2620	2387	2058	2248	2220	2209	3076	2377	2776	2397	2315	2712	2194	2574	2276	2195	2349	2297	2535	2601	4063	3203	3678	3211	3345	2675	2286	2611	2498	2523	2671	2837	2699	2859	2690	2478	2654	2935	2817	2641	3095	2668	2821	2646	3485	3692	3197	2702	3653	2204	2819	2756	2685	2829	3383	2367	2384	2567	2675	2286	2317	2899	3688	3047	3009	3016	2909	2385	2542	2375	2427	2431	2650	2586	2831	2391	2338	2234	1945	2361	2160	1719	2302	2085	2156	2278	2084	2087	2498	2716	2428	3070	7454	3512	3057	2563	2400	4025	2330	2657	3137	3317	3595	3781	3064	4188	4219	4445	4118	2541	2416	2679	2727	2583	2744	2761	4965	6865	6158	4875	4318	2864	2224	6339	4378	4024	3999	3545	5406	4434	2793	6186	3487	2810	2524	2862	3022	3398	2539	2967	2590	3005	3413	2890	3587	3186	3226	4765	5645	4869	3564	3665	4099	4632	3434	3862	3666	3384	2955	3917	3600	4448	3611	3590	3511	4532	3510	2985	3508	4102	3197	3561	3632	4000	3523	2723	2788	2922	3250	2958	2883	3193	1947	1129	2934	860	725	1614	3570	1362	1165	1442	794	2215	908	475	689	1003	2712	2918	4037	3316	4237	4474	5495	4812	4311	6810	6206	6993	5955	4838	5222	3896	3869	4236	5660	4628	4093	4135	5333	8086	7510	9444	8862	4658	6916	5692	5443
1100	754	722	875	595	637	690	583	839	886	975	1387	1836	944	588	867	1469	618	715	698	767	822	803	927	811	944	906	1309	904	850	790	860	1192	1369	878	1242	1437	709	641	644	789	740	572	896	701	819	474	719	714	760	547	708	923	558	124	464	45	60	24	34	22	25	35	125	254	468	124	132	170	785	180	405	271	3204	4317	7649	1605	6769	6070	1411	1013	1154	52	130	3891	702	176	280	11476	11225	674	310	988	200	276	412	257	2319	2294	860	1806	1473	1781	709	158	675	258	235	710	880	151	239	172	201	137	36	455	53	105	154	32	51	124	860	2277	731	76	30	19	316	517	1266	60	30	17	35	7	461	2455	1942	2251	1645	2128	1629	1604	1594	1923	2161	2021	1713	1373	1796	2129	2934	2700	2857	2727	3330	3103	2940	2986	2777	3380	2844	3272	3180	3289	3180	5273	5795	3231	6718	17317	11421	17876	17695	17317	10790	17812	24738	32278	10056	4105	1054	3796	22407	1041	345	204	166	111	296	203	178	677	2431	569	1927	2157	864	1204	884	1313	86	101	22	59	72	3331	4953	3791	141	329	73	163	319	66	85	247	341	96	96	7770	6191	154	77	6796	10365	1627	68	73	179	77	250	165	198	27	482	31	77	91	939	57	376	74	784	55	371	59	53	110	139	31	54	96	13230	27927	36001	8725	198	201	204	382	1783	1262	3413	1969	895	471	101	171	555	156	101	131	252	171	1750	1904	2694	1063	625	2113	1541	3140	3083	3543	2656	2451	1151	2291	108	118	259	410	1373	1951	1653	1226	1204	1340	1168	1511	1023	1259	1255	625	7862	4586	43	170	166	88	65	86	543	3675	6755	3432	385	42	195	190	158	189	48	72	109	328	714	2562	455	8	59	215	127	178	71	241	182	124	72	60	462	474	876	622	963	1043	540	482	594	924	1262	500	391	406	603	1354	3502	7714	12075	6326	9363	4705	1111	1248	448	930	7164	667	2805	3285	2586	265	102	250	348	291	247	651	113	443	426	167	203	140	147	181	135	67	79	194	218	126	50	70	100	139	305	140	190	160	90	121	122	149	205	106	79	168	254	228	157	211	52	60	20	68	514	129	90	99	93	137	1495	3119	2841	2818	1604	3308	2506	2859	1745	2072	2442	2143	1424	1997	2706	4239	2723	2714	2594	1926	69	28	7	37	124	95	110	103	169	776	310	64	56	88	5065	4130	59	698	26	52	70	43	82	65	70	32	66	109	94	42	60	47	29	34	335	32	76	98	96	59	50	98	93	83	53	69	87	96	77	13	49	10	95	152	93	201	124	146	100	1	1	0	1	22	26	7	39	1140	31	166	167	205	330	109	92	311	438	258	488	228	173	230	348	305	245	267	375	215	286	244	531	356	22	42	54	24	57	37	28	71	27	698	970	906	976	729	1092	1101	1019	527	5560	224	163	146	260	142	568	298	5705	7709	204	1403	245	359	394	349	307	310	257	199	469	201	276	215	280	149	173	224	151	150	215	316	279	370	136	263	66	45	90	7	134	260	187	349	384	478	395	357	628	470	151	48	1246	1637	1079	657	164	19	73	81	34	1	94	239	372	155	28	59	231	126	157	98	418	824	173	44	417	94	77	89	100	90	97	1945	153	87	232	333	97	94	1336	1957	3186	1274	1702	4214	2483	1975	1420	3150	3362	1019	321	310	552	2123	4324	3637	3435	2573	4975	4381	4641	3906	4243	2824	5768
3602	5510	6245	3178	3351	3103	3162	2176	1824	2267	2197	1881	2963	2340	2793	3256	2335	1746	1316	1652	1789	2559	1788	3626	2036	1521	1927	1491	1509	1580	1788	1987	2103	2543	1406	1449	13034	2122	2149	4716	2468	1608	1616	1314	1375	1416	1673	1915	3750	1084	2533	1244	1579	1144	986	1068	948	1157	1152	547	949	564	944	1485	2591	2221	3256	2761	3340	2873	3500	3201	3204	7125	4733	3562	3560	4333	3816	3033	2745	8996	3183	2004	4610	1806	2547	2850	3797	7377	7542	8154	7791	7155	11045	7206	8095	9720	13926	7996	7875	8760	6329	6680	6017	5981	6444	6761	5689	5581	4385	978	1447	2031	1380	1386	1431	1533	1278	1108	1627	1402	1333	1251	1605	1347	1321	842	1496	784	1211	909	1637	892	1551	2243	2313	2395	1940	1709	1221	566	1003	1621	1281	1094	1978	1380	660	725	1756	542	1660	489	1053	2464	1640	1477	1122	1321	1218	1657	2814	3386	3302	1909	1856	1612	2845	6832	5329	3876	4517	4449	5624	4539	5447	5219	4083	3585	3149	3211	3863	2661	2814	2848	3724	2338	2093	2994	2006	1998	2391	2805	2457	2806	3046	1812	2691	1292	2632	2469	3180	1760	1680	1223	1311	2061	1692	744	14372	1333	974	1467	1482	1824	1192	1869	1632	2027	1798	1778	1880	1673	1879	1529	1616	2135	2012	1802	1911	2676	3223	3118	3413	2621	3539	3385	2920	2795	2872	1755	3265	2570	2629	2477	1954	2229	1664	1518	1378	1313	1916	1458	1746	1695	1944	2004	1962	4493	4543	3573	2903	3984	3033	6443	5168	4829	6763	4018	6451	4639	4803	4603	3857	5751	5504	6334	4618	4425	3504	4156	5051	4417	2135	2229	2650	1697	1970	1789	2342	1451	1574	2250	1435	1974	1146	4096	2433	1974	1791	1424	1388	1541	1028	1673	1537	1158	726	1520	866	1183	886	548	836	614	4089	6219	600	780	752	863	662	913	1150	1218	1256	2548	2782	3150	2491	2865	3568	3608	1414	2271	1278	1092	2098	2424	1704	1092	1395	1011	1467	1292	1237	1199	1151	812	588	800	1355	6845	962	941	1845	1358	1223	1542	1393	1923	2763	3579	3034	1860	1912	1710	1790	1292	1421	1448	2189	2796	2256	2657	2076	2801	2551	4091	2054	2112	5170	4836	3632	4698	2404	2735	2883	1538	1685	2304	1338	1560	804	1279	1238	1289	1529	1365	771	510	714	1056	556	1688	616	744	1632	1003	1006	745	1746	1202	991	1114	838	973	7938	1005	1947	1986	1247	2469	3089	2972	3473	3047	3252	3425	1281	2472	1735	1741	2643	1649	1883	1142	650	874	636	688	710	556	665	511	814	1099	3324	1079	578	889	3000	719	1123	2651	1078	796	3118	694	7539	787	451	867	893	3036	4753	7053	1353	722	9364	2659	964	865	971	1286	1535	751	635	478	789	997	627	498	497	1443	515	1018	816	664	702	572	541	788	588	860	562	673	431	525	576	1308	988	393	932	589	9184	9073	589	702	897	1023	684	395	558	927	1194	1127	1118	2325	3005	2696	2727	2709	2314	2602	2683	2556	2234	3700	1783	2064	968	898	947	816	1030	990	1066	1076	979	1334	751	860	738	477	514	424	844	484	727	609	518	581	359	582	455	590	642	341	647	843	422	769	631	955	383	682	598	655	626	536	795	741	596	847	540	765	548	642	1942	591	742	665	779	2220	2698	5800	613	8510	734	691	1048	539	535	587	789	3912	6535	5935	6398	7154	6021	6435	7156	6146	4753	686	1324	1520	447	1406	884	1168	1078	1784	2775	2133	2447	936	483	563	393	604	391	1692	635	457	8183	10140	10088	8104	8715	9831	1249	618	569	533	569	644	976	571	1712	2623	2246	2778	2623	2635	2856	2284	1709	1041	1233	1697	770	2023	1837	2479	1722	2029	1306	2540	2687	2361	1991	1861	1723	1732	1223	1765	1308	1302
607	534	531	499	525	883	736	809	489	343	380	272	185	130	281	995	650	702	417	362	232	163	247	1748	626	425	1606	497	102	416	707	278	934	821	255	393	1114	117	227	582	730	134	416	750	146	392	195	164	209	220	322	401	194	202	85	82	92	118	228	318	209	197	219	382	378	524	572	779	648	475	373	2593	1520	2522	4602	4435	2034	3958	1787	854	2161	3813	1512	955	3073	1525	1359	1553	2515	1587	1028	1503	2049	1488	2101	832	2062	2856	2740	1790	2279	2425	2084	1167	1419	2181	4550	3882	3323	310	303	1010	416	284	446	468	411	415	435	275	422	343	378	460	1252	300	238	295	291	324	376	351	300	214	198	224	321	421	388	343	265	684	203	230	1124	221	503	514	573	948	798	819	1054	742	841	264	130	174	205	406	568	618	410	546	644	742	1440	2225	807	1171	571	1077	1329	762	1212	1297	1124	3382	3565	1686	1845	2383	1788	3128	2806	1363	1159	721	572	773	549	531	1086	551	2768	5871	4996	744	3901	6085	2561	2148	1925	373	354	367	179	510	297	323	399	315	413	371	261	450	266	203	270	379	139	312	320	233	207	226	190	314	293	257	186	273	145	195	323	560	334	277	204	222	489	234	179	702	171	130	590	234	274	253	173	868	461	496	185	94	322	253	475	237	391	488	746	3321	8807	7990	7309	9612	5173	1366	5167	1757	920	575	595	865	786	916	868	1096	1173	1212	1104	1359	1205	974	1010	1483	743	1166	652	475	529	549	1053	605	561	591	543	447	3871	3638	458	319	383	252	249	306	369	374	376	327	251	379	392	443	384	260	323	456	498	529	284	667	346	182	349	292	309	470	418	553	585	444	321	230	419	339	298	485	348	159	221	168	380	442	198	358	338	483	533	752	235	551	677	676	1014	785	635	659	1162	680	588	1009	992	557	728	648	419	191	301	321	340	425	452	355	802	576	1286	947	1568	1882	2488	1983	1037	946	767	930	771	645	713	722	680	584	795	933	722	313	281	211	382	491	409	494	392	1299	1076	1034	1168	994	1258	326	197	239	188	127	1896	11733	5197	359	363	215	220	170	125	138	262	341	134	209	103	132	216	87	87	292	78	122	217	143	153	176	140	228	241	215	276	154	234	279	323	603	789	1482	1924	2017	1968	1480	825	975	1127	739	984	598	578	783	697	977	819	779	681	691	708	963	687	869	655	692	301	303	268	298	161	389	277	440	453	230	4085	5036	309	554	128	113	69	266	264	264	296	447	276	177	141	115	178	161	122	207	92	54	63	169	134	35	128	323	128	80	82	101	119	162	86	320	118	87	141	201	1709	372	208	377	169	120	145	121	80	133	105	322	174	237	102	98	117	42	53	233	177	186	211	258	208	219	137	222	180	183	138	154	130	300	141	317	266	232	264	249	1128	1204	1144	700	186	133	104	89	114	159	249	220	167	185	220	177	192	180	32	170	254	123	150	181	256	168	288	402	215	241	303	368	201	80	85	168	71	205	160	122	1557	2266	766	418	126	155	582	174	89	103	30	217	58	100	152	111	120	186	131	299	136	172	307	260	201	173	276	455	291	227	356	392	298	526	500	1562	901	540	982	496	963	888	663	1961	1896	2147	1967	2084	2305	1897	1991	2499	1643	2085	2692	3941	1816	1815	1954	2717	1680	378	454	848
2249	1547	694	316	300	923	427	212	199	156	431	122	271	516	41	40	154	53	89	99	99	223	105	145	77	84	91	156	189	91	146	375	80	62	37	51	80	134	624	100	55	140	82	233	31	59	228	966	1384	1225	144	397	39	61	121	560	38	1122	85	82	1022	999	949	318	61	591	235	135	381	434	674	283	259	1112	1009	618	2130	2515	1678	1070	721	668	649	326	214	1215	484	601	5859	350	280	1241	5949	2107	1105	867	506	655	384	151	124	1493	210	260	357	87	154	171	77	95	76	90	113	70	15	132	40	79	90	66	106	137	553	60	75	21	211	68	92	6	26	20	125	143	37	79	73	96	225	93	68	75	217	106	139	2748	53	86	88	97	206	1253	153	46	112	117	154	324	37	29	378	399	77	196	442	222	672	815	405	830	925	964	370	3214	875	753	1023	643	119	485	828	2127	1308	423	2983	685	1031	942	1395	1728	1513	1751	1745	2415	861	709	671	602	1518	311	938	702	1098	390	140	276	127	144	130	101	156	54	59	205	72	120	92	474	63	99	90	102	98	134	98	131	43	61	82	670	86	337	73	123	301	96	32	377	1740	2839	555	494	2817	244	146	197	866	253	169	74	40	996	52	638	57	81	153	884	821	318	815	471	644	681	249	549	645	144	860	1403	568	1905	1006	165	286	470	1010	275	472	245	487	251	2164	3284	1702	398	565	1742	2096	469	427	601	253	3581	261	286	349	198	168	164	66	187	64	119	153	90	128	199	179	76	67	122	126	45	180	49	68	56	52	123	87	100	99	39	84	83	804	1072	1101	687	387	117	121	122	496	1789	129	2662	103	395	496	18	127	340	414	759	1912	1387	1250	2060	1659	468	395	58	204	130	45	304	375	993	549	524	863	1277	757	1150	1511	452	232	119	279	150	521	748	1238	1833	5011	955	454	385	379	587	540	1384	273	385	337	292	288	275	3402	744	1237	825	101	172	225	67	201	88	34	97	234	437	95	164	116	92	62	112	205	126	129	227	47	102	69	1311	1282	133	126	520	176	181	48	177	62	60	65	197	1509	2928	153	93	96	98	83	123	40	98	66	96	56	354	62	5144	38	54	91	165	37	64	45	106	78	71	358	61	59	1083	1717	2959	3017	1781	1368	24	95	81	82	80	33	56	106	172	149	53	134	77	128	63	94	916	116	145	55	100	52	35	70	278	402	77	73	86	45	65	102	49	91	110	52	112	66	173	76	182	62	97	84	151	32	114	74	69	105	67	89	175	86	1390	44	206	113	1168	98	1209	1059	408	111	120	91	49	31	98	38	2645	112	22	322	156	107	433	37	116	92	438	258	73	79	153	58	129	107	54	65	1691	44	113	101	61	93	90	91	55	95	70	55	114	146	131	69	61	85	185	12	32	132	127	56	53	63	51	106	83	37	93	122	72	133	50	108	98	90	205	436	178	100	167	118	157	845	427	1292	587	49	107	217	88	72	77	33	81	116	150	211	412	52	121	40	97	27	125	1967	822	101	2743	332	269	53	157	53	114	56	92	1872	65	99	189	172	44	120	412	151	196	152	1464	197	244	1881	1586	1837	1035	2090	387	3629	10803	7315	55	112	115	288	3013	620	1730	170	335	2216	163	186	229	398	254
257	1007	702	60	246	105	23	99	60	53	16	56	56	71	76	21	17	154	95	110	89	90	28	32	167	372	74	142	136	54	198	41	5	33	5	9	44	56	13	6	15	19	31	19	3	21	19	21	6	7	24	31	10	7	12	22	3	11	20	10	9	8	9	27	5	11	89	239	8	42	45	24	26	24	55	192	377	120	123	135	227	48	42	435	182	110	102	890	4772	748	263	262	94	122	69	40	46	106	26	60	64	51	1345	66	93	30	28	76	36	32	44	43	58	70	82	143	145	107	68	38	13	25	22	46	21	64	32	16	11	41	8	17	12	33	36	21	46	15	17	14	24	14	17	25	12	30	32	17	52	22	8	68	65	20	12	12	15	18	14	135	75	13	17	15	11	29	30	36	32	19	101	131	109	991	585	233	221	112	208	492	554	619	409	89	90	103	263	43	88	187	250	74	57	61	25	66	119	84	104	124	97	62	61	205	170	270	23	104	73	82	27	82	41	60	29	111	18	6	58	83	16	16	60	38	40	74	67	46	39	68	27	42	35	12	24	15	27	20	23	28	13	26	18	33	1	4	6	7	3	6	22	25	20	16	22	4	9	51	41	26	164	36	285	474	60	219	163	171	72	113	74	50	393	69	58	398	26	91	12	456	129	196	102	184	111	43	234	134	85	130	89	115	238	35	1	6	121	77	140	281	326	173	327	121	13	24	2	1	3	13	13	0	10	2	37	47	62	1	2	1	1	2	2	2	5	1	4	25	2	1	1	22	24	0	0	14	2	1	2	18	2	2	14	1	0	1	1	1	2	1	1	15	1	1	8	2	29	12	2537	109	22	200	227	50	98	68	78	118	127	36	31	9	48	91	59	122	72	332	67	69	28	93	88	187	80	129	90	18	28	10	27	2	13	21	62	47	68	61	85	18	8	55	20	12	11	3	6	6	26	227	52	56	47	13	9	116	94	10	5	29	37	8	12	15	13	12	14	8	5	11	12	4	7	10	10	41	3	47	39	17	2	8	11	5	9	3	7	36	11	4	3	4	13	12	5	11	16	10	243	19	6	8	17	26	6	5	53	29	27	5	10	53	31	19	28	9	47	41	24	26	210	4	16	5	7	44	6	30	4	23	14	25	0	1	9	16	29	7	36	36	26	30	36	194	5	65	36	46	12	12	26	37	37	24	6	52	155	32	41	9	7	5	17	16	10	30	5	19	40	35	30	8	10	9	4	5	3	12	7	4	10	10	7	9	13	15	41	7	9	13	20	64	4	41	13	8	9	7	7	5	3	73	105	50	3	39	24	28	31	10	8	3	34	25	18	73	14	40	9	33	42	90	19	19	22	8	32	5	4	35	30	31	44	5	51	8	28	117	43	32	12	6	32	179	258	2	5	100	5	33	6	12	7	3	5	23	11	8	15	4	17	20	13	2	13	1	24	16	7	6	17	9	6	6	11	76	94	3	43	539	177	100	8	23	6	20	290	28	36	17	6	35	34	20	19	32	35	61	27	33	6075	80	107	239	394	111	85	80	432	114	54	41
220	389	112	43	25	7	27	23	86	29	36	92	157	211	3303	73	67	128	98	60	52	86	95	158	90	155	125	175	116	151	239	164	118	177	84	107	119	43	333	369	196	376	244	144	124	241	153	121	118	137	181	343	253	90	200	123	119	243	197	299	305	231	194	462	69	9	109	22	240	544	395	542	289	263	306	448	427	561	1047	1136	575	631	512	368	195	127	312	287	609	387	325	218	444	194	971	427	246	260	554	670	344	129	491	183	171	234	507	343	288	165	177	321	295	265	221	255	5711	856	132	330	182	286	324	215	311	203	365	288	280	414	164	233	76	81	68	154	85	173	114	73	76	124	54	31	46	23	36	87	70	74	204	133	85	90	46	61	118	43	72	68	65	79	19	138	93	19	93	69	260	192	184	143	284	110	241	260	589	64	162	183	117	45	158	171	145	138	150	86	196	225	164	278	389	931	1597	610	817	524	670	252	334	262	642	86	239	119	204	241	133	202	232	229	524	291	357	424	364	651	305	197	187	209	260	199	325	197	216	180	305	202	209	142	131	82	36	16	6	14	79	154	137	129	139	152	119	172	155	164	93	162	201	308	332	334	199	130	181	83	103	25	100	6	114	326	316	817	707	785	732	1055	811	825	847	743	1026	571	324	140	144	703	440	369	353	294	233	80	61	128	32	166	84	76	70	209	128	99	153	115	118	267	49	21	102	36	49	121	54	102	46	38	21	33	161	381	1050	915	323	15	17	395	29	29	31	65	16	16	33	30	87	34	16	26	14	14	4	5	22	28	29	37	39	115	88	111	28	46	59	15	34	34	64	80	84	68	114	180	25	73	287	123	166	184	220	353	508	567	739	641	741	663	570	443	486	478	150	209	120	101	237	204	33	236	194	91	1169	2341	3009	2029	2189	141	132	78	68	36	106	11	117	35	3	57	43	33	31	27	32	23	28	10	54	135	191	145	65	156	214	172	206	395	368	327	415	525	543	394	529	543	501	424	621	558	707	648	402	412	356	467	551	1020	438	184	111	192	51	171	137	49	188	109	173	110	340	366	204	238	189	147	166	84	93	65	141	36	202	199	150	195	242	129	140	131	224	169	197	278	165	108	180	144	189	87	86	40	58	169	131	13	57	48	98	163	91	82	179	158	129	169	99	43	34	41	177	167	41	182	82	64	63	117	89	105	158	120	197	385	420	378	589	619	478	480	396	385	438	416	377	259	196	40	31	37	39	37	38	58	30	42	56	39	65	88	39	45	45	43	41	40	53	13	26	9	16	18	39	88	85	468	259	173	109	39	136	360	267	254	109	63	128	97	209	164	104	199	94	169	186	326	7424	3331	3421	3198	3979	688	614	18	16	26	30	41	23	3262	2654	82	47	24	74	79	40	128	36	116	196	162	88	68	84	10	35	40	87	25	29	9	30	47	15	44	26	4	14	18	5	3	28	41	6	3	2	7	28	4	9	2	3	3	9	14	23	20	33	245	206	281	236	214	112	209	227	411	375	555	518	544	529	981	1378	1405	1747	812	652	820	580	1189	815	877	881	891	986	710	574	569	1132	941
70	66	20	19	149	41	53	36	44	58	125	103	62	20	4	28	53	64	114	132	230	170	147	108	40	3	79	1123	3693	8	3	6	19	21	73	51	27	40	16	67	4	30	66	27	19	39	27	127	3	4	14	2	4	3	5	39	7	3	5	4	6	6	1311	2192	2243	1355	1852	1819	1777	2381	645	141	160	91	75	87	76	35	25	96	155	34	29	24	24	40	427	371	129	136	76	134	29	24	42	59	107	24	48	86	27	76	218	177	130	107	51	57	109	135	730	684	32	18	9	28	28	78	23	10	65	139	16	47	34	144	88	50	154	183	894	1138	1380	1308	1369	1285	1165	1175	782	119	5	38	216	348	113	22	93	146	161	160	44	21	8	4	3	5	4	5	15	18	78	24	65	23	45	167	70	258	468	343	366	198	283	547	433	314	278	118	25	163	56	61	60	51	35	107	51	68	27	284	567	356	667	425	956	631	575	1164	967	1370	1378	62	193	74	30	39	93	15	100	44	600	858	1085	1047	896	1281	889	730	667	143	14	63	28	82	42	79	7	7	89	33	51	39	4	22	48	1	38	34	56	28	160	56	15	64	21	5	1	2	4	65	67	5	3	5	35	57	29	7	52	587	621	474	278	230	396	850	820	438	303	436	367	347	167	50	385	684	628	500	582	693	775	953	563	679	624	786	527	499	368	391	662	756	840	715	991	1040	1144	986	588	813	718	765	934	917	887	822	1191	1219	994	1067	1082	523	670	208	374	311	128	110	620	551	1051	969	810	28	4	66	7	17	57	34	28	137	90	17	94	52	6	51	11	6	3	3	13	3	1	2	8	29	50	47	26	9	43	66	95	74	16	4	21	14	34	13	40	89	167	5	11	49	52	329	163	131	41	48	46	366	562	566	1077	597	531	350	446	739	202	73	113	45	273	156	17	72	272	431	438	297	376	845	1468	1072	1066	565	54	28	16	59	2	43	3	1298	1859	1450	1869	1481	1206	1455	1569	1383	1798	1378	1593	1292	1479	1483	35	24	8	5	15	24	49	41	80	56	49	21	3	2	3	0	23	6	22	3	16	31	18	32	16	39	31	5	16	14	2	3	16	22	3	4	2	3	2	5	25	34	19	62	20	5	26	2	5	50	17	11	9	24	15	5	44	6	48	43	3	4	20	3	1	16	22	32	2	4	25	4	16	2	11	3	2	3	16	29	4	27	26	49	16	15	44	46	17	3	17	2	16	14	4	4	855	51	86	61	15	34	146	29	22	19	36	2	14	2	5	2	6	51	40	91	3	6	2	3	2	47	3	1	3	29	2	2	64	44	15	26	2	2	2	74	30	50	3	10	15	69	22	9	32	41	48	26	30	7	49	27	13	61	26	13	19	1	9	8	3	5	19	4	2	42	42	128	34	14	1	9	10	6	33	53	32	2	79	2	14	51	15	20	15	9	3	40	509	15	19	35	2	15	2	17	34	11	68	26	56	16	8	53	20	50	8	5	2	3	4	2	3	1	1	50	278	46	14	142	72	59	41	58	93	64	14	33	123	51	29	22	578	605	1303	1141	824	1017	882	1165	1481	1277	1244	1229	992	1151	1030	1053
1167	1085	1151	933	38100	69808	79078	206580	69194	2473	2562	1977	669	700	1504	3160	38658	25740	9495	912	903	710	634	876	887	633	1050	654	788	797	3627	2424	2665	1906	1931	1252	1541	844	724	966	864	1153	961	647	834	891	803	529	1169	595	780	888	868	841	471	423	340	413	360	494	560	455	259	312	585	941	806	1508	1469	1403	1699	2804	1025	526	850	1157	942	1305	1529	3756	8149	7712	6840	1111	1227	1804	1730	2085	1845	1635	1500	1089	972	8667	1067	1479	1272	1045	1855	1457	1754	1410	1126	697	478	685	1069	5166	1012	1179	1639	1481	1565	1294	1214	685	791	1158	1168	932	1064	1813	862	984	908	962	794	1248	1318	2208	1524	1262	883	1102	1846	1545	1162	743	967	599	854	880	1922	729	635	834	718	816	825	1492	1044	772	1072	501	654	1055	1245	1133	1172	1151	1696	2017	1561	1590	1638	2311	2144	2732	1503	868	1120	1856	2388	1484	1423	1384	1109	797	1083	958	881	885	1250	971	993	1256	956	2280	1456	795	768	907	895	1636	1250	1620	1915	1667	1168	1135	960	831	671	995	1054	904	784	2807	2304	1747	1269	1584	1605	672	1229	1525	1797	884	886	967	807	785	1104	1067	729	586	1972	2600	2260	2256	2243	1838	1031	1939	590	702	553	507	648	502	524	461	567	308	309	583	399	467	538	417	370	226	675	533	447	1147	895	524	2268	1039	813	1050	936	1402	2167	1791	1486	959	1274	8226	833	1107	2230	2788	3487	2478	1796	2032	1257	1468	1155	2196	1749	1636	1694	2270	3258	1782	3678	2938	3270	2230	1392	1099	868	884	894	1021	991	992	819	1103	934	940	980	622	985	1067	1331	747	608	639	799	665	777	742	736	691	545	698	547	653	433	571	538	670	293	414	1121	503	388	373	305	550	456	655	383	491	412	346	432	518	436	237	214	205	208	217	194	285	246	330	383	393	493	758	537	1171	854	14081	1662	809	739	949	652	1471	812	1414	1673	1205	1040	938	1073	985	1236	1000	1159	1251	2031	1624	1063	1275	1646	1179	1549	1328	2125	1164	1044	1024	1255	3672	3415	3709	3776	3010	3410	3132	2731	2519	524	643	605	615	848	960	789	564	632	558	736	628	588	4976	6335	573	685	542	561	602	545	744	821	616	635	470	460	898	739	702	687	911	1428	1940	1685	1445	370	183	294	354	492	1340	301	187	208	193	172	286	199	264	209	328	382	728	796	871	661	863	1236	668	240	229	552	304	615	351	476	293	308	312	461	263	551	1485	315	164	349	372	339	109	180	263	373	288	344	199	266	375	238	478	310	220	198	247	448	420	457	869	862	767	1232	1145	809	884	2498	898	254	279	247	183	165	419	115	1605	7327	864	378	420	576	498	395	295	299	470	617	600	279	181	200	141	249	207	230	190	164	259	271	620	584	513	319	628	643	554	546	494	257	233	202	288	340	346	433	236	550	496	455	559	508	774	527	556	515	619	433	507	359	220	423	604	324	439	342	396	244	267	349	340	337	306	343	420	996	1314	544	381	353	270	306	502	511	309	452	477	293	481	2150	690	373	1309	2746	12161	2657	461	478	717	779	446	271	164	3058	8965	4265	508	878	511	570	468	285	404	195	126	153	183	346	271	563	647	493	676	812	399	426	372	381	402	562	609	617	811	598	653	909	1024	1250	1202	1208	1386	3223	3471	3921	4110	3315	2024	886	2285	1312	650	819	1461	1112	1679	1721	908	1126	748	669	1617	1358	1108	670	945
278	1136	458	524	548	708	2053	4692	408	211	153	194	772	4492	284	480	470	303	386	312	653	588	749	693	839	1032	525	346	475	383	136	165	17366	177	197	123	136	108	103	141	83	115	116	44	107	103	103	61	121	152	114	70	96	134	18	94	73	54	45	89	59	53	84	63	42	102	105	188	194	178	197	87	203	521	1210	235	230	163	147	77	262	197	1606	396	984	201	177	386	254	245	208	163	162	263	232	287	362	172	324	308	111	246	213	175	114	130	175	150	2720	1241	632	201	192	269	288	183	164	139	158	232	163	227	80	89	160	137	169	125	186	131	130	175	167	182	172	66	55	17	94	89	34	29	97	73	74	43	31	47	25	53	23	54	52	36	55	27	68	84	125	35	88	109	67	140	215	7205	30907	239	124	210	119	182	149	439	839	501	1607	922	576	509	327	414	202	72	186	167	228	114	212	73	314	3369	185	285	114	170	124	80	256	174	178	158	9214	5874	73	195	139	1222	127	112	310	180	281	353	327	1128	3213	1548	1063	173	370	254	178	96	3556	76	99	91	49	45	37	32	53	11	25	10	8	7	14	9	33	37	18	58	55	157	42	154	31	48	119	100	112	165	135	101	108	247	281	318	186	355	352	234	254	243	207	107	244	228	290	408	922	422	427	420	779	909	380	494	428	608	497	242	222	278	248	269	123	190	276	130	286	303	489	379	222	390	571	399	190	226	129	176	107	220	136	112	162	183	241	298	310	390	511	422	3837	2824	451	253	262	100	147	170	22	38	23	53	55	26	91	131	134	49	13	5	7	88	17	65	38	24	38	8	15	4	22	53	80	114	52	101	60	74	104	391	190	138	425	475	61	186	111	177	76	109	35	299	144	64	102	99	38	66	64	56	129	1140	5265	1953	100	85	165	4294	453	345	176	117	357	3803	305	156	171	198	95	528	740	164	208	235	283	473	290	159	47	43	137	52	52	179	107	81	193	146	96	298	9131	1162	68	43	281	9202	10102	62	19	53	519	8814	23	29	13	4	58	36	12	20	3	6	15	16	5	12	2	61	37	32	26	5	28	5	5	3	84	78	28	9	11	109	105	40	114	85	205	94	417	16439	12896	114	54	276	3433	3775	1848	33	29	8	19	39	42	81	139	513	78	132	144	65	119	48	56	62	90	82	48	76	102	70	53	67	107	78	151	95	75	85	31	35	53	56	24	112	156	74	111	162	117	218	125	28	35	17	43	33	43	35	8	58	6	30	5	18	51	6	1	13	20	16	14	31	32	26	106	126	120	64	95	33	16	31	65	44	64	35	99	88	30	13728	58	66	169	118	98	9	49	95	104	71	37	11	121	129	104	211	149	111	201	177	176	121	143	151	2142	723	129	80	69	144	77	245	2667	289	162	151	90	60	75	281	217	266	223	248	211	387	452	318	237	85	147	169	256	144	303	318	130	139	277	195	108	51	33	7	28	72	66	16	8	34	3	56	28	42	26	77	88	44	33	34	27	47	10	125	388	7111	862	255	165	139	307	487	377	264	307	330	221	148	173	291	434	632	366	265	339	219	219	248	230	148	142	270	103	223	99	286
0	21	0	1	0	0	2	0	0	0	0	0	0	0	0	1	0	0	0	0	0	2	0	11	21	31	43	11	0	0	0	12	10	0	0	1	0	0	0	0	0	0	0	12	0	0	0	2	2	0	0	1	0	0	0	0	0	0	0	0	0	0	0	13	11	10	2	0	1	1	1	0	0	6	21	4	9	20	1	1	1	2	1	0	0	10	0	11	0	10	1	0	0	23	29	1	149	0	27	0	0	1	11	0	0	0	6	0	0	0	0	0	0	0	0	0	0	1	3	0	0	10	0	0	0	0	0	0	0	0	0	14	16	0	15	0	0	1	0	0	0	0	0	0	0	0	0	0	0	0	0	0	0	0	0	0	1	0	1	0	3	3	0	0	0	21	0	5	24	1	0	32	28	22	2	0	0	0	17	18	0	2	17	7	4	64	0	0	34	0	6	10	11	0	0	0	0	0	0	0	0	0	0	0	1	24	64	4	0	0	0	0	0	0	0	0	6	33	13	0	0	0	5	0	0	0	0	0	0	0	0	0	0	0	0	0	0	0	0	0	0	0	0	0	0	0	0	0	0	0	5	0	0	0	0	0	0	3	0	18	0	0	10	11	0	10	11	36	40	21	23	0	1	7	27	30	45	2	1	1	31	9	29	20	35	0	15	0	0	0	1	0	0	0	0	0	0	0	0	0	0	5	5	0	12	0	0	0	0	0	0	0	1	0	0	0	0	0	0	0	0	0	0	0	0	0	0	0	0	0	0	1	0	5	0	0	0	0	0	0	0	0	0	0	0	0	0	0	0	0	0	21	0	1	2	0	0	0	0	0	0	11	12	0	5	0	0	21	11	10	10	10	0	12	0	0	0	2	0	0	0	1	0	0	0	0	0	0	0	1	0	0	0	1	25	32	0	0	0	0	0	0	0	0	0	0	0	0	0	0	0	0	0	0	0	0	0	0	0	0	0	0	0	0	0	0	0	0	0	0	0	0	0	0	0	0	0	0	0	0	0	0	0	0	0	0	0	0	0	0	0	0	0	0	0	0	0	0	0	0	0	2	0	0	0	0	31	0	0	0	0	0	0	0	0	0	0	0	0	0	0	0	0	0	0	0	0	0	0	0	6	0	0	0	0	0	0	0	0	6	0	0	0	0	0	0	0	0	1	5	0	0	0	0	0	0	0	0	0	0	0	0	0	0	0	1	0	0	1	0	0	0	0	0	0	0	0	0	0	1	0	0	0	0	0	0	0	0	0	0	0	0	0	0	0	5	0	0	21	0	0	0	0	0	1	0	0	24	0	0	0	0	0	0	14	1	0	0	0	0	0	0	0	1	0	0	1	0	11	14	0	0	0	21	12	0	0	0	1	0	0	6	0	0	0	0	0	0	0	11	0	0	0	0	0	0	0	0	0	0	0	1	0	0	0	0	0	0	0	0	0	0	0	0	0	0	0	0	0	0	1	0	0	2	0	0	0	0	0	0	0	0	0	0	0	0	3	0	0	0	0	0	29	34	0	1	0	0	0	0	0	23
152	84	168	293	302	376	227	199	175	265	72	263	336	98	264	283	211	423	515	240	300	400	411	353	369	224	616	524	305	361	686	510	307	213	281	254	389	263	801	526	528	595	590	489	392	647	344	289	238	323	287	165	0	50	107	96	56	124	82	71	218	136	241	83	329	229	138	69	243	78	190	189	210	288	233	79	54	681	294	354	139	184	213	155	115	344	362	567	367	390	480	872	292	341	315	305	456	719	467	450	456	582	540	539	475	219	190	204	218	139	190	375	330	429	500	409	353	152	134	83	4	4	41	76	183	90	385	364	32	21	55	49	102	58	380	3	42	16	5	60	28	87	36	278	48	273	226	166	32	111	30	46	154	41	3	1	72	123	48	117	3	27	255	251	297	382	434	364	335	308	444	291	387	626	845	415	41	566	175	148	59	263	316	310	294	122	60	420	404	310	318	206	243	242	242	435	345	274	437	279	423	399	214	269	292	206	18	398	48	24	57	50	48	135	39	40	72	42	40	59	25	151	218	328	272	151	143	107	62	100	480	50	14	37	26	1	11	138	73	62	220	340	310	242	118	127	61	192	38	131	45	120	72	166	66	112	43	41	66	124	155	147	194	150	127	87	184	331	262	418	204	248	216	218	289	308	384	270	227	235	146	181	102	39	45	169	368	296	282	163	262	150	119	184	185	110	179	41	75	23	7	634	495	435	157	90	34	197	49	271	168	411	53	2	28	39	71	107	396	275	125	58	85	4	62	4	389	13	3	24	36	15	88	116	34	7	3	304	337	186	568	57	90	421	2	35	30	54	46	4	41	44	65	38	88	71	510	53	536	219	275	1491	409	410	237	512	708	612	288	397	304	358	220	154	294	216	157	89	102	70	29	160	112	217	336	591	326	118	183	114	162	164	228	582	111	136	229	236	115	137	134	133	173	162	245	263	88	219	151	103	183	165	136	297	377	330	372	161	161	145	99	71	350	98	135	149	211	121	199	70	62	5	151	326	388	4	2	3	0	208	33	101	1	1	12	20	1	14	14	138	657	1	224	42	884	850	927	881	816	37	27	119	184	283	3	3	7	17	2	27	2	26	1	4	16	1	1	12	25	17	132	249	234	2	28	80	26	29	18	5	20	6	3	14	26	5	5	3	3	40	7	2	6	3	21	15	17	13	53	103	372	238	59	97	4	33	18	14	303	6	41	1	17	2	14	134	42	66	114	257	188	27	1	1	0	2	11	39	16	1	1	27	1	445	16	3	1	2	4	1	18	13	2	44	3	10	59	292	412	258	184	74	10	52	4	12	21	37	1	13	19	27	91	109	17	40	191	352	220	4	2	7	5	1	2	2	30	51	103	49	8	14	3	16	24	60	61	110	70	168	702	35	44	145	103	283	451	572	114	38	201	89	118	74	342	60	49	33	48	38	23	160	133	35	117	232	345	13	14	2	5	121	81	116	35	3	37	98	73	42	2	451	367	74	16	22	61	74	222	15	74	49	39	158	367	295	50	118	58	142	80	242	94	124	58	58	50	128	131	81	200	158
0	0	0	0	0	0	0	0	0	0	0	0	0	0	0	0	0	0	0	0	0	0	0	0	0	0	0	0	0	0	0	0	0	0	0	0	0	0	0	0	0	0	0	0	0	0	0	0	0	0	0	0	0	0	0	0	0	0	0	0	0	0	0	0	0	0	0	0	0	0	0	0	0	0	0	0	0	0	0	0	0	0	0	0	0	0	0	0	0	0	0	0	0	0	0	0	0	0	0	0	0	0	0	0	0	0	0	0	0	0	0	0	0	0	0	0	0	0	0	0	0	0	0	0	0	0	0	0	0	0	0	0	0	0	0	0	0	0	0	0	0	0	0	0	0	0	0	0	0	0	0	0	0	0	0	0	0	0	0	0	0	0	0	0	0	0	0	0	0	0	0	0	0	0	0	0	0	0	0	0	0	0	0	0	0	0	0	0	0	0	0	0	0	0	0	0	0	0	0	0	0	0	0	0	0	0	0	0	0	0	0	0	0	0	0	0	0	0	0	0	0	0	0	0	0	0	0	0	0	0	0	0	0	0	0	0	0	0	0	0	0	0	0	0	0	0	0	0	0	0	0	0	0	0	0	0	0	0	0	0	0	0	0	0	0	0	0	0	0	0	0	0	0	0	0	0	0	0	0	0	0	0	0	0	0	0	0	0	0	0	0	0	0	0	0	0	0	0	0	0	0	0	0	0	0	0	0	0	0	0	0	0	0	0	0	0	0	0	0	0	0	0	0	0	0	0	0	0	0	0	0	0	0	0	0	0	0	0	0	0	0	0	0	0	0	0	0	0	0	0	0	0	0	0	0	0	0	0	0	0	0	0	0	0	0	0	0	0	0	0	0	0	0	0	0	0	0	0	0	0	0	0	0	0	0	0	0	0	0	0	0	0	0	0	0	0	0	0	0	0	0	0	0	0	0	0	0	0	0	0	0	0	0	0	0	0	0	0	0	0	0	0	0	0	0	0	0	0	0	0	0	0	0	0	0	0	0	0	0	0	0	0	0	0	0	0	0	0	0	0	0	0	0	0	0	0	0	0	0	0	0	0	0	0	0	0	0	0	0	0	0	0	0	0	0	0	0	0	0	0	0	0	0	0	0	0	0	0	0	0	0	0	0	0	0	0	0	0	0	0	0	0	0	0	0	0	0	0	0	0	0	0	0	0	0	0	0	0	0	0	0	0	0	0	0	0	0	0	0	0	0	0	0	0	0	0	0	0	0	0	0	0	0	0	0	0	0	0	0	0	0	0	0	0	0	0	0	0	0	0	0	0	0	0	0	0	0	0	0	0	0	0	0	0	0	0	0	0	0	0	0	0	0	0	0	0	0	0	0	0	0	0	0	0	0	0	0	0	0	0	0	0	0	0	0	0	0	0	0	0	0	0	0	0	0	0	0	0	0	0	0	0	0	0	0	0	0	0	0	0	0	0	0	0	0	0	0	0	0	0	0	0	0	0	0	0	0	0	0	0	0	0	0	0	0	0	0	0	0	0	0	0	0	0	0	0	0	0	0	0	0	0
81473	90175	78487	76592	90531	107597	104378	77674	72464	70552	72464	63752	63450	74273	77832	76947	76583	73344	69064	74368	79839	75493	79349	81185	75391	71430	71450	74052	72811	72693	66848	69848	70893	67219	56184	78887	61698	59986	61091	60469	62573	49197	52224	51236	44852	42686	44907	44625	38268	40994	42822	42890	45082	43017	41983	41383	43397	42085	38607	29493	32989	34281	36890	34861	39087	43202	43951	44814	54937	54673	58724	58066	63532	65990	65027	61387	63443	56170	62726	62598	70022	65160	69646	71311	71169	65325	83294	78973	81023	79985	80705	79827	75513	71815	77482	77975	71874	68395	74433	76428	83287	73666	74464	78371	75979	74987	74910	64141	63915	63891	74114	69376	71022	64389	61242	62590	59912	59598	61330	56300	60193	70693	77313	70755	75765	71515	70581	63600	70223	68285	46006	62184	71036	59139	57440	54861	51269	45139	50135	48902	47790	47103	46930	46652	44441	42321	43689	42940	43081	41899	41060	38080	38313	41056	38491	27897	27927	31753	34708	39711	36874	46763	45244	50669	48266	60383	69582	67549	69555	78975	85326	84932	87824	86708	95210	95149	85418	85206	78264	79055	86475	83296	81043	89017	88297	85494	72487	59713	63773	64226	69909	75732	82280	74556	80079	78078	72870	70927	71206	73844	70649	70049	67220	57951	64910	76722	73306	71091	71501	74208	70345	68351	74335	82565	89769	90969	86229	75629	62099	64166	72522	77915	78099	74521	67458	58939	47885	57579	68357	69809	70759	64157	45700	63204	65295	54426	55992	53422	51342	46078	43153	41769	42165	40019	38920	40800	37726	44853	53057	46786	48204	31018	29531	35329	37873	38530	43700	48840	51189	53641	54988	56919	65428	65354	65113	65756	69170	75912	67468	71331	77796	71993	77652	81660	83152	78887	80001	72420	69321	74407	72581	72238	78101	67937	72296	71574	71132	72791	70834	68875	71069	69130	66582	69473	68719	64224	64095	64458	68297	56748	61505	68981	64091	76655	73481	70909	74456	72875	64299	72815	66554	65430	78644	78752	86700	80451	73567	67545	62173	65721	64379	57465	49463	73843	74102	58874	60867	45590	38431	44480	36639	31273	27824	27968	24823	22616	34310	45737	46509	44369	41245	43555	42211	35479	37440	35968	39366	28635	31170	33035	39585	42385	39599	38473	49221	46276	49512	52399	60022	61340	66626	67037	66916	72808	67415	67416	70269	75582	74524	72427	72490	68314	63024	79731	66610	70361	65278	69655	80364	70938	61200	61168	67225	76006	67457	70895	61380	61628	61143	59236	57064	55398	60585	58196	54941	49678	49370	63221	59232	53926	51893	50677	46978	57962	70245	72861	72549	64429	81422	76503	68765	66587	65804	65064	69606	64899	62858	61568	65446	52798	51557	51405	47010	44145	47603	45248	44551	47242	45669	45056	46568	39736	38960	36548	46819	39180	47946	50423	44674	42400	40777	41818	40954	28152	30088	31749	32787	40762	36625	45106	36522	35405	40207	41718	45100	57544	45041	46523	48226	50827	50635	45211	50598	53814	56165	48162	50969	54422	52796	53008	56583	57456	56376	54535	51422	50920	55790	54747	55360	60148	58820	58228	56656	53576	51833	52556	57788	59273	59139	64164	66191	45510	45546	55626	56282	52900	52124	56819	53361	51086	50056	48516	52087	62185	55858	60880	59976	57630	52437	52878	50403	53822	58729	51984	51822	56112	49357	46959	40330	48776	54041	45821	43884	52554	50441	55260	56069	44978	48403	36289	33585	30551	31820	31172	34804	36832	30985	30674	30745	23942	25044	25747	25899	27266	37324	29136	26860	31158	30037	29758	30577	42420	41998	184009	68839	47396	47187	46743	43884	56391	53402	48300	50034	54270	50582	58475	61330	88795	212300	53887	51050	57378	54801	50766	48569	53082	55955	52023	53330	58003	50621	50632	49647	48915	43447	47432	50953	44882	45121	45593	56686	45915	42206	40147	42702	42289	42393	41978	50515	51232	50446	53400	52278	62080	50497	51858	46271	46037	54740	51936	32488	58925	44109	40870	38267	36316	34055	36258	39628	41633	40833	36997	37131	38114	36836	36450	34165	36439	21265	48037	42854	35363	36806	22638	14196	48228	24503	26899	28228	27337	45570	42956	47345	51296	48949	59510	65933	61046	65075	55901	54395	77582	57506	58820	60266	66025	66173	78640	75277	70847	69127	74714	72881	71418	70166	73285	76959	70551	71138	68529	71427	69787
343	240	121	280	123	80	86	150	96	103	89	169	64	26	132	31	70	70	84	326	125	100	124	314	522	597	594	417	367	257	424	453	375	392	580	658	784	741	726	606	402	437	159	321	135	74	190	113	187	105	96	144	116	143	420	1168	487	46	14	72	32	9	32	58	68	99	116	54	139	204	150	43	124	100	754	138	518	917	496	153	226	221	652	236	765	1294	183	151	287	483	541	488	472	2108	208	294	220	85	107	316	136	63	105	409	53	28	36	89	435	662	160	173	132	166	89	107	91	198	196	291	197	153	180	209	109	164	283	473	240	153	107	194	214	76	132	129	109	61	117	163	90	58	33	132	93	63	49	38	64	14	484	1310	582	18	237	77	145	182	178	177	132	118	237	329	221	215	145	177	277	237	302	364	115	189	225	124	349	270	192	118	415	439	412	318	388	480	722	0	0	52	129	38	208	65	231	174	510	228	189	95	140	101	26	164	46	187	179	84	71	223	429	276	131	177	92	137	125	75	180	90	59	114	69	381	136	246	327	235	274	219	272	310	339	285	217	286	377	335	274	547	282	400	591	412	671	597	1479	2182	428	159	21	114	138	148	132	98	162	173	108	212	165	166	272	468	338	478	224	331	250	155	284	438	683	784	780	654	756	1173	957	1017	1489	1182	861	914	907	384	119	32	64	115	91	110	82	31	101	289	132	76	38	9	97	54	54	97	82	178	65	194	170	185	1181	1626	1598	1642	509	72	87	107	64	351	140	99	113	58	63	54	120	93	50	146	76	309	91	113	141	233	74	99	37	38	160	72	851	1105	129	58	80	364	171	170	194	202	390	151	206	126	109	100	193	138	151	2022	3495	3426	3526	3824	3975	2972	1590	1628	1234	1231	1546	1226	1465	2118	1346	1158	1111	1801	1652	3709	3876	1350	1167	1135	815	658	1068	568	949	952	868	1143	809	888	799	823	479	357	372	246	238	426	210	187	252	165	3167	1809	3501	385	253	236	256	187	275	227	145	202	332	567	318	202	224	303	183	308	118	96	70	224	125	190	167	156	154	178	1254	1005	25	38	42	32	17	80	117	112	143	162	171	149	134	197	145	151	162	116	178	250	167	277	170	483	474	116	227	172	222	271	233	248	131	191	150	191	207	157	179	302	201	176	244	228	51	10	48	18	49	44	51	84	79	192	23	20	3	52	65	261	16	183	63	65	93	37	22	180	203	132	169	168	69	482	100	6	13	66	10	4	14	3	5	18	11	4	4	256	41	12	7	4	11	12	530	1061	7	15	4	7	6	6	4	5	32	81	40	33	64	77	7	270	71	146	87	109	80	69	115	335	123	32	136	82	780	1026	810	93	176	43	58	231	54	362	159	217	1007	77	138	695	884	68	20	317	40	45	31	46	69	77	48	100	188	149	116	122	60	70	128	155	10	61	68	74	86	100	22	94	23	12	9	21	111	161	7	33	14	16	56	31	48	3	4	39	24	3	37	85	25	140	941	989	456	256	292	215	432	287	469	128	30	774	89	143	166	90	118	106	167	291	138	59	98	1794	905	600	138	102	389	319	231	168	196	172	151	225	425	282	286	289	252	142
428	392	366	757	265	229	325	210	206	268	259	222	73	102	48	66	150	23	51	157	104	134	139	70	111	154	195	281	108	129	151	176	80	86	127	214	48	40	142	201	105	104	34	83	156	244	110	198	353	130	64	55	53	75	79	229	250	110	131	54	130	66	90	95	187	123	137	169	317	301	374	139	177	333	390	530	502	390	215	1270	724	858	983	848	686	464	676	713	731	645	629	186	125	169	180	265	315	433	562	2952	3519	2490	864	1851	1563	793	777	514	496	382	523	629	596	732	416	644	596	509	436	540	1217	1131	1047	1291	1170	1341	1065	954	672	552	772	602	983	1043	638	904	637	461	339	324	334	1095	1135	1059	1182	1176	346	178	124	103	374	478	405	348	223	289	565	227	229	289	764	245	210	544	531	548	663	969	920	584	109	1158	1397	1349	1485	989	467	389	408	413	367	496	387	658	769	867	1060	1137	1339	890	977	902	1237	1233	514	793	463	285	376	860	451	255	167	217	293	207	338	229	254	187	189	468	427	411	382	348	190	166	246	377	197	52	120	110	190	107	103	140	238	83	191	199	109	184	142	117	141	41	232	141	164	123	104	107	74	119	77	249	116	111	184	54	49	44	82	89	224	224	196	361	393	311	290	285	197	119	352	244	238	248	263	332	330	271	194	166	277	398	169	423	163	75	236	775	433	200	90	231	197	96	267	380	545	537	454	466	270	652	489	638	685	387	629	701	518	515	481	424	409	265	200	188	340	427	249	150	103	156	98	149	161	114	116	103	62	114	137	119	111	46	101	49	109	23	54	186	108	71	16	167	87	88	32	32	43	42	60	35	114	90	155	187	1997	691	18	32	19	54	42	20	77	216	149	70	123	100	129	447	329	213	377	345	158	347	455	506	122	64	194	69	82	104	156	106	72	330	243	102	76	1529	1657	181	43	45	80	76	51	69	48	113	58	82	58	97	71	57	5	31	39	6	5	120	43	64	47	77	112	61	235	138	57	25	45	148	71	19	130	31	118	132	83	126	130	41	109	119	27	60	65	71	130	134	109	89	68	85	29	147	43	50	90	95	35	34	11	45	115	59	82	86	5	10	35	59	7	13	12	9	22	42	2571	3808	3268	3311	23	14	13	24	28	8	55	205	391	411	384	280	318	377	270	347	232	136	265	232	446	667	2071	2139	1160	501	401	571	455	386	413	418	467	481	587	568	600	752	415	446	1710	1033	1520	981	923	362	329	395	139	466	341	311	8	31	28	24	8	16	16	83	5	30	9	7	15	7	28	10	28	24	3	97	26	6	54	127	229	171	422	573	209	288	260	206	187	857	2735	2160	792	84	8	41	126	59	13	33	216	170	184	258	44	763	274	165	61	10	30	197	767	857	829	714	922	708	2790	2354	824	245	188	683	1068	557	787	378	15	3	7	17	7	79	62	8	41	270	151	13	43	42	35	11	3	5	90	44	74	184	65	9	11	96	52	39	7	32	5	3	5	6	93	109	43	49	32	27	29	92	39	102	53	67	43	58	114	115	23	137	28	154	44	137	82	390	589	3830	2689	112	272	329	3150	1150	205	50	48	92	26	296	180	111
231	2192	1985	2128	575	211	173	201	456	1223	317	207	373	454	738	1655	3351	2708	1611	979	474	624	737	913	1575	1462	1381	1497	1417	1179	1205	2112	1668	1525	2082	1289	732	477	226	98	68	44	66	119	181	38	89	76	126	51	11	24	87	141	170	853	191	96	40	43	88	179	154	124	109	2232	1364	166	2289	246	242	149	246	933	1547	570	579	546	914	589	534	7284	10795	5136	7632	2503	264	253	290	164	221	197	255	239	335	490	678	464	500	774	1103	259	270	282	340	438	467	441	493	386	384	432	450	490	474	355	285	252	453	252	149	129	229	338	289	218	108	115	294	242	202	236	282	231	289	244	175	147	150	80	264	201	135	118	173	160	146	188	108	217	132	81	108	116	75	161	127	156	165	156	131	80	173	195	64	499	397	303	1975	325	455	207	315	268	141	360	1805	2923	1898	2061	1957	1898	1991	1972	1850	2006	2246	2365	2081	1727	1973	2105	2060	2288	1516	793	702	838	389	363	363	341	268	212	367	219	198	243	215	328	137	148	110	960	1947	2247	1677	3061	3410	3263	3456	2912	3550	3215	3133	1757	336	298	328	527	225	219	319	508	507	255	1117	91	164	124	89	153	89	67	56	240	143	79	75	28	87	83	524	854	6	80	182	50	121	260	252	471	589	2384	1273	905	680	496	541	583	814	856	960	858	1773	2167	1874	2824	2264	1096	722	343	493	576	1531	1414	805	582	743	790	1054	446	499	1331	641	691	621	557	452	551	568	416	608	1339	778	669	890	531	365	471	525	376	322	514	273	353	318	378	337	373	299	434	363	341	307	481	334	127	199	105	150	127	223	101	36	55	95	125	67	86	148	155	64	57	168	102	106	46	331	500	399	472	2658	793	1049	839	889	1500	1402	1488	2454	1206	1054	1492	2789	1605	1575	1294	1127	1232	4526	9895	2905	2146	7107	5398	2241	581	408	269	384	482	380	1637	333	446	478	696	530	544	1128	584	1708	1729	3019	759	532	533	229	224	144	151	81	81	52	272	414	302	344	655	253	190	331	248	406	907	498	422	134	202	211	143	562	105	122	80	80	67	664	82	86	65	80	88	33	45	46	9	75	79	40	42	47	32	116	132	51	172	139	77	83	181	170	253	518	186	156	231	194	243	349	687	7497	3615	474	465	390	545	677	344	356	994	975	812	1020	813	2608	2195	431	168	206	339	427	432	450	133	172	295	45	108	104	91	134	164	63	127	127	72	81	75	230	121	106	132	182	56	140	260	355	258	258	306	293	212	153	387	211	201	107	85	385	110	86	108	286	43	51	61	120	41	39	42	38	68	80	53	82	228	211	163	258	253	220	134	168	210	185	176	174	477	315	355	366	339	286	394	339	372	212	273	234	232	290	343	2806	3276	2896	2998	3748	3852	3209	3172	3204	3691	2951	2515	1977	1699	1209	1568	875	478	487	79	104	362	179	174	374	89	60	233	101	57	72	55	326	466	381	147	228	117	1066	640	300	272	427	495	504	1426	172	95	217	35	100	61	69	115	70	81	168	50	88	138	85	1265	83	115	97	114	158	52	49	50	55	35	52	60	36	72	216	60	101	69	74	647	93	108	1306	154	173	295	89	57	236	629	339	221	250	1031	198	212	171	470	483	103	953	3991	4583	326	761	494
154	169	627	673	182	22	63	972	102	133	66	154	213	184	86	178	155	146	169	94	319	1042	148	100	89	151	386	397	97	201	121	183	98	68	45	69	103	116	92	43	48	63	58	39	67	45	103	217	917	643	578	630	55	39	40	46	59	49	14	40	19	12	33	25	31	54	42	188	7	5	48	212	98	155	272	71	45	15	144	167	69	227	115	146	135	228	432	300	1088	2382	2456	2097	1990	1396	134	382	118	173	148	124	147	549	531	364	157	265	284	279	446	507	551	498	298	181	277	196	252	419	911	858	767	826	973	938	1839	317	574	87	263	248	403	327	496	449	371	387	307	943	921	1311	770	1043	897	604	776	804	1119	4827	5687	3413	694	674	1366	1052	458	564	253	409	269	317	195	235	292	299	367	308	290	316	241	213	558	2073	1657	523	729	771	580	862	1940	1505	297	404	368	350	485	157	285	715	852	1350	4282	3054	523	263	177	99	124	39	91	61	113	52	50	26	62	34	64	808	1178	987	846	325	471	374	420	339	594	833	499	308	267	205	231	247	213	244	193	182	77	68	109	41	69	6	25	62	50	91	36	59	42	36	16	34	34	509	39	45	259	160	192	91	623	542	138	38	197	8	670	712	1223	1201	1050	2389	1010	119	165	2181	6509	5047	5150	167	333	59	390	936	1107	1019	889	1005	827	935	943	683	351	154	1245	764	1276	1261	929	138	64	79	54	44	21	60	6	45	166	441	404	552	363	204	116	61	85	669	809	831	4322	10105	5917	99	1548	172	698	215	258	9	82	170	147	59	48	23	23	37	5	453	679	803	787	883	800	586	676	597	581	783	762	635	654	762	689	591	626	741	665	624	651	744	806	660	767	765	712	951	990	485	416	660	459	177	110	494	260	46	116	6257	168	627	919	300	240	174	121	355	859	3367	1730	370	498	453	2799	10242	3944	2292	1412	1355	1012	263	103	53	147	120	42	113	86	114	91	49	72	131	25	46	156	132	129	98	137	115	237	208	27	45	52	86	151	158	214	1597	4500	172	153	79	114	105	53	1231	2427	2285	907	46	87	44	18	16	30	13	14	23	45	25	39	26	33	14	29	8	36	24	114	44	7	25	20	23	47	67	33	52	65	49	77	120	54	138	182	72	149	66	26	80	70	55	56	95	74	107	68	127	114	72	82	65	94	161	141	91	177	129	43	12	31	38	219	872	928	784	679	858	899	767	680	744	954	722	756	47	71	36	60	156	91	34	6	31	18	50	44	65	37	26	30	64	21	55	41	226	95	101	44	55	112	54	37	33	60	43	100	48	38	137	81	70	34	46	37	44	34	28121	108	116	172	170	72	65	28	107	93	84	87	35	35	16	29	53	102	69	87	20	92	456	22	73	78	78	44	132	96	80	61	51	37	120	120	86	124	463	734	806	493	101	99	90	121	163	67	89	208	237	157	55	107	203	287	235	101	155	71	69	154	197	6	64	130	318	612	570	627	398	535	617	612	620	775	735	644	424	33	9	35	135	68	29	15	821	39	1	4641	10130	810	458	164	224	126	161	263	411	587	845	566	314	432	328	314	299	602	539	322	394	1220	1200	1194	595	4087	148	102	185
1	47	87	13	24	0	23	0	0	0	1	2	0	0	0	12	0	1	1	0	0	1	1	0	1	0	1	0	0	0	0	0	0	1	1	13	0	0	2	1	0	0	0	0	0	0	0	1	0	2	0	1	1	1	0	0	0	0	0	0	0	2	0	3	0	1	0	0	2	88	32	16	1	0	0	2	0	22	113	16	16	17	23	30	12	3	0	1	1	1	1	0	1	0	0	0	0	0	0	0	0	0	1	2	145	1	0	2	0	1	0	0	1	0	0	0	0	0	0	1	0	0	0	0	0	24	0	0	0	0	2	0	1	0	0	0	1	0	1	0	0	0	0	0	2	2	1	0	3	0	1	10	2	0	0	0	0	0	0	39	39	0	0	0	0	0	0	1	0	1	0	0	0	3	44	0	35	1	0	0	1	0	0	1	0	2	1	0	1	0	0	0	0	0	24	0	0	0	1	1	0	1	0	1	0	1	12	0	0	0	2	0	1	0	3	0	0	0	0	0	0	0	0	1	0	0	23	23	0	0	0	0	0	0	0	0	0	0	0	0	0	0	0	1	0	0	0	0	0	0	0	0	0	0	0	0	0	0	0	12	0	0	0	0	0	0	0	0	0	0	2	0	1	0	0	0	0	0	0	2	1	1	0	2	12	2	2	2	0	2	0	0	1	0	1	0	0	12	13	0	3	0	2	0	0	0	1	0	0	0	1	0	0	0	0	6	0	2	0	0	0	0	0	0	0	0	0	0	0	1	0	0	0	0	0	0	0	0	0	2	43	33	1	1	0	1	1	0	0	1	0	1	0	1	1	1	0	4	1	1	17	2	13	25	1	1	13	0	0	1	1	1	0	0	0	0	34	0	0	0	0	1	13	2	1	0	0	0	0	0	0	0	1	0	0	12	23	1	0	0	0	0	0	0	0	0	0	0	0	0	0	0	0	1	0	1	0	0	0	0	0	0	0	0	0	0	0	0	0	0	0	0	2	0	0	0	0	0	5	0	0	0	0	0	0	0	0	0	0	0	0	0	3	1	0	1	0	1	0	0	0	2	0	0	0	0	0	0	0	0	1	0	0	0	0	0	0	0	1	0	0	0	13	0	0	0	0	0	1	1	1	2	0	0	0	0	0	0	0	0	0	0	12	0	1	3	5	0	1	0	0	0	0	0	2	0	2	7	15	4	1	0	0	0	0	0	0	0	0	0	0	0	0	0	0	0	0	0	0	0	3	2	0	0	0	0	0	0	0	0	0	0	1	12	47	2	0	3	1	0	0	0	0	0	1	0	1	0	0	0	0	0	0	0	0	12	1	0	0	0	0	1	0	1	0	0	0	0	0	1	0	0	0	0	0	1	2	0	0	10	0	0	0	0	0	0	0	0	0	0	0	0	1	0	0	1	0	0	0	1	0	0	0	1	0	0	0	0	0	0	0	0	0	0	1	0	1	0	0	0	0	1	2	1	0	0	3	1	4	2	0	0	1	0	0	1	1	1	0	0	0	1	0	0	0	0	0	0	0	0	0	0
15	3	0	1	3	2	1	1	2	1	2	1	0	1	0	1	0	0	0	0	0	3	1	3	0	0	1	5	1	11	1	1	36	1	1	0	13	0	0	1	0	0	0	23	0	1	0	0	0	1	2	0	0	0	0	1	0	4	0	1	0	2	8	8	3	6	4	16	0	5	18	0	1	846	0	1	0	1	14	1	2	134	175	156	26	30	5	2	6	2	2	12	24	15	8	8	9	14	16	15	35	61	0	7	0	0	1	0	12	12	0	5	0	0	2	1	25	12	0	16	15	0	0	0	1	1	0	3	2	12	4	0	1	4	0	2	1	4	2	1	0	0	12	6	1	2	1	1	3	1	0	32	13	32	43	0	1	1	0	2	1	1	1	21	60	80	35	36	40	2	7	3	4	4	4	31	10	34	11	8	20	1	18	11	6	0	1	2	12	1	17	8	80	10	132	87	6	0	0	0	5	5	4	14	0	0	14	37	22	0	33	52	46	74	98	59	126	15	25	54	10	37	50	9	114	60	22	124	31	99	39	3	59	22	63	70	52	1	1	0	1	2	0	1	1	0	1	2	1	1	0	0	1	0	1	0	0	8	1	1	4	12	1	0	13	0	5	66	518	2	33	1	1	86	253	61	1	5	100	6	0	1	1	14	110	78	13	5	1	72	0	2	4	141	215	277	217	156	164	228	58	3	2	0	8	1	1	0	0	12	1	1	3	2	2	5	1	4	16	3	9	29	16	13	14	14	5	0	1	2	1	0	1	2	1	1	0	1	1	1	1	2	2	3	1	1	1	2	1	3	2	1794	3839	28	1	24	0	1	14	12	1	71	64	3	1	0	47	40	35	6	28	67	119	35	30	33	1	71	22	0	13	13	1	13	1	1	0	13	136	38	12	2	10	1	1	13	12	0	19	25	1	1	0	1	0	1	1	0	1	1	0	1	0	1	15	22	76	3	3	0	0	1	0	0	3	0	0	0	0	2	13	1	0	0	1	1	0	0	0	1	0	0	1	0	0	0	0	2	3	3	2	1	2	2	0	1	2	7	0	1	4	7	37	48	0	6	4	4	3	4	6	1	1	1	0	1	1	5	0	5	0	0	12	2	2	6	6	4	2	2	7	2	2	9	1	0	1	1	2	2	2	3	1	4	73	80	198	230	174	154	171	25	3	2	1	4	83	2	2	1	2	2	2	2	2	1	0	1	2	2	2	2	1	1	2	1	3	4	1	2	2	2	1	3	1	2	2	3	2	2	1	2	1	3	1	2	2	3	2	2	1	1	0	1	0	1	0	0	0	47	52	0	0	1	0	0	0	0	0	1	0	0	11	3	6	4	4	0	0	0	0	0	7	2	0	0	0	0	0	0	0	0	0	45	124	2	0	1	12	0	0	0	0	2	0	0	0	9	0	0	0	0	0	1	1	0	0	0	1	0	0	0	0	0	0	0	1	0	6	0	4	1	2	1	0	16	1	118	127	188	70	16	12	22	26	56	0	12	35	35	16	1	44	177	188	199	208	235	221	107	125	126
88692	93574	95066	93182	138899	179163	167839	209680	150720	78291	79901	84862	93565	95234	89637	96307	157494	85579	87346	88067	87078	90402	87345	91419	95162	91622	96276	100601	98332	91118	89992	90441	89606	86940	83579	82507	74157	73082	70715	66066	62400	59564	58752	54450	53326	52864	51377	53444	56387	48247	45422	42141	41596	39179	40346	38645	40022	38090	40028	39793	45129	43875	44544	51794	57290	59921	63103	64319	68968	69580	84081	91232	91169	88504	86287	88548	88787	86279	88437	97391	105430	108439	103031	93387	93591	97904	101825	100542	101829	94654	95227	97323	96783	102697	97852	94837	86458	84649	87071	91252	96750	96479	94397	87591	87158	82322	78725	92334	89241	89524	89172	85420	80883	85617	83091	88875	82826	81136	83223	84090	82684	81953	82192	84555	85958	87403	80839	80196	80099	73763	69683	68704	63173	62452	61837	55088	51991	49749	45741	42630	42320	39747	37303	38142	36239	37481	36992	35758	36492	37286	35651	36117	34556	34422	35632	35725	37199	38500	44665	46937	56515	57199	62379	63983	70368	78551	82318	83920	87126	81671	85056	91030	96288	99899	99157	105050	102352	95379	103606	103581	119642	104710	103396	113995	98831	92977	92189	89521	95501	91875	95048	96311	97481	96338	90761	84173	80666	79200	78531	70880	72869	70681	78573	75523	82259	87342	83978	84671	86902	87261	81398	80157	84324	95106	85202	85903	83371	85920	86594	81529	81035	80522	79497	80825	77461	71966	81979	74999	70604	65499	64211	65774	58265	55427	52475	53426	47701	47407	48162	43800	43729	42961	41111	39308	37428	37697	37885	39832	39059	37466	38358	40530	42264	45056	46050	50649	54522	61396	59237	61275	62348	73489	80378	87590	93867	88920	86076	84276	83078	87890	84855	92301	94119	99133	97881	109472	102922	105487	100348	103320	101907	103897	100778	93924	93349	89003	88105	87266	85915	82931	81361	72726	67955	71407	77434	78022	76318	75351	75799	88305	88569	97279	99023	88069	83729	83265	87123	82348	84608	84086	87097	84475	88890	88836	85827	85025	83716	86562	82393	77708	72965	68953	67820	65778	62812	56636	54353	61734	67113	54974	61235	63926	61742	63074	56012	57670	40112	35897	35135	33958	39432	36149	33636	35236	36421	34411	31391	32269	33402	33695	35765	40803	46043	48542	58389	68069	65131	71179	74444	67117	70195	74825	78723	86090	85461	92277	91579	101875	99897	98939	92877	93175	92540	89383	78305	78365	77869	81542	78904	75603	74345	70177	72377	69848	75994	68208	66673	67178	62616	62783	64320	63221	62923	64554	63570	62433	63078	69290	66162	64074	61944	63699	63207	63585	63662	65176	68264	67171	65953	67924	70751	67706	69418	69183	65468	65490	66636	63527	58672	57062	53281	50725	48613	47364	48286	43883	44915	49117	37860	34820	35549	32268	33197	33798	39364	36766	30676	31265	30619	29269	30290	28795	28825	28759	27954	28479	30590	32204	33360	37267	36365	37282	38218	45644	42956	47546	45630	43706	43303	44641	51488	50556	53536	58285	58572	62036	63532	61964	64975	63767	67163	67115	60390	68612	71166	64430	70258	65306	59711	58952	59529	58614	64595	56373	54662	51582	50573	49613	48847	50429	55352	60960	57915	64970	63168	63343	59629	61790	60682	60345	61605	58799	57427	56958	56220	58230	59974	61366	58940	56183	56377	55048	58956	56381	54231	53649	49040	46884	45801	43802	50745	40133	36668	34936	34854	38715	36217	31845	30585	30025	29646	27675	28459	30864	30278	28882	25296	25071	27297	28829	28024	28139	33730	32145	29601	30832	31878	32308	31392	37277	38385	39365	41586	259488	49938	45417	45492	47131	50083	55376	53833	59568	59970	55771	55236	56008	53135	147306	353926	59213	56864	79330	58608	56874	56858	59447	60561	59099	57542	56474	55027	53648	53428	55015	55431	54799	54947	54941	57021	56783	53916	54697	53946	56477	56558	56582	57579	61461	61454	65369	65349	67253	67237	68038	65941	66232	61583	65066	60827	60229	62022	67248	66154	47773	46643	42809	36913	36105	34018	32788	31069	32222	32283	32455	28032	28007	25995	27094	27978	26381	25074	26429	22125	21663	23951	26813	27543	29133	31640	33771	40262	40927	50942	56755	60279	63204	68297	76351	78109	72609	78035	78473	90037	86978	91063	90004	84421	86254	90897	88546	101807	101568	103879	98787	86909	81717	85912	83005	88493	78907	79625	75510
1626	793	295	347	741	397	976	626	482	1248	198	96	231	160	184	121	378	130	126	254	161	1730	3906	3759	2880	180	628	620	259	215	127	101	630	128	112	153	98	105	139	66	132	675	287	376	120	590	231	202	94	64	70	79	97	20	51	61	40	43	41	29	14	31	47	469	380	72	201	101	153	253	174	286	191	802	247	259	2214	277	1246	588	856	448	747	856	932	182	551	708	315	501	562	674	440	251	156	549	282	1808	1205	139	212	177	256	139	155	92	125	71	222	369	271	62	169	215	343	170	123	334	443	178	281	357	238	181	194	196	581	860	172	95	54	134	386	157	101	127	171	104	146	202	81	73	115	68	50	14	37	82	36	39	89	89	100	98	30	36	87	153	87	65	51	70	61	117	320	139	351	309	264	980	565	196	189	779	246	766	1250	1269	1183	1513	1286	1209	686	1078	516	260	276	286	321	723	307	280	678	381	234	200	201	290	302	225	276	467	159	190	516	85	93	224	131	232	125	126	61	180	85	132	135	85	82	134	227	208	234	2004	1852	231	98	3291	5879	3368	148	60	26	121	77	87	131	1428	3729	1038	72	50	73	83	63	63	33	48	87	78	104	30	126	52	76	85	158	150	299	294	399	144	305	4294	2555	351	198	190	372	144	3267	3654	369	2644	4103	250	149	939	4616	4580	4128	4369	4614	4208	4571	3970	2622	2483	4226	4396	4200	4022	4612	4484	4016	4308	4115	3956	4506	4682	5132	5143	4570	4486	4167	4490	4393	3871	4504	4341	3948	4197	4089	4447	4122	4236	4146	4212	3927	4145	4245	3819	4158	3984	4132	307	128	128	49	86	49	99	143	124	77	61	86	99	189	290	22	23	29	97	158	131	58	43	103	131	1800	1563	140	464	391	576	274	100	92	93	359	8588	12519	4851	10212	11883	5513	2094	647	348	452	179	116	170	115	99	266	273	218	807	535	627	395	117	751	539	137	198	349	2653	1377	170	185	484	319	87	164	106	161	246	466	201	162	358	192	123	90	80	48	287	76	45	118	86	184	210	205	124	184	201	43	33	82	35	43	81	243	48	46	25	47	81	28	29	58	26	17	82	27	26	48	64	49	6	18	22	17	38	13	5	28	75	190	223	40	998	192	67	97	131	213	139	178	113	253	136	41	105	162	87	79	70	162	103	113	116	89	52	527	650	2962	35	54	148	71	68	140	60	101	151	120	165	172	166	231	307	278	125	61	89	64	124	119	110	147	99	92	113	186	100	62	92	114	115	46	137	138	52	76	60	15	48	38	88	16	31	15	20	116	279	180	46	48	53	18	85	251	3	5	64	46	41	52	49	98	84	41	38	673	49	67	87	74	34289	88	503	429	367	69	81	78	66	1153	894	468	338	324	13162	28146	745	127	80	72	119	207	212	89	66	116	123	198	237	167	213	209	175	283	354	299	278	163	345	135	153	116	188	162	224	198	199	144	224	277	229	231	81	95	136	108	31	8	71	114	46	42	55	34	63	38	64	30	97	21	84	43	13	4	137	25	36	3	16	24	62	69	69	51	80	47	73	151	34	85	67	37	132	55	470	282	167	169	159	113	163	48	202	251	126	127	266	405	137	178	129	207	309	293	198	184	197	270	265
7	13	25	9	41	2387	132	15	72	24	236	894	10	12	87	1484	120	64	62	105	76	43	26	98	110	117	104	113	79	132	101	114	118	159	47	157	73	40	51	37	13	25	2	1	13	15	96	190	121	62	82	49	130	100	142	37	1	110	98	142	164	90	119	107	70	58	33	87	35	67	36	13	5	4	16	10	2	1	17	0	5	6	4	4	16	17	14	2	2	31	35	24	98	68	18	6	3	2	1	17	2	22	32	40	16	15	16	2	19	5	4	6	6	6	8	11	24	14	11	9	21	13	12	5	8	7	6	17	7	4	28	2	5	4	3	3	3	2	16	4	16	13	2	17	4	3	4	3	25	2	12	22	38	39	23	2	2	3	15	26	53	60	25	61	50	61	36	17	13	26	25	25	40	25	43	2	2	31	45	27	3	14	2	31	13	13	2	14	4	1	1	1	62	12	11	37	15	78	2	86	43	33	60	1	11	20	29	87	104	60	0	10	42	44	13	1	1	3	2	18	35	1	10	1	0	12	1	0	7	1	3	0	2	1	1	12	1	0	0	2	3	4	1	2	1	4	1	1	2	18	11	1	2	2	1	115	168	224	329	57	89	114	47	38	62	86	49	69	231	34	66	66	50	43	70	33	78	169	60	1	1	20	60	50	46	49	50	59	66	47	50	72	88	73	33	64	52	40	1	1	1	1	1	3	2	2	77	362	467	2	2	0	12	0	110	204	110	2	1	4	2	12	0	1	1	1	1	0	1	11	2	0	0	0	0	0	2	0	0	2	0	2	1	2	0	1	1	17	25	14	34	47	35	0	2	1	0	0	1	3	1	1	6	3	2	1	0	12	1	0	3	1	13	2	13	0	0	1	0	12	1	12	85	12	1	0	0	1	1	2	1	47	2	0	34	1	1	0	0	0	2	0	1	0	1	2	1	17	49	19	13	1	1	2	2	1	0	0	0	0	1	2	0	4	16	0	0	0	0	0	3	0	2	2	22	6	0	0	0	0	0	43	32	17	0	0	20	1	0	20	52	0	24	28	0	2	12	0	1	1	10	0	0	0	1	1	0	1	0	0	32	0	22	1	0	0	1	1	0	0	0	12	8	21	24	0	0	0	0	10	19	44	1	1	0	3	0	1	1	0	0	6	12	38	15	42	5	5	9	1	4	12	3	0	1	0	0	0	1	0	2	1	3	10	13	29	0	0	0	0	0	1	0	0	1	1	13	0	12	13	0	12	19	24	27	13	23	0	0	12	12	12	25	0	12	0	24	1	24	25	56	1	2	40	77	4	4	4	2	0	1	0	0	1	0	0	0	0	0	0	0	0	1	1	1	1	3	12	6	11	4	0	1	0	46	27	0	15	25	7	0	2	0	0	2	1	0	0	0	0	2	0	133	97	117	153	185	130	29	28	99	97	80	81	113	82	21	5	9	7	7	8	7	8	1	2	0	0	0	0	5	12	1	1	0	0	3	0	0	24	12	48	165	132	184	198	216	146	145	1	17	0	0	0	0	1	13	18	8	13	30	0
0	146	291	211	144	70	17	50	72	48	24	22	13	1	1	10	1	5	1	26	33	25	4	2	2	14	11	33	1	2	0	68	100	126	97	92	155	45	20	24	296	2	2	1	4	1	0	12	0	49	0	1	0	1	2	1	1	0	1	0	0	0	1	744	1	62	31	1	60	33	13	8	520	1	12	1	0	2	37	1	1	2	0	17	14	12	115	49	1	64	36	703	952	1032	1128	641	554	366	193	112	249	220	127	155	200	203	282	233	145	219	197	145	231	172	311	223	372	299	229	267	271	361	308	346	339	372	346	1508	382	195	439	402	454	430	859	1738	1924	1489	1771	1917	613	39	112	121	96	61	1	73	12	13	1	49	84	85	38	37	37	61	1	1366	68	62	143	74	68	77	50	1	25	29	10	3	33	62	141	97	188	172	137	142	114	266	305	89	98	202	86	177	104	177	171	184	251	282	217	220	186	308	215	157	140	133	192	102	100	86	114	133	86	89	113	118	125	161	173	45	40	110	134	65	86	112	106	183	52	4424	5213	2430	37	65	72	25	127	1	1	0	0	1	1	2	1	2	2	2	0	1	2	1	1	0	1	3	3	3	1	501	0	2	2	1	2	36	13	183	1	2	2	3	15	1	1	1	13	121	2	1	25	62	76	18	12	576	13	4	25	25	1	12	0	13	2	1	18	1	1	0	0	0	1	0	1	8	13	14	8	14	0	0	1	0	1	0	1	1	2	1	2	1	4	189	1	0	4	2	0	1	0	0	22	0	0	0	0	13	1	13	2	0	1	0	0	0	1	0	0	0	1	2	0	0	0	1	1	12	0	1	2	1	0	13	15	27	1	0	1287	1	21	134	94	105	121	125	100	148	97	189	84	112	14	67	113	64	23	77	95	6	24	78	2	15	4	81	33	0	1	1	49	73	25	2	0	1	1	0	1	2	0	0	0	5	8	0	0	12	2	2082	13	13	6	0	0	0	2	0	34	0	0	3	0	0	0	1787	0	0	1	0	0	0	0	0	2	0	0	0	1	0	0	286	1	4	0	0	0	0	1	575	1	48	1	0	0	0	6	10	0	12	0	28	0	12	1	2	1	2	2	2	12	2	4	24	2	13	2	4	1	9	2	0	1	2	2	1	3	3	14	3	0	0	0	1	2	0	1	1	1	24	2	1	0	0	1	1	0	12	0	0	0	2	0	0	0	2	0	0	0	0	1	0	5	46	1	23	0	13	1	0	0	0	0	0	1	0	1	793	0	1	12	13	0	0	0	0	0	12	0	0	0	0	2	0	0	1	0	0	0	1	1	1	0	1	0	0	0	0	1	242	0	12	1	1	8	0	0	0	2	2	0	0	0	0	2	1	1	0	24	0	0	0	0	1	5	0	0	0	1	0	0	68	1	0	1	2	0	0	0	0	63	0	0	0	4	0	0	1	0	0	0	0	0	0	0	0	0	0	0	0	0	0	0	12	181	205	103	25	23	7	8	0	67	27	32	25	56	171	101	71	33	19	6	2	2	0	1	1	0	25	50	14	1	1	0	730
33	55	96	298	400	32	120	530	494	225	20	137	4352	4024	140	41	123	68	1852	1976	435	7	6	15	5	5	270	19	7	1	11	2766	510	71	44	2	45	54	3	15	14	0	13	6	135	3	2	85	3	10	9	6	19	6	5	81	57	12	25	27	12	7	22	6	19	10	71	54	7	7	116	176	78	284	182	210	31	5532	4288	25	295	120	44	10	43	51	26	134	327	643	4	14	19	214	762	553	111	57	15	34	740	147	730	571	794	620	18	45	31	23	11	279	66	63	162	859	880	15	5	44	846	11	745	633	4	15	3	336	51	12	17	2	1	26	13	142	5	4	3	141	281	5	1	73	15	3	1	2	227	3	15	37	77	86	111	15	5	2	28	10	18	9	101	27	12	10	18	53	3434	2649	51	48	79	11	160	18	13	10	357	6345	214	161	178	301	305	821	1697	935	428	216	2497	228	160	608	18	6	645	1	0	61	25	294	308	568	629	1310	97	130	34	39	243	144	103	26	122	40	2788	672	235	81	732	85	117	174	134	1	1	0	1	49	1	0	0	0	2	0	180	2	0	232	13	0	1	0	1	1	9	1	1	8	4	7	56	11	6	4	24	31	130	7	237	210	158	176	206	184	194	340	3739	1048	377	325	336	475	344	379	470	330	342	266	624	418	542	3558	592	523	269	414	133	1	13	54	45	26	26	59	62	13	45	50	1	8	0	3	2	1	3	4	91	49	48	75	3	1	12	4	19	1	13	8	92	1	13	2	1	13	37	41	33	25	2	1	119	102	13	97	0	26	63	2	4	1	3	3	6121	1	1	2	0	2	1	3	16	19	5	122	11123	10080	7315	645	40	492	784	449	447	523	1917	395	265	218	293	227	165	448	427	633	693	590	659	614	329	473	473	345	403	458	495	418	398	732	759	553	368	443	495	401	392	344	390	562	410	439	406	368	429	421	446	431	337	411	492	421	400	605	468	480	403	312	322	345	564	410	458	574	404	375	223	396	607	377	440	407	120	0	13	1	19	1	1	6	2	0	2	2	2	1	2	14	109	1	1	72	0	31	49	682	2394	2224	17	24	29	28	25	37	51	113	27	14	0	6	2	2	1	1	2	1	1	0	17	15	15	14	16	19	1844	1521	8	1	1	1	2	2	13	29	0	6	5	2	12	14	25	0	7	0	0	7	0	0	0	0	1	0	0	0	0	1	139	12	0	0	0	0	0	0	123	1	1	60	3	1	0	0	0	0	0	0	0	2	0	2	1	3	0	1	36	0	0	0	1	15	658	4030	36	38	55	37	53	40	35	33	36	36	38	37	19	51	4	0	1	27	85	52808	17	21	1	0	26	7	93	32	61	77	19	3	1	9	0	0	1	0	1	2	0	2	3	42	81	40	18	32	73	97	6	155	149	0	2	1	0	1	1	8	2	1	0	0	0	0	0	5	144	1	0	96	26	1	1	1	34	6	1	1	1	1	3	5	3	17	86	12	0	1	2	8	639	531	166	789	1630	887	223	236	243	304	176	142	8	26	34	26	17	46	28	23	32	698	648	1367	748	486	724	140
2931	1492	1060	449	301	485	268	226	176	251	377	174	236	287	175	137	113	162	44	358	109	208	95	249	104	68	101	43	130	88	77	128	231	196	149	196	295	186	331	350	335	186	166	133	153	190	24	48	131	110	73	151	37	39	132	225	249	145	55	43	98	102	159	92	138	112	181	75	357	122	112	187	227	138	78	217	176	316	130	181	13	152	75	65	116	77	15	688	22	86	78	6104	92	68	90	537	96	71	143	67	25	287	801	471	579	145	308	287	241	442	83	39	86	59	73	38	126	75	2	188	156	270	248	222	304	201	330	312	307	339	391	293	600	348	404	275	257	247	310	271	346	288	214	435	335	204	238	225	425	256	456	338	513	350	392	348	346	328	379	386	227	434	423	327	319	221	213	317	726	280	370	111	32	604	637	67	44	69	31	98	47	85	65	71	76	42	109	202	972	83	213	155	208	497	1251	1966	2536	751	128	1268	1194	1381	819	219	367	460	823	79	81	55	128	210	151	151	127	299	159	115	117	15	28	28	21	15	32	51	148	247	177	119	62	128	117	111	85	130	1103	57	74	56	50	63	90	563	81	36	60	42	30	41	383	438	633	87	88	51	61	27	61	10	14	127	272	415	446	188	212	209	153	155	223	767	208	217	72	189	132	184	127	140	452	114	689	162	117	72	100	26	24	630	45	54	40	187	44	39	62	72	516	83	12	39	68	117	446	52	115	52	8	863	31	479	16	26	10	19	16	41	104	45	187	43	35	54	610	147	123	225	204	294	196	331	286	67	105	65	43	118	102	137	92	61	57	99	128	84	119	209	518	186	42	29	80	15	63	113	88	189	130	98	105	85	42	34	11	61	215	396	603	371	249	431	410	344	433	414	234	312	352	304	278	430	687	33	186	214	254	239	137	172	183	159	273	363	122	187	430	311	183	507	112	142	250	104	257	237	201	610	716	189	239	318	85	90	412	185	233	191	138	245	121	179	234	140	140	198	76	80	31	613	165	33	628	5	552	89	228	178	175	8	451	5	2	24	67	24	15	17	13	17	421	21	11	3	32	28	20	43	16	3	111	80	161	171	46	20	303	172	180	235	225	199	135	186	148	232	964	170	147	123	194	168	178	172	113	115	31	61	5	17	20	38	29	40	112	118	104	984	56	29	33	41	191	689	309	456	29	3	85	106	156	155	82	63	124	5	555	56	74	39	586	5	227	428	248	285	62	148	453	443	16	18	17	6	15	41	18	5	66	698	547	77	129	151	134	16	100	124	52	81	79	70	761	267	162	216	142	62	26	5	345	1	2	14	73	5	6	21	44	99	103	36	67	39	37	82	56	72	63	50	191	184	3	40	143	16	16	6	65	156	29	98	58	71	52	38	39	56	15	15	53	13	34	38	14	42	61	96	6365	6	16	442	247	33	61	61	75	183	51	693	5	19	3	1	3	590	465	868	837	2550	514	1688	1316	513	1985	73	1119	2	1819	12	12	4	51	133	848	1116	1439	2147	511	2890	320	4999	6195	4951	3529	1710	786	5037	5742	11711	9665	5485	5668	4419	8625	304	2607	3300	3261	1131	2698	941
2162	2061	2298	2276	2230	2367	2562	2901	2449	2220	2234	2548	3858	4059	3883	4042	4166	4187	3309	3342	3421	3780	2867	2646	2332	2128	2380	2660	2237	2387	2241	1944	2142	1770	1902	1701	1746	1901	2160	1960	4480	3685	2579	2365	2929	2478	1811	152	78	112	166	118	135	128	251	51	171	48	22	49	84	35	117	77	43	17	91	68	1088	607	210	163	91	142	266	124	179	117	350	408	542	245	301	301	350	330	233	327	296	294	152	115	141	59	222	245	1298	5609	110	661	351	207	934	413	1275	1704	520	374	734	495	305	339	2843	523	373	357	1508	465	630	349	492	731	1130	629	536	612	175	259	250	242	730	173	346	310	422	500	351	269	381	418	184	330	425	171	484	164	324	226	124	185	138	188	137	195	146	102	214	159	181	137	167	311	173	128	104	184	90	172	44	77	98	110	212	218	76	76	180	201	146	153	113	195	742	574	292	128	123	29	48	24	702	113	129	88	87	77	82	143	191	191	161	269	182	130	131	105	86	224	271	150	135	160	317	357	153	302	228	512	321	299	269	450	251	186	260	293	327	246	200	170	170	688	1142	258	259	225	722	529	155	155	208	913	1494	1775	1597	1497	1711	1511	1253	1417	257	298	174	177	242	202	173	272	279	217	611	707	243	91	19	35	6	17	29	78	157	157	127	230	258	250	92	132	64	41	38	114	55	1901	472	218	78	214	133	146	220	138	42	197	155	69	57	55	44	119	73	414	302	366	701	429	470	613	658	724	735	653	4627	4583	4099	2646	252	2633	17	768	1699	1697	58	99	75	88	6	66	28	430	766	623	681	678	468	428	259	188	215	232	167	99	152	204	138	111	77	91	75	64	170	78	40	3	13	33	38	104	182	223	205	261	252	311	155	128	174	150	29	19	39	46	34	55	37	121	63	74	27	67	75	261	1519	1931	1834	2066	1798	1978	1820	1772	2165	1961	1723	2031	1744	1948	2210	2024	4999	1859	2260	2081	1765	1929	2118	1957	2240	1816	1822	1931	1998	2026	1770	2072	2119	2175	2069	1761	1998	1877	2122	2025	1787	2023	1688	1916	1930	1867	1827	1969	2088	2007	1590	2048	2101	1883	1847	1899	1953	1660	1986	1849	1983	1872	1730	1747	1662	1835	1846	2099	1877	2151	5980	2355	1940	1792	2503	5646	4207	1863	1803	1836	1736	2139	1952	1803	2090	1893	2300	1790	1712	1810	2081	1991	1617	1893	2013	2084	2100	2059	1844	1969	1974	1528	1687	1812	2057	2890	4962	5306	4765	3437	1918	26	56	5	5	22	6	18	55	112	96	59	3	20	4	18	16	49	337	3547	819	38	50	40	140	82	4	3	16	5	3	3	3	1	2	1	14	2	2	52	26	20	16	2	1	2	37	6	2	4	1554	4283	4182	3244	183	207	305	192	654	136	640	2067	7	50	65	18	41	8	23	15	21	23	20	3	17	590	582	3844	2164	70	76	731	38	147	24	40	120	24	4	2	27	47	16	9	42	91	118	133	32	67	46	61	1459	3760	242	79	74	39	19	119	131	106	126	2181	3770	2922	64	210	51	76	10	5	15	16	6	6	8	53	33	5	25	16	31	21	22	133	27	4	6	0	18	28	53	33	23	4	3721	3788	248	218	111	203	130	168	173	92	215	626	1183	1026	78	70	89	88	121	217	209	228	207	93	133	203	199	103	183	154	329	113	202	101
12	60	24	13	1	1	1	0	25	0	0	0	48	0	0	24	0	0	5	144	36	276	313	205	141	201	195	150	233	195	177	183	114	143	125	155	241	162	96	72	96	164	247	132	180	36	1	103	36	36	13	60	36	0	0	0	31	0	0	0	0	2	0	0	0	72	0	0	12	12	0	0	32	13	25	24	13	1	0	0	0	0	12	60	1285	188	12	12	44	23	0	0	0	48	0	0	0	0	60	52	148	0	0	0	1	36	0	10	0	0	37	0	0	36	25	48	0	36	119	0	24	444	0	0	0	0	36	25	36	36	0	0	0	0	60	12	0	12	0	0	0	0	0	0	0	0	0	0	0	0	0	0	0	0	0	12	0	0	12	18	0	0	2	0	12	0	19	12	12	1	0	24	0	12	0	0	24	12	636	0	2	0	0	0	12	60	0	0	0	24	0	0	0	0	0	0	0	20	0	0	0	0	30	0	0	0	1	0	12	0	0	0	0	0	48	0	62	14	28	35	24	12	0	0	0	0	108	24	0	0	0	0	0	0	5	0	12	0	0	0	0	0	12	0	0	0	0	0	0	0	0	0	0	0	0	0	11	0	0	0	0	2	11	1	0	0	36	0	0	7	1872	60	0	0	0	0	0	0	0	49	0	0	0	48	1	2	49	0	45	13	1	27	0	2	1	12	1	0	0	12	3	0	0	0	0	0	0	0	36	24	3	48	0	5	12	12	12	0	0	12	0	0	0	0	0	36	36	0	0	0	0	0	36	0	0	12	1	0	0	0	0	1	0	0	0	0	0	0	0	0	0	0	0	0	0	0	48	0	5	24	11	39	28	20	11	68	86	0	12	0	0	108	96	277	12	0	0	2	12	0	0	0	0	58	3	36	0	0	1	0	0	4	23	0	95	29	0	24	36	33	12	42	34	0	0	0	0	0	23	11	27	72	37	60	149	809	786	768	720	356	69	40	39	28	43	25	16	22	24	10	1	36	0	0	0	0	0	0	0	0	1	0	0	0	0	0	0	0	1	0	0	0	0	0	0	0	0	0	0	1	0	0	0	0	48	12	24	25	0	0	0	0	0	8	0	24	248	0	0	0	0	12	49	12	24	0	0	0	0	24	0	0	0	0	0	0	28	0	0	0	12	24	0	0	0	0	0	0	0	104	0	0	0	12	0	0	43	41	0	0	1	0	0	0	0	24	0	0	0	0	0	0	0	0	0	0	0	0	0	0	0	0	0	0	12	0	0	0	7	0	0	0	0	0	3	0	1	0	84	0	0	0	0	6	0	0	0	0	0	0	1	12	0	0	0	12	0	2	41	0	0	0	0	0	0	1	0	0	0	0	0	12	12	0	0	24	36	0	0	0	24	13	0	73	91	31	0	0	0	0	12	0	0	0	0	0	0	0	0	0	12	0	0	0	0	12	0	0	0	0	0	0	72	0	0	0	0	0	0	0	36	0	0	0	57	0	0	0	0	0	1	0	0	0	0	0	0	0	0	0	0	0	0	12	24	13	168	30	204	1	0	215
1012	1044	1410	3040	2185	1802	4652	3120	2712	3892	4714	5681	4595	5111	4123	3128	2959	4616	1309	716	911	710	850	1222	1316	650	830	615	981	866	619	925	2920	5242	738	657	761	909	602	716	733	665	912	1240	766	579	868	5838	2806	3510	1981	752	794	687	1203	945	816	1238	961	1425	949	677	2051	691	3840	694	1643	1457	2525	2638	2740	2339	2263	3442	2437	1938	2745	2725	14563	4236	1798	2859	3750	2432	2102	2569	3764	2177	3362	4003	2144	1398	2292	1917	2127	2009	2777	2830	3092	1514	1852	1511	1154	1140	1770	1794	1277	1690	3262	2387	2072	2461	4225	2620	1891	1350	2154	1184	2063	1780	1912	1464	4322	3814	2271	1260	1562	1370	2692	3251	1143	1166	1203	1261	938	1644	1194	1185	1050	1419	1088	965	1286	901	3668	1809	950	1253	916	779	914	983	842	841	765	3075	8132	6611	6936	8857	5641	1552	2471	1996	5006	2069	1804	5867	1977	2701	1685	1824	2199	2146	1955	3315	3047	5655	7652	9925	12406	12760	12646	18849	24926	15321	14041	13003	12034	14114	14523	14742	14505	14274	13435	12807	12705	13065	12720	14155	12611	13282	13403	11947	11324	11490	11219	11869	12475	15310	15848	10385	11329	14090	15395	15009	15031	9585	10732	9150	9545	13373	14282	15034	13943	13512	12966	13082	14728	14069	13919	13172	12382	9966	13379	13632	14140	14277	13571	13335	14052	14083	13719	10661	8141	7610	6970	5006	4627	4313	4015	4172	3439	3397	3655	4229	4395	4929	4271	4891	8752	10227	6426	7423	10573	8544	9992	7571	9188	13351	13070	17536	11397	8962	11627	11520	12675	13454	15576	13595	12279	10043	12663	12600	13511	13836	15744	12859	11077	11961	12611	11217	13388	10943	10365	11142	10484	11061	10802	9356	8752	8806	8538	8720	8868	7650	7810	8187	10467	9086	8641	8983	9875	8622	7192	7575	7254	7249	7318	7045	7980	8180	7873	8458	8708	8622	8753	8337	7968	7033	7379	7203	6553	6541	6636	7116	7005	6584	5837	6346	5834	5412	6168	6559	6269	6182	6066	6253	6821	11928	11696	19450	11571	8130	8259	7892	9130	10197	10096	8833	8503	9115	11567	11318	11821	12209	11536	7688	10007	7832	10493	10441	8515	10207	12910	10360	8253	8943	9692	9307	10288	11532	7085	10707	9782	18111	21439	13544	11793	11962	13690	13936	11648	12019	12257	10436	8652	13151	13964	12733	11818	12920	13134	12470	12658	12869	13246	15166	15156	13987	12768	12618	12063	11809	11911	11655	11568	11530	11770	11128	12514	12278	11308	12292	12600	12113	12922	12641	11827	11968	12417	12540	11533	10116	10554	10797	10870	10810	9862	10098	10027	10183	11801	4941	2149	470	424	447	877	1161	1042	1377	971	1092	1126	1490	439	474	477	666	665	1815	289	229	164	520	3126	4239	4283	296	836	1251	1198	523	746	736	494	559	496	453	147	343	433	867	602	1561	362	308	2207	2103	1802	1312	1028	725	1059	415	429	740	626	672	341	370	257	333	362	291	296	351	771	522	4895	2872	797	482	532	558	241	209	386	399	335	327	319	350	366	316	287	432	273	366	343	236	296	393	407	423	416	335	339	446	356	319	334	404	793	558	513	653	505	802	1175	459	2167	2896	2096	275	377	446	740	479	1676	1363	1297	1365	1268	1452	1024	1155	1082	689	3155	2519	787	747	766	645	955	697	628	1169	1170	980	1062	983	745	2720	5906	4546	3586	4678	4610	5215	4594	4722	5206	6487	5087	2570	2624	4503	5509	5181	5475	4061	3892	4964	3290	4598	3629	969	1122	1345	615	565	503	459	931	991	548	975	868	791	713	749	869	798	689	456	563	557	616	618	871	770	692	795	701	1060	739	1039	1945	8249	10926	10264	10085	4491	1320	2592	13512	7568	5906	3108	1473	3696	2075	1186	1028	1154	1148	5155	7666	5072	6527	3958	6594	4586	4445	4073	3575	4845	4580	4650
1346	878	1444	541	370	517	556	865	517	477	1125	1008	584	1030	1670	1455	953	760	603	766	1033	1200	914	969	346	244	386	549	467	697	2110	977	905	535	273	462	311	493	448	682	1156	7954	7100	5055	225	254	227	122	258	208	112	88	112	585	125	151	198	227	180	264	104	162	189	1531	2400	1818	1002	2067	1573	1856	2027	3478	6347	2010	5626	3334	1679	1822	2002	1628	1755	1509	1761	1864	2448	2032	1963	1873	1872	2509	2332	2325	930	2011	916	423	424	3234	440	2326	2438	1118	397	591	461	565	891	564	422	283	331	245	1895	2420	3399	2569	2537	2432	1814	2288	2275	1539	1847	2338	1547	2100	1981	2196	2852	2096	2607	2563	3691	1781	4618	3672	1518	1226	427	216	211	390	411	595	510	635	669	739	389	316	436	478	450	522	497	588	683	446	847	1378	2025	566	585	369	405	331	441	576	724	1297	793	788	2536	1522	2096	2490	2618	1692	1629	1853	2006	2379	1072	3196	2091	1824	1863	2176	1654	622	1616	1505	1918	951	1354	472	615	573	675	432	785	611	808	660	908	1029	1226	2289	3668	6152	3695	1952	1660	1893	2010	1877	1593	1826	2314	1826	1499	1436	1594	1314	1831	1862	1360	1342	1560	1273	1834	1910	2026	1494	1601	302	284	726	446	556	409	345	326	456	404	467	1023	893	970	1658	897	804	349	329	482	417	580	3066	883	454	1196	294	620	661	680	564	318	1413	1154	735	765	1176	1503	2506	1794	1358	1060	1072	1590	1916	1903	1369	1122	1713	1928	2290	3476	3273	3805	2841	2203	1071	1198	1713	982	1156	993	3013	1910	718	897	471	1062	648	281	926	2817	1754	500	551	340	447	472	437	1525	2253	2211	1829	2156	1862	1530	2607	1982	1561	1566	1564	1830	1679	1952	1089	715	633	349	280	398	290	201	305	486	269	216	169	133	71	80	130	113	181	476	791	840	506	780	525	456	824	2148	1451	11649	12400	11466	12646	11516	672	1437	1071	498	553	553	2993	5097	701	714	486	832	468	823	599	821	440	1772	1989	485	460	389	494	424	1657	432	469	1200	382	427	373	584	761	2614	2742	816	243	287	493	513	262	408	525	258	247	188	348	1811	1419	1408	5787	1013	234	321	304	193	312	391	92	258	943	1539	630	1016	167	124	75	32	65	150	153	149	245	119	93	29	67	82	79	59	86	164	174	162	1501	1745	2242	1478	1316	2066	1429	1357	1245	1847	1790	2877	1783	1488	1179	1250	283	269	311	189	847	120	182	244	808	139	208	77	264	190	46	127	308	113	124	106	828	161	206	146	209	230	148	122	77	164	95	146	277	212	357	139	218	143	237	135	222	115	157	218	380	240	282	247	308	492	500	356	331	279	321	318	312	300	206	236	196	269	183	179	187	636	221	190	199	138	144	105	194	228	203	185	228	200	222	208	220	173	521	288	321	188	188	693	161	394	250	242	169	115	63	350	286	183	112	145	252	119	131	97	93	186	186	224	292	929	147	69	139	156	219	245	292	235	259	77	186	161	243	230	276	818	1213	546	137	189	261	286	295	308	174	413	6500	3053	150	171	473	449	149	90	223	111	76	69	161	93	206	248	276	171	72	133	78	152	93	59	73	139	147	157	123	83	592	130	112	101	198	102	219	221	168	122	491	2136	2081	2271	2396	2216	2469	2536	2574	2055	1483	1360	1928	1813	1545	2242	3347	2625	2525	2440	1754	3023	3466	4795	4007	4825	5739	3093	2392	2467	1496	1986	2658
2066	1433	1358	1434	1620	2488	977	956	863	413	385	883	817	751	582	1259	862	1318	1491	1547	1747	1141	856	772	561	1002	1186	1135	1040	1180	810	399	350	2031	5041	978	513	835	802	798	965	760	653	515	576	573	881	678	931	681	879	720	698	741	770	778	558	538	637	469	515	481	809	1703	2038	1286	1143	1085	1435	1991	2109	1702	1499	1935	3201	2214	1740	1223	1922	1772	1257	1178	3997	4523	5044	3431	1602	1988	1924	1485	1301	2782	3853	2413	2089	1513	899	4440	825	1379	1108	771	945	748	812	981	1518	990	1687	1023	1023	821	743	793	4854	3747	3014	838	923	661	920	441	973	3707	1110	1247	1381	850	799	704	780	547	689	662	823	732	374	731	490	603	381	403	599	803	573	738	510	718	525	455	530	447	526	486	580	429	788	556	956	704	944	559	870	1220	1287	2199	1163	1154	966	2319	2678	4684	4443	3961	6953	8272	8761	5841	6705	3331	1752	1530	1188	980	976	1441	1533	2421	1951	1959	1907	5229	7994	2098	3203	2517	1380	1110	1209	764	448	419	758	1286	952	1761	1764	2224	2346	2032	2004	1084	597	758	748	709	700	743	904	838	1056	1491	1220	1249	817	1415	1681	1211	698	579	601	728	529	553	550	651	687	556	635	724	624	524	263	324	396	242	406	387	472	349	390	535	763	259	240	325	686	937	983	624	590	1128	788	1262	474	816	767	1216	1529	3284	1254	1483	1155	952	897	1793	934	944	888	650	670	717	768	508	735	961	2663	886	1237	880	968	2014	902	1035	1642	1324	1048	1574	1236	1920	1633	620	643	736	361	298	389	525	375	444	1308	1031	637	799	489	422	523	1163	899	534	672	489	626	558	476	511	581	595	316	219	502	190	150	270	328	267	538	331	502	259	454	339	401	340	324	464	489	448	510	1438	837	681	636	1907	502	903	692	978	1093	794	966	677	1408	888	1086	994	927	2315	770	952	858	1759	1317	906	686	1079	993	990	1556	2270	1099	1529	1749	1390	1322	1149	1219	4517	4452	2448	3186	1161	1178	747	1617	1325	531	750	641	942	985	713	562	659	792	608	420	571	534	423	586	409	730	971	627	531	619	669	662	594	624	503	586	426	490	356	571	401	377	517	463	399	298	406	515	405	466	599	371	381	333	482	585	398	256	716	504	678	1012	813	653	434	540	621	553	723	646	518	502	538	604	580	671	453	440	394	540	492	453	517	1045	1947	2652	2229	457	549	533	761	523	585	736	692	430	535	374	1072	3270	3554	2612	395	534	444	241	294	581	318	309	493	426	322	795	392	376	441	413	870	870	735	375	368	498	689	746	954	767	830	948	795	707	659	875	711	523	568	429	518	421	297	441	423	490	528	502	597	406	526	460	610	333	424	434	458	385	537	748	1076	944	708	409	150	197	437	259	416	371	491	413	404	337	384	406	620	296	254	236	228	266	217	270	314	403	284	245	414	220	430	444	665	1213	767	301	334	333	360	341	451	420	256	242	241	253	302	375	392	300	750	470	363	142	254	264	367	319	252	181	536	615	813	917	375	254	230	198	238	265	247	204	174	178	365	277	242	263	195	349	247	149	176	220	263	750	188	357	259	221	286	251	236	725	250	248	288	276	473	401	644	526	685	1389	2490	4641	4638	4351	4822	2711	855	1068	1066	1306	1395	1081	1606	1299	834	873	2571	1611	1773	1533	1639	1090	820
39781	31186	35307	29742	35006	29787	27234	25436	24761	26443	28919	29289	32045	26511	25355	22254	24318	21507	21783	24257	21734	22598	20988	20580	23772	26309	24415	23363	21523	20021	22484	22707	25755	22956	23838	18570	16032	16305	19865	17838	16089	11850	13473	13584	13125	12529	13046	13325	16978	14190	14206	9981	12752	10426	11362	8543	12187	9291	14140	9467	11809	11509	12245	12344	15422	15332	19365	20177	22061	19910	23800	27287	26479	21881	26448	31196	29430	27028	33505	43310	41399	33491	36958	34243	38004	29074	38721	35605	45763	38179	35488	28541	27814	24843	26003	29420	28987	31509	29064	25386	25835	21711	22356	22920	24789	21620	24414	20359	23908	20822	20655	21746	24506	25272	30370	21228	25109	21609	23149	21138	21455	24745	22979	23786	23548	23062	24809	25283	25144	21290	22311	19860	18884	14406	15302	16727	16453	13580	13763	14015	14153	11389	11901	15830	16485	14907	14666	12090	13899	11395	11876	11200	14306	12621	12433	12176	15243	15033	16098	19508	22570	17473	22937	19319	22080	27354	31923	32553	33758	42566	129129	70147	77193	55456	63169	82903	96065	93815	44975	27410	28400	26644	30646	31569	33051	30127	38893	38123	39991	34172	26458	27932	34627	26477	26937	23792	26104	26252	23566	29254	25493	20393	22565	20056	24968	23663	22030	19329	22968	19304	17990	15763	18638	17159	16205	14014	16676	15325	21255	19061	20033	17234	20401	16106	14314	13830	17166	18380	18022	20735	27019	22072	14859	13056	14064	15331	13942	13143	15914	15483	14944	13992	14012	10383	13036	11670	13098	11610	13806	11359	16034	10658	13355	11140	12514	12027	14447	17015	19668	18314	20594	18965	30494	26050	48411	45803	51649	46995	48034	39807	41735	44279	41797	32209	37370	36909	33496	28642	31282	27309	29538	27585	27540	25965	24473	23096	31688	28726	34311	32903	33941	26815	24628	23718	24127	22910	23032	21977	22180	19710	21968	24962	23663	25315	29264	29581	30243	25501	29196	25620	25934	25948	26080	29818	31174	34060	30239	28422	27573	24729	23948	23289	25760	23114	24072	21663	19574	20088	18930	17403	17564	18459	17724	14649	17247	19914	19754	16629	16066	14634	20418	14638	16222	14869	18639	18990	15904	14183	19454	18043	19858	22633	19652	18896	22190	19793	31905	27110	25753	27260	46320	51079	53182	53684	56102	56341	48641	43666	43043	42505	39452	33913	33832	28061	25802	23898	24978	25397	25473	21191	21914	21713	23804	23525	22551	21824	21385	17022	16957	15236	17993	19069	18043	14778	17816	14260	15927	19940	24754	25477	28567	29292	32121	22804	24101	21035	17990	17215	22259	20956	19100	15788	18533	16979	17394	16844	21529	21628	23656	18351	20869	17802	18756	16963	18623	15120	16324	17492	15836	12128	13182	11478	12904	10678	10725	9210	10467	8480	12072	8517	10687	9698	12556	9813	12191	9845	10483	11321	12643	11300	14586	13141	18394	15115	15162	17638	40679	38374	35109	35580	38030	28670	29087	25549	24861	22052	21548	17094	19209	13785	14748	14652	14597	13180	17548	17781	20051	18678	19773	18623	19437	16427	17414	15329	18556	14589	16488	15102	17018	14271	15043	13652	14118	12823	13226	10013	13237	15472	20711	17087	19916	17115	12559	12687	12922	12341	9885	11126	16096	10702	12795	15745	16826	13762	13552	12403	14678	11747	13973	14096	15403	12081	15229	13817	13477	10245	14035	14737	14417	13010	10880	9677	10381	6755	9387	8022	8889	7748	8932	7664	11055	8591	11042	9772	10713	7996	9421	8513	9566	8029	9267	8328	27228	30831	33857	30371	28126	20165	21496	23811	19251	15818	18076	16972	19984	14619	15334	13223	15048	13004	14931	11686	12822	12218	13348	12572	14447	12434	13038	10545	13255	11468	14820	14460	17033	18304	20221	14972	17988	12075	13762	9822	11984	9624	12301	13063	15064	12460	14734	12850	18656	19052	16133	14558	14176	14261	14968	14547	17308	13711	18153	16569	16717	13924	14558	14900	15030	11842	11983	12702	14156	7618	9189	9961	14126	10919	11042	7280	10803	7832	11772	9635	13417	13140	12362	11689	16507	12895	15696	16489	18299	15103	20767	18864	26397	21747	23213	24364	47023	50163	54311	47291	49975	42712	44954	39206	41135	32398	35393	34707	31000	33027	32763	25606	27116	25692	28488	26167	27679	25841	26640	28986
33399	41101	50519	41252	45694	39801	37703	35602	37567	39778	38943	45162	40597	36995	37291	40394	50297	43764	50035	50332	49750	42764	46666	47531	41471	41329	46591	39987	40557	45724	45948	43974	57528	48685	49892	61759	50933	50044	50399	41808	40285	41499	56287	39487	43903	56456	72919	58857	41681	39491	46524	35151	32168	30407	30095	29334	31087	30314	30787	29164	15009	25560	24740	24828	29200	26280	25999	27085	26421	29742	36392	33291	36142	31749	33264	34479	29868	30461	33203	32936	50201	49361	33725	38997	33706	33015	32306	35261	31950	39824	34869	39495	50424	42519	67112	47400	39811	41742	39437	38315	41500	38689	49821	72287	38304	40003	44487	42303	43201	54824	36181	31557	37312	55245	57709	44032	39009	42090	56814	40600	40902	46394	52648	53147	45011	61814	58002	44292	47188	45902	53227	42123	37506	35924	37916	40910	36355	31950	35559	38855	41975	47067	48755	54663	41567	26243	26854	26683	21433	23952	22354	30072	24789	38168	24954	21999	27592	27442	43404	31578	27192	27738	30595	30313	28490	30975	29502	32372	32093	40101	44430	41013	35658	38135	43595	42647	40417	45966	46834	43226	41812	57277	66153	55211	53138	66214	51564	61348	41264	42261	56678	60792	65024	49052	53201	50379	44881	49609	56537	52861	48473	53083	50657	52480	84122	54774	48883	46725	43623	45014	47705	49527	50236	50594	52652	53417	52053	47182	58634	64058	47985	54107	56576	42364	47918	47788	47045	47077	51525	49246	38707	33897	37354	40039	36550	40536	34700	36768	42322	48695	39215	37389	37015	40787	35238	42923	36705	31039	31179	33081	32181	29874	37489	29615	24645	26858	25606	27075	28035	29611	28955	31049	33592	33585	39344	41644	40465	41008	42344	37470	50679	46919	35988	44208	35960	37499	37285	41678	46970	48250	49419	41082	43476	46928	65731	37630	43747	47421	45618	40914	40757	48621	50475	51711	45142	43948	48695	50431	68265	70442	56310	42649	42944	50091	48744	43025	42452	41416	39691	40567	42534	53988	61828	60544	57550	41601	37215	46954	41099	48080	37752	37043	38773	36320	34764	36505	34572	29828	33167	39939	43665	32079	41659	38011	36906	41818	34626	31432	35126	32478	31509	31549	40549	34866	34336	36039	39396	40290	36535	34982	35694	34562	54119	57475	29981	32126	33806	38803	37876	45157	46167	43093	41349	43293	38908	39114	39298	36287	40697	39477	36713	38667	43919	42572	43147	36972	39354	37783	39320	41752	48520	52089	43992	54735	81124	71874	57548	57917	58559	55290	48964	44527	50938	47380	58703	57114	47482	51954	42674	38669	39492	37483	37556	36108	42304	47009	43117	44811	48435	45157	45730	46027	41579	37333	34179	38834	44082	37243	33839	34424	31156	30228	34870	29895	34060	40339	34470	42320	35678	40478	32724	32656	32380	36147	29827	30430	29993	27740	28781	35200	27182	27706	25048	37711	23929	31552	25922	27143	27831	29128	30289	31000	33891	30218	34422	33794	39516	36151	32843	34170	40029	37263	40685	39930	41787	37406	36617	37044	35133	32381	46278	40451	41828	44905	55134	41411	42386	43006	39552	42058	45013	43576	42338	39536	37648	39025	40072	67172	39742	38414	31402	39332	46281	40773	42494	49283	36996	34950	37598	44328	35959	33399	38739	43851	37391	38852	38538	46504	48833	36230	51035	52068	54169	34978	37247	42160	38704	30851	31242	35008	28898	30140	30891	33155	32631	33485	31778	33735	40161	34637	33225	28614	28103	26253	25131	26698	26302	25293	25625	26121	25213	21313	22151	23947	24904	23786	24008	25669	27854	31623	37166	40095	30414	26974	29643	35735	37919	35264	38769	41583	43093	39066	48254	46796	44258	40056	42049	43900	53821	47758	46822	47754	45351	43619	47806	48061	43990	51682	66914	53204	42357	50265	47705	58345	58831	64020	48622	49736	48605	56896	56174	47960	58828	59780	44574	49791	53564	52495	57280	61351	52881	44430	55893	69149	47383	46050	52792	42461	41187	49770	43306	53789	50721	51108	48805	41399	39867	38283	34647	35885	44020	62727	68911	42264	36128	39004	41918	41364	35450	35154	33097	36776	36609	38711	37197	33197	35384	36651	40480	43754	45059	42720	40526	46147	33400	40077	43774	47464	44074	47489	48656	46471	44089	50054	48327	49010	50801	59266	43035	51786	52372	47317	49635	45503	43127	43510	59335	47217	47146	46996	48425	47338
50	51	81	10	129	59	38	64	113	59	50	19	27	37	54	74	19	22	20	84	19	40	105	47	33	23	36	35	125	6	29	12	17	5	5	1	25	31	43	32	8	88	39	53	125	101	102	60	56	28	59	14	24	78	29	130	16	32	26	6	20	25	19	100	88	130	71	94	90	117	59	48	71	117	123	113	129	87	76	104	100	160	168	103	165	45	63	45	89	67	24	99	66	32	100	74	146	68	53	110	154	103	209	164	183	143	135	259	97	88	34	88	72	83	98	108	56	122	125	30	31	70	71	44	7	62	14	72	53	55	95	42	14	86	124	233	214	176	192	67	40	74	101	235	148	167	106	93	147	112	35	76	103	63	88	118	77	58	29	39	50	64	52	108	68	207	95	122	240	263	175	165	152	217	101	105	99	177	71	182	171	145	209	126	104	65	222	89	63	86	83	79	201	88	95	114	73	65	36	67	136	114	47	57	75	94	41	54	29	42	30	21	47	91	109	127	82	56	64	30	32	44	60	14	7	21	16	28	14	8	15	37	51	28	12	15	4	34	24	82	13	30	69	32	9	5	21	27	13	6	25	20	15	52	52	76	43	101	57	92	85	53	115	91	251	50	134	69	49	31	70	52	8	72	27	23	52	37	42	17	129	130	168	31	82	64	22	82	62	59	96	53	39	62	35	34	24	35	43	23	23	91	40	28	43	17	54	25	59	90	74	74	46	49	28	57	16	36	20	25	103	27	20	16	28	3	20	25	4	24	15	4	7	5	24	20	41	1	3	3	4	38	58	3	2	20	14	61	38	22	22	5	68	29	56	64	60	93	68	126	61	64	138	115	25	80	115	183	147	73	50	52	74	69	76	101	55	42	30	28	68	63	110	76	78	35	41	62	27	100	38	52	46	26	36	12	16	14	57	8	28	24	42	71	104	38	148	26	20	16	15	28	53	20	8	16	7	62	68	44	4	43	4	37	53	15	5	8	4	29	39	17	26	34	52	74	5	13	5	41	113	135	73	25	184	46	132	146	182	53	99	199	197	221	264	426	664	537	648	444	719	372	171	113	93	95	138	128	131	150	5	4	7	5	16	3	16	2	13	28	48	39	27	11	6	109	108	79	49	67	69	24	5	29	18	29	90	73	43	16	5	9	5	6	105	59	73	8	16	33	30	31	6	10	3	5	14	3	24	13	2	2	2	45	36	26	2	13	6	16	6	5	51	46	18	7	5	11	35	51	41	90	42	28	9	19	11	34	22	34	43	49	39	79	22	13	11	19	58	55	75	77	28	52	19	32	35	6	9	55	40	14	28	18	36	47	84	158	62	46	22	119	87	72	86	78	57	19	13	7	5	7	29	50	76	83	30	15	50	7	7	48	47	18	10	17	42	104	20	34	73	56	7	13	48	12	4	7	23	29	46	81	13	70	18	6	11	22	33	44	86	60	64	73	123	106	35	62	122	48	115	182	47	42	114	154	89	142	83	131	18	13	179	83	164	118	113	42	116	114	86	118	153	262	85	34	32	37	40	132	105	32
649	758	835	666	589	2759	622	1306	3218	645	4582	2748	4248	5444	3572	5315	4055	384	582	792	867	4948	4717	1747	1033	680	566	744	646	906	430	449	596	664	729	715	1138	651	478	595	625	510	485	388	165	241	271	143	223	359	376	180	28	75	110	343	248	138	220	195	100	109	1260	865	561	1168	1109	633	810	859	672	758	716	390	1520	1400	1056	1147	778	427	731	746	416	897	1117	2098	1938	1827	1430	890	1535	1267	1023	860	560	374	853	776	513	676	335	460	398	531	393	571	409	379	464	546	671	623	466	260	249	383	579	640	478	351	472	265	370	421	252	304	328	240	242	302	513	347	134	12	123	28	47	72	121	88	434	885	347	159	359	551	462	86	140	102	109	79	165	98	155	98	261	125	173	153	205	489	448	430	1123	1760	698	531	696	775	549	909	1574	1569	1623	1218	1826	1219	1904	1575	1204	1508	500	1028	1670	1214	552	641	588	542	517	438	348	845	426	504	305	297	343	338	660	499	88	112	75	229	462	689	436	670	520	216	369	303	519	459	698	694	393	803	465	538	578	415	735	220	331	405	597	543	289	366	386	493	432	519	1242	1749	644	66	163	626	344	167	143	214	337	28	118	228	77	38	75	42	30	80	129	164	74	85	216	96	209	2006	2018	195	362	544	584	644	463	424	426	310	472	473	403	381	405	1145	1080	1482	1436	1415	1195	1160	1051	6531	1194	575	682	1352	493	406	1505	2181	1502	532	807	778	876	646	310	124	629	824	695	1220	846	667	323	447	288	583	607	493	523	809	543	230	292	522	428	387	374	579	329	605	620	313	410	360	494	328	419	304	429	716	866	355	518	311	334	270	360	350	412	283	317	396	466	506	445	1590	718	1103	676	934	1267	690	833	708	1220	1181	1685	5630	1193	1601	659	732	665	670	975	1552	888	582	1818	1410	603	4453	2252	687	991	427	557	2470	6196	4173	5664	6301	4780	1188	955	804	503	367	708	716	741	595	405	258	205	299	300	231	561	532	243	241	272	259	425	1107	426	336	222	265	209	367	452	299	290	284	285	260	224	191	162	16	107	30	126	229	217	38	17	17	14	20	40	97	171	638	177	254	165	283	285	450	122	61	75	327	130	110	114	186	295	152	216	353	69	147	130	75	100	66	181	161	368	134	289	88	311	146	85	245	432	167	393	416	301	94	139	108	69	97	2053	1740	125	528	83	88	72	256	730	279	136	46	99	154	91	75	165	94	63	91	46	235	37	72	93	84	174	330	187	371	349	403	333	270	142	177	290	221	481	259	180	468	460	213	166	144	295	367	193	67	55	148	156	121	110	71	107	90	82	61	100	26	82	43	85	226	103	892	849	237	101	80	150	81	143	166	83	92	96	87	115	141	265	289	235	192	198	740	1609	1072	398	228	215	143	159	280	297	369	135	628	615	1229	350	180	143	69	1425	103	207	286	233	186	275	197	166	216	163	297	233	313	328	467	301	255	208	349	254	216	236	289	322	269	216	279	226	171	236	654	539	326	154	340	260	137	73	59	273	237	193	509	696	143	127	1360	680	555	1807	314	586	670	592	991	2431	3072	2760	2492	2365	2813	2559	3518	32074	35001	32759	4203	1204	3391	3209	3338	3761	2600	2599	1090	224	175
62237	64275	67799	66878	61839	60939	57141	58161	65065	61907	95938	95631	61625	58302	59404	57342	60917	58239	59352	57260	58371	57207	58795	65038	65424	60030	59105	59849	58061	55366	54706	55248	57543	72756	60732	56597	56046	57847	55087	55270	54756	53115	53872	48812	50452	48324	47827	44863	43740	46033	45667	44481	45693	44797	46263	44251	46184	46775	46433	44650	45899	45795	42278	43189	47541	47620	43221	50414	48487	50608	54569	57629	52303	51149	52640	51907	52838	50547	56304	52543	55103	53270	53013	56709	57607	53413	59437	59221	58239	58836	60809	62353	58272	58384	56504	56362	61688	59148	59814	66356	62175	68463	66028	62310	65673	56040	61229	64682	67034	63400	64021	61048	58368	58479	62409	60452	57825	59668	64927	57081	62805	67986	63821	62377	62300	57080	54020	52952	52146	53439	55521	57789	57133	56336	54466	53637	49658	51530	50426	48474	45483	48816	46494	46628	44151	46514	47597	44681	46258	47297	48429	44537	44111	41483	44680	38263	39396	41680	45178	42777	41677	47583	48007	46063	48372	53200	55482	46310	46029	49625	51726	60996	58557	55882	56000	61938	73797	73532	70264	61922	64623	61445	60911	56291	54889	49519	48688	53068	55914	56518	53813	59327	56984	56133	55211	53484	55951	60993	64929	61422	63899	68415	70220	65328	58647	56485	59623	63662	61109	68869	60899	74028	63267	67115	71547	69307	62576	62934	58915	63664	65236	65552	66866	63612	60295	57603	55966	58077	59542	58023	55008	54441	58201	59667	54452	53949	54168	53173	51139	56130	53185	55336	54387	53071	52388	51737	48472	47685	46671	49812	48267	50135	46727	49990	52429	47192	42695	43065	42407	44838	52973	51538	45333	46424	45859	45888	47736	49318	45423	50859	48968	50092	48534	51172	53318	50916	54059	52890	58302	51083	52119	54742	53693	55314	56343	53030	56843	58566	60107	65218	60983	63336	59497	56986	58703	53203	57157	60586	61202	64742	63951	61723	63610	54196	57180	52867	53097	52875	56569	57729	59762	57996	54853	58672	56726	57946	54199	55319	54745	54771	52387	51371	47963	50528	51383	50197	49367	49532	48813	46573	47843	43239	44840	42138	43709	45796	42465	39702	41072	43613	41385	43251	46263	44302	43435	42019	42386	45860	40482	40764	45210	58287	38717	42161	43935	45526	40798	47587	54248	49697	59758	74915	73409	66312	62320	59558	55768	61229	61706	64111	57583	57452	54911	55231	57269	56234	57153	56765	58666	62010	62347	57523	54334	55053	51387	51978	53474	52877	71844	64768	62906	61539	59859	55196	52500	53621	54504	47960	47188	46876	53264	52424	47901	51343	50084	53431	54102	56419	53822	53895	51942	58715	59003	60578	62832	82111	75628	67338	55326	49292	49220	49206	47274	47663	43626	44514	46154	47440	46650	43635	44443	46559	45448	40562	40154	42595	40554	39581	42927	42525	43503	43385	44092	42116	40315	38762	40284	41893	41348	40928	76154	76764	44976	43753	52869	56572	48013	53669	51290	52061	53488	56350	52938	53110	50554	47661	52160	47066	48402	59123	56685	48108	54352	49169	45078	49512	56903	55498	56777	54632	51536	48751	50718	49701	49796	50984	45997	49957	57188	54074	64201	62861	61289	57831	60406	56269	52213	54408	51600	53344	49919	50595	55322	52371	45553	46104	49334	49820	46334	44047	45060	46184	50987	53414	52303	58679	67700	53923	51797	51304	47352	51045	49946	48282	49123	44288	39356	84060	50393	41766	42213	41306	43785	43370	40933	40080	41966	39273	40241	37287	38741	39159	38600	38857	39514	37113	35190	36905	42640	34716	36418	42505	45361	48081	56374	46204	48607	46798	47931	46392	46186	47993	45137	48160	52236	47155	45203	49279	47778	45479	41048	44808	45217	46615	46258	43748	38410	41422	43920	44909	41067	41503	43569	46395	40494	43886	38022	42507	43646	47258	43189	56776	40247	42410	40312	39531	42184	44405	48170	46999	47682	48870	46333	77394	65374	55550	54438	46395	45939	44519	46495	46704	44678	43183	46037	42728	45243	45927	39407	35925	33705	35198	35551	35584	33896	34229	36251	35151	34284	32254	37262	34996	30813	32510	33291	31043	28383	26338	32895	33101	31157	34778	37649	39147	40058	41194	40783	41470	46827	45965	49079	49762	55545	60370	55515	55473	52699	58715	57345	56465	62601	61797	63560	68386	59904	63272	63974	60708	54107	46719	50686	51292
311174	288856	287639	280835	298300	288156	307326	295802	311257	299684	301486	293794	300085	275988	284404	281780	296266	289786	291989	283497	278478	275868	289713	275224	275316	290698	290941	287180	269867	273493	261640	258633	257384	276014	278464	276669	260107	239313	269644	264428	231890	231805	227148	233091	223154	207629	205688	202719	203334	195682	188196	187053	178639	178266	172022	157599	161334	172126	191443	172780	188772	188831	191675	206647	207641	214246	223524	246016	224246	231143	269782	255458	268789	252507	253682	264740	275612	283907	265948	282068	280582	313258	307675	309448	310650	294978	287082	293042	289817	285471	276178	271466	318535	297496	281591	293031	273423	267782	280537	281084	291180	306671	295628	291916	275540	302104	286292	287199	280037	279776	275283	295677	288966	320479	298989	292100	272433	271264	292737	315167	316881	286107	319924	293363	287812	267670	264476	268977	259237	247549	248212	232780	224994	211997	211200	216868	207876	205888	191655	205581	194575	195962	195880	185857	194057	194528	185495	189146	190072	209929	204775	196093	183057	180618	194778	216192	191879	209635	227568	233344	222348	216794	233097	235843	245680	245331	255902	274323	302341	300362	293064	296827	311290	303987	308837	303915	291645	297848	310128	294376	289326	298776	324664	319262	301060	323936	313113	312966	299319	299137	284761	278142	289066	289453	298866	356329	301188	290051	270668	296419	273688	313873	320943	300225	265593	265141	276673	305057	277046	285337	284277	282435	270768	280648	280088	276995	283042	278183	280025	275120	289021	284344	277024	279077	294806	310292	272085	271239	258077	250166	247811	226566	216824	233994	233170	204564	209575	220200	197672	192673	196794	191296	179612	189673	178135	196764	188424	174846	179205	183272	184143	176853	183885	184566	190437	197279	211393	229736	237604	241539	254082	266661	296872	263163	279650	301591	319197	335070	333390	310996	327917	317703	346486	339776	348306	328712	320393	324237	305266	323345	333622	321737	328458	329439	327174	301316	300016	307021	310051	305376	301433	297803	300055	317813	301033	283514	306949	294650	270542	263688	285283	265533	256335	256289	262465	254627	243935	237933	288871	253173	253224	248655	265530	265196	240444	253056	274660	280817	234419	254471	238956	221501	211631	211138	197710	200168	192635	191072	190547	185743	184199	172608	167132	181495	185799	175318	172745	168112	167701	166744	160319	158459	169453	162934	161911	166947	173253	180121	186874	186883	189090	195904	211612	204625	202249	207881	217193	241486	253624	263923	261572	257723	263456	260264	262392	263317	278046	295273	293734	279104	267299	273145	283249	258103	266836	271902	278448	294215	277014	274282	266794	277432	275247	286335	295002	287964	269335	266068	261585	266313	274395	264907	255727	256828	260923	240484	245490	233715	230180	241014	223805	239261	256272	250914	263449	224628	215749	222563	211949	211085	222219	228472	228010	232558	219025	208459	196017	193360	197023	214124	215602	213859	204438	214924	209847	185664	200494	192114	190277	170764	154138	98762	95314	97698	91512	86538	80219	90844	77753	94041	119570	147767	165647	165742	151309	155917	160281	164616	167976	180008	178308	175450	181647	183114	180491	210301	194691	221073	204870	211027	201109	197268	222454	216916	211114	217337	228302	225199	221614	224900	218917	214515	225406	218408	189298	200064	195741	201670	208650	204093	204012	202231	202640	202599	196037	258332	298436	217554	215188	215664	197571	198772	220454	197917	189923	177445	185126	194745	209076	204484	208895	207640	198538	211857	208531	201989	200281	203422	225883	217219	181911	186468	232136	185712	186289	188183	178937	186413	180831	160825	162350	157227	150225	150936	155628	161402	162088	160249	167771	170294	154788	150760	149352	144445	136566	144412	140511	146519	152808	150247	139251	139033	132600	134106	141129	138045	153253	157945	148098	150197	156359	177796	194021	183343	187901	176926	179360	183123	173338	179824	183182	187266	208986	232149	236316	206108	195828	208017	230625	225610	206622	214469	213611	209713	207692	207724	211489	223429	205699	203463	204286	223057	222300	228722	217582	210930	216322	240873	246871	228052	225473	247451	237276	226472	214888	205286	209898	224477	197151	221469	228201	213338	198129	208667	194482	198898	193228	217288	207610	217591	193255	181014	183194	172582	175399	158845	155836	154070	157316	157021	165159	158437	153621	157442	152622	158728	137927	133095	156125	167150	171257	176071	156815	150889	156471	166072	169422	179232	182082	178133	195056	204284	214082	255060	243185	248280	235964	236679	242770	288456	257879	270770	298390	272491	268855	281850	261760	238988	257674	282584	258993	249414	259538	236947	250626	242134	250193	231897	230384	237527	253841	245738
5480	5697	6856	5747	5864	5642	3577	3688	3046	4470	6031	5001	6574	5937	5259	4805	4205	4267	4240	3946	4055	5156	5984	4773	4026	4923	3820	4016	4222	3613	3730	4409	3788	3837	4854	4055	4695	3513	3137	3110	3004	3770	3900	3267	2804	3436	2789	3513	3240	4135	3287	3566	4689	5674	3250	3750	2497	2516	2657	3782	3541	3172	3967	5644	6521	5475	5038	7048	6976	6830	8052	8559	5148	5670	7028	7804	6172	6384	7121	6815	7255	10112	9004	7403	8669	7397	6639	7184	6884	7477	6811	7468	7923	6041	8029	6355	7054	8330	8701	6535	5347	7521	4896	5055	4933	4763	5771	5671	5149	11704	8685	5024	3990	4887	4321	4267	4702	4373	4475	5276	5063	4869	4097	2390	1868	2973	2138	2131	2344	2144	2734	2488	6316	9803	9515	9952	8811	6152	4323	3146	3958	4060	2316	3552	3764	3148	2224	2617	2954	3747	3527	3122	3462	3083	2766	4085	3022	2678	2371	4757	5566	5294	5464	5943	3723	3015	2857	5905	6125	5968	6032	8015	9207	7672	3525	2997	4311	3764	3945	6123	7288	9215	7141	8782	7310	8161	4657	0	0	2629	4414	4495	3444	3779	3871	4940	3839	3757	2690	3658	2697	5409	3576	3992	3521	2933	2974	2345	2252	2603	1437	2248	1858	2312	2473	2807	3304	2683	2171	3040	3608	3474	2006	1646	1936	3228	11233	3437	1723	2186	1728	1517	1602	2037	1387	1804	1523	2681	1556	1348	1053	1439	3193	6034	5897	5399	6049	5740	5049	2808	2212	3995	3615	3240	2653	2675	4193	3452	3995	5376	3995	3895	4155	5029	4819	6425	6625	9436	4369	4163	5793	7851	6637	8236	6329	4096	3777	3594	3272	3006	4005	3052	4289	7374	5027	3524	4328	5774	7503	4590	3637	3894	2562	3088	3368	5142	3404	3861	3007	3558	2342	2747	3011	4056	5904	5413	3414	4443	5845	4557	2314	2887	2793	5763	4202	4012	1039	1596	1592	3029	2964	2899	3304	1988	2623	1656	1854	1798	2280	2424	1355	2358	2797	2366	4137	4888	3381	3527	3187	2181	2140	1985	1739	2049	1676	1592	2667	4065	4662	3336	2934	2937	1937	1901	5212	3502	3661	2751	3090	4425	3829	3953	3747	3103	3181	3045	3360	3483	3108	2300	2543	9559	3739	11424	2471	2245	2603	11346	3306	1512	1596	1940	1388	1203	1390	9351	11662	6880	5967	1809	1203	2047	3329	1666	1654	1570	1320	1626	1552	2316	1781	2188	1410	1105	1221	1171	1522	1433	1026	1017	1067	2764	1762	2557	1930	1495	1205	2780	3394	3636	1662	1613	1526	914	1213	1334	1160	1145	2197	2048	2572	2828	1201	2946	3111	2945	3269	2802	1153	536	436	1249	2689	5550	5415	2292	1761	1790	613	757	705	661	824	795	794	1980	706	793	404	538	658	1852	807	698	1622	869	986	678	625	872	912	822	852	589	817	847	1960	2343	2558	1627	1317	2165	1912	2607	1075	690	726	3040	921	771	972	1213	2023	2023	1616	2557	2262	2760	1840	1599	1322	850	913	1149	907	2180	2968	2633	2532	2898	3393	2618	2466	3042	3776	3401	3178	3410	5564	6278	6343	4890	3490	4220	4766	2980	3474	2907	2628	2031	2555	2637	3171	3938	3223	4527	3910	3527	2930	3198	3352	2231	2627	2309	2130	2876	2162	2074	2003	2673	2625	2768	2796	2177	2734	3346	2756	2875	3382	3507	3497	3294	3389	4115	3562	4243	3478	3697	4567	5443	5368	6426	6034	5896	5235	4843	5193	5417	5202	6435	5496	6152	5766	5913	5846	5636	5558	6082	3860	4900	5206	4106	4073	3757	4060	3501	4772	3940	4034	3827	3910	5802	3208	3313	3339	3371	3276	3413	3129	3039	3061	3067	2851	2850	3656	3631	3191	3469	3448	3832	4186	3795	3332	3132	2784	3389	3216	2181	974	719	440	430	1199	1708	976	1785	2348	2136	1275	2505	2116	2456	3663	3127	2814	2812	4114	2652	2830	3631	2880	5042	3158	3155	2860	5631	4926	4231	4279	3351	4856	8110	8716	7778	5032	3550	4462	4964	5213	5277	9323	4099
7037	7580	8238	8243	5727	5312	4534	4193	4341	4130	4690	6050	5703	4302	3949	2987	3270	3798	4598	3742	3865	4107	5126	5414	5417	3766	3962	3690	3821	4006	5032	4966	10503	7097	4405	2676	4699	4821	4612	4262	4872	4736	5474	5337	5646	5717	5696	5435	5654	4799	4467	4487	4099	4211	4378	8856	4077	3787	3949	5493	5022	5659	4815	5311	5126	5087	5973	5652	5588	4656	5478	5505	5405	5775	4911	4870	5109	5978	5531	6414	7473	6913	8318	7367	8186	7852	9269	8564	9106	8704	7982	6472	6382	6699	7021	6992	7961	8284	9457	7575	7089	5644	5555	5131	5545	5567	4142	5703	7460	6226	5529	5837	6544	6094	6618	6200	6824	7715	7894	10055	9754	7973	7409	7573	8332	8463	8797	8131	7949	6756	5541	5115	5291	5794	5389	5383	5844	5518	4604	6097	5124	4980	6266	6655	6103	4991	4883	5255	4852	4601	4778	5541	4992	4507	3507	4555	4036	4435	4533	4129	4684	4689	5405	6833	7704	6991	8115	7563	6957	7310	7621	7546	9683	10174	8526	10433	9071	9703	6796	7627	8317	7656	8800	8319	5370	5767	5700	6280	5639	6449	19116	13820	10297	5616	6861	7341	5725	5897	5769	5046	5460	6437	6494	6551	10476	11382	7572	8368	6918	6564	6590	6613	7705	7183	6778	7333	8060	5680	5772	5507	5986	7397	5988	5959	5783	4756	4842	7255	4756	4953	5297	7159	7772	5495	4317	4447	5415	4520	4213	4713	5361	8836	5928	4229	3967	4678	3792	4544	3936	4311	4895	4763	4177	4353	4969	4795	6102	5608	6334	6807	8761	7374	9608	6286	5688	5725	6759	6594	6553	6628	6953	6977	6492	7156	7518	6093	6662	6324	7252	7562	8162	8219	7944	8504	9991	7968	10307	7774	8165	7711	7281	7285	9652	11103	15443	13426	12269	8805	6863	5771	5517	6170	6781	4523	4210	4073	4356	3975	4661	5112	5069	5800	5697	7125	6167	6178	7394	9894	8274	9825	8312	6863	7358	7814	7939	8424	7498	6420	5366	4625	7210	6722	6601	5419	4437	4743	5068	5256	4881	6899	5089	4009	4907	3445	3625	4446	3860	4442	5096	4038	3291	4242	5874	5850	5801	3618	4210	4437	5854	6073	6372	4988	5643	6724	7139	7079	9395	9725	8723	8614	9600	9077	9355	5953	3869	4669	4292	3848	4841	4174	4199	4419	5042	5238	5830	6038	6276	7407	7026	8698	5605	6765	6387	6765	6243	4766	3986	3944	4006	4899	4418	4639	5230	4871	4446	4217	3691	3668	3758	3978	3349	3410	4800	4867	4153	4147	4324	4901	4756	4149	4094	4272	4330	3824	4318	3792	3961	4010	3169	2608	2912	1743	2174	2140	2071	2643	2192	2211	2873	2641	3127	2597	2692	3148	3196	2955	3126	3758	3439	3511	2990	2469	2714	3030	3117	2926	3407	2863	3412	3041	4138	5810	5808	4729	4774	3073	3873	4262	5511	5139	4431	4718	4303	5677	5658	5180	5965	6376	6096	4325	4671	6307	6411	9163	4749	4425	8945	7506	7595	7516	5497	5196	4683	6244	5011	4938	5033	4994	5851	4766	5100	4154	4202	6744	4645	5531	6076	6843	7864	6221	7778	5003	4647	4352	4721	3690	3678	3638	3355	2992	3902	4195	3656	3846	4225	3041	3432	3153	3776	3324	3865	3785	2810	2907	3291	2961	2538	2566	2918	2858	2719	2510	2808	2558	2424	4268	3941	2873	3330	4626	4608	4064	4598	4386	4278	4184	4371	4554	3418	4420	5518	3561	3691	4226	3343	4849	3680	3006	4413	4970	5121	4094	5851	5485	4551	5196	4727	6429	4674	5320	4093	3603	2622	2447	2626	2619	2614	3837	6971	6428	3854	4207	2559	2720	2854	4993	4568	4055	5240	4046	3945	4256	4712	4906	4608	4824	3846	3661	4133	3871	3545	4040	2899	3102	2902	2986	2592	2502	2954	3202	3486	6388	4187	2603	2298	1859	2406	2444	2536	2523	2360	3198	2991	2844	3602	3551	2532	3426	4631	3457	3422	4225	4762	5842	4340	5079	4883	3967	3793	4646	5138	4985	5246	5256	4343	4284	4995	5673	6305	5930	5223	5069	7519	6780	6527	5835	5759	5225	5679	5278	5613	5692
7569	10045	12066	7369	3943	5122	4107	6073	5156	5158	5295	5099	4222	4373	4289	3642	3910	4622	3510	3838	3510	5225	4520	4543	3598	3303	3177	3926	3543	5556	5379	4135	5195	14047	8929	1565	2572	8516	2287	1847	2934	3115	2826	3401	2270	2454	2069	2518	3001	2442	2006	2283	1936	2462	2109	3997	1855	1940	2472	2861	2585	2782	3905	4326	5635	5037	3793	4273	4493	3061	2655	2913	4332	5339	4281	3582	3200	7944	8258	11442	6319	4178	7459	5207	8230	8471	5480	9112	5031	4941	5980	7816	4723	5413	8759	11168	8910	6273	8621	7940	6890	6648	9315	7082	4716	5233	6774	7477	6667	7414	5919	5125	5376	5310	3908	4552	5015	4763	3558	4012	10984	6470	6765	6222	5436	5065	6090	5648	5246	4450	4167	7542	4152	3652	3408	5667	4405	5362	7115	5568	4111	5006	5540	4062	3293	3353	3408	3347	4996	3303	3856	3495	3446	3056	2463	5022	4216	5716	4467	7109	5381	5702	8330	5527	5693	5161	9328	9788	30154	24564	17539	15632	11955	10780	14655	7880	2608	2988	2294	2740	3151	6126	10586	13592	8359	8935	8327	7967	6547	5021	4232	4730	4486	3827	8072	7876	4854	6540	5857	4613	4150	4014	5263	5858	5844	5650	4917	4013	3485	5143	6478	7306	6353	4889	7039	10471	9380	19468	3753	5269	3986	7129	9651	12205	6567	3180	3062	4048	3554	3100	2674	7869	7725	3622	2900	3121	2998	2848	2832	2466	2285	2497	2376	2428	2537	1936	2353	2517	3354	2345	1853	1630	2138	3152	4098	1850	1598	2833	1961	2684	9246	4098	5245	5781	4462	4018	3420	3280	2881	5258	4789	6465	7759	19877	23028	5732	11542	8131	9170	16746	6105	5974	17286	12336	14271	17249	22777	18585	18058	24508	19940	27240	28546	23003	14335	12709	9484	6500	8498	16446	6751	1988	4496	3557	5158	6710	3549	6178	2758	7319	2880	2978	2915	7386	4302	2741	4620	3219	3694	5018	4269	2940	2754	3544	2783	3675	3767	4438	6938	8024	2194	2186	2056	2537	2281	2220	1902	1581	2158	2017	1636	1510	1725	2996	1611	1153	1369	5883	2382	1322	1375	1258	1860	971	8553	16515	15297	12450	2261	4071	6860	8339	14392	20362	21608	19048	13244	14186	18149	28661	20835	13571	15348	11995	12264	8738	7582	6880	9040	18266	11602	6633	3951	7540	7403	7787	7903	5056	6676	6970	2328	3106	3404	4825	5767	7356	11723	8061	4466	4257	4168	3845	9929	2584	1666	3363	1464	1160	1440	2423	1404	1481	1398	1402	1620	1921	1274	1384	1338	1314	1509	1245	1096	1192	2243	1490	1727	1487	1696	1178	1249	932	929	785	813	1364	1059	844	850	2358	1256	1217	1691	2151	1489	787	1116	1512	1081	936	1368	1405	1144	924	1480	1602	831	841	1675	5597	1623	1549	1473	2062	2782	2549	1098	1012	1310	1803	1509	1689	1781	1347	5775	12488	862	1393	6325	5085	3532	6540	2847	1437	1408	947	1840	1599	980	1934	1287	2548	5358	2121	2394	2370	3076	2985	2649	1213	1386	1200	1183	2788	3619	4560	3050	2524	3731	2339	2731	5668	5095	1812	1496	1298	1302	1230	693	921	4218	2409	1011	1445	1689	879	911	835	1067	887	790	1840	1125	997	987	761	729	622	846	982	750	922	1052	1274	1566	1400	1325	1198	902	1121	1194	987	1233	1345	812	1021	1914	2728	1729	808	972	1296	1140	1779	996	1563	2252	1115	917	1905	1151	1446	1726	2181	866	1347	5484	5270	2187	1066	988	2481	1023	1393	1165	1436	1040	1419	2128	2939	2092	2447	3646	4002	4815	5780	3551	3940	2803	7240	3248	4045	3621	4841	6476	4122	4483	7116	6535	6497	6309	6866	6961	5687	4367	1517	1094	788	756	896	739	607	410	553	784	3420	558	777	719	657	745	817	619	842	1282	1402	2538	2787	1792	1870	3612	1447	2052	1939	2223	2171	1358	1512	1451	3131	2642	3183	3625	4985	3476	3178	2326	2545	2964	8152	2003	2874	2914	2478	7885	2269	2863	2730	2279	3505	2491	2333
3438	1793	1913	3387	2405	1652	947	1110	1068	2486	4281	2490	1176	1629	2729	2595	2885	1271	3950	2640	1810	4204	1456	2115	2077	3835	2860	1528	3144	4569	2071	6588	4591	3259	2688	3036	4843	894	523	1268	1216	720	1034	667	763	2992	1262	896	1562	611	401	920	829	798	315	988	459	306	310	471	395	1312	398	1568	14355	12618	10727	1368	314	483	364	1558	361	601	945	3413	3295	4032	3842	3933	3240	1635	2079	2369	3092	2308	3325	2535	5163	3348	2975	1785	3964	943	3008	7554	3982	3876	5327	3887	4528	9995	4949	2646	5503	2857	3663	4063	4448	5596	1568	1564	1836	15808	4057	2005	1949	2362	1590	2535	6147	2979	5123	2680	1563	1537	1362	1692	2051	2328	3489	1640	1730	1620	1493	560	1005	890	620	8827	670	9697	3774	2215	736	713	611	2134	2218	983	718	381	295	532	317	2817	2223	128	151	372	2380	583	300	783	1474	1511	307	220	340	1583	3023	834	2078	4547	8745	3940	2762	1267	3364	1597	2851	2474	3491	10691	11707	9847	5594	5826	7788	5966	7529	6124	8395	2167	3044	6985	2495	4357	4171	1655	1388	2917	3950	3702	2819	2459	3346	1990	3134	3539	8261	8419	5678	7789	6775	3520	675	975	357	747	1375	2260	1132	1062	3119	2017	1449	1421	1936	1579	1486	950	777	1705	4207	919	849	5693	1137	1339	914	1058	1600	1137	991	4913	3602	1680	1868	2871	303	496	1137	702	623	575	1452	702	484	1525	2932	1526	1238	1609	687	967	762	1817	3053	1979	1946	6459	2260	1773	3545	4999	6445	5638	3438	7972	4391	4357	4729	7995	5092	12725	2940	3748	3976	2720	1444	1146	1880	6693	8093	6284	5433	4272	2757	2002	2108	1344	2204	2381	946	1063	1241	889	5568	10475	9725	10950	6064	1890	3288	2260	4024	2677	1875	1422	820	920	2042	1461	3338	2305	911	2065	2100	988	761	836	739	10786	1386	1162	815	782	1770	2703	774	913	790	492	2791	1398	1239	602	598	927	2861	443	258	905	655	2084	1361	1023	1280	1154	1776	1433	794	1546	3357	1948	986	1060	1722	1813	2199	1673	1548	1909	1498	2423	4846	3973	5036	1705	2844	2147	5611	5879	1485	6998	14122	8346	2799	1467	856	1136	369	661	904	778	1819	4089	5230	5678	7116	1508	5101	1798	1415	760	486	538	454	711	968	670	4816	2755	3015	2219	3699	625	583	281	200	278	791	913	2181	2938	4124	5081	777	790	212	51	90	471	98	81	32	59	94	30	306	418	177	422	448	1564	1812	220	499	998	7719	27191	21707	786	517	1013	1401	957	828	1410	8143	4321	685	571	927	997	1321	1589	846	624	191	421	192	156	832	783	759	879	7227	6490	2930	2032	1243	3868	406	529	3017	4522	3377	459	951	2078	2332	795	552	2675	202	140	263	591	364	941	1001	5196	1577	1074	3002	731	428	707	410	4252	3456	1385	3531	353	139	756	520	1176	293	1320	342	356	308	9891	5988	2149	731	255	158	929	629	202	812	364	727	722	781	62	884	331	132	373	247	604	928	153	126	488	439	202	220	992	682	780	264	99	517	839	1289	336	208	3018	165	744	125	168	370	934	642	500	521	4288	4676	1294	1360	1133	825	1825	1573	1868	1295	3440	5413	3524	3443	1330	352	325	562	850	558	1071	1106	213	267	180	455	8795	1513	4030	971	1358	1908	986	355	1590	1725	6491	1843	796	140	289	2231	11379	15424	15362	14485	4298	976	1062	262	228	225	262	227	954	622	219	215	218	198	405	253	105	2454	1192	159	776	2601	1993	711	1842	518	963	2321	5798	3314	3478	877	1748	1373	4259	5131	4635	11856	4784	7423	5044	4224	3732	5927	5052	5258	6254	5571	5139	5228	4273	8408	4537
270	301	480	489	339	284	591	882	664	579	434	511	280	514	232	248	363	253	177	268	212	201	389	202	368	156	323	370	433	390	250	205	242	187	154	134	179	96	135	105	139	63	270	90	254	156	83	62	78	108	113	96	62	57	240	266	116	104	167	163	210	152	140	240	314	255	1116	467	312	379	268	281	432	872	436	872	326	289	336	273	265	405	555	970	1189	974	332	328	383	279	377	304	516	310	313	374	284	308	234	267	224	355	218	261	334	241	237	471	306	313	240	199	334	297	264	241	407	277	183	256	403	159	296	258	189	277	266	311	290	286	170	223	145	115	148	98	84	138	219	165	214	114	130	112	144	178	108	108	154	261	435	96	139	131	181	177	150	108	179	152	162	313	274	245	416	347	301	417	469	452	322	316	221	235	309	527	339	366	291	383	320	456	368	254	563	413	483	250	138	231	269	230	366	318	159	188	314	277	243	247	180	171	198	613	279	128	243	254	219	168	278	383	231	272	166	160	129	172	150	96	242	236	229	159	234	184	100	353	132	166	76	211	131	211	116	373	243	222	203	112	43	82	99	142	67	275	377	224	143	453	713	1414	346	298	496	321	497	570	634	766	421	321	411	357	456	353	450	372	313	413	587	379	391	380	339	492	631	311	351	426	515	686	487	308	372	336	272	183	275	240	362	200	233	181	404	200	180	146	102	181	193	226	302	273	381	300	331	177	216	189	377	423	290	353	338	183	270	102	198	178	145	148	123	166	73	43	41	118	122	140	163	128	105	103	114	221	133	303	229	142	84	135	153	210	125	117	79	80	118	117	135	189	213	289	210	260	195	152	122	206	197	145	204	339	219	143	133	171	264	205	171	98	95	127	168	328	103	104	117	204	96	116	310	259	111	185	155	203	71	223	84	243	224	133	184	182	394	497	349	377	287	223	422	499	180	140	265	226	119	222	134	94	127	117	311	317	381	155	83	220	83	57	39	64	117	108	121	210	113	101	31	58	134	94	67	53	117	228	169	114	76	105	126	111	263	74	102	170	125	87	36	278	290	133	172	106	138	157	118	111	136	206	149	176	231	150	196	117	133	149	122	104	216	243	160	93	278	677	574	588	570	635	279	151	99	146	221	122	116	137	180	108	78	95	137	94	101	88	91	144	139	206	205	116	98	167	130	152	137	123	74	133	109	96	138	120	104	106	59	71	171	75	145	143	100	90	97	55	65	90	110	119	154	131	103	18	84	141	175	107	169	216	286	203	235	324	331	194	226	281	392	337	350	409	467	412	722	682	897	479	464	592	499	275	320	498	393	502	370	261	335	286	421	252	251	223	284	317	237	223	199	295	287	312	343	253	288	280	132	220	219	339	214	194	151	165	213	113	369	119	100	140	147	105	125	156	85	194	101	51	129	167	94	114	148	116	121	166	96	117	109	130	83	463	536	111	71	87	130	89	74	93	64	101	182	194	233	258	228	279	208	366	392	255	191	199	244	477	331	237	393	403	458	498	617	408	528	520	344	313	278	437	207	556	331	356	376	403	309	305	262	242
3009	2273	2125	1729	633	532	763	18047	50935	48688	1238	459	2879	5416	5699	4607	5229	2289	934	1225	639	3580	6080	1289	587	527	257	501	480	618	680	1920	1690	1083	393	448	360	455	363	399	300	434	934	963	365	351	473	317	254	480	217	184	292	420	602	153	175	317	193	185	238	1073	310	347	193	1673	5645	5836	5453	5907	1345	2819	2873	2665	2419	2325	6576	2417	1348	3521	8223	6119	2028	1423	1257	2591	4217	5208	6156	6981	7340	6801	7259	6998	6551	3925	5512	4833	5009	542	1327	1599	2076	1916	3709	425	390	533	414	657	318	481	354	4344	696	617	855	2260	2009	1480	808	206	857	7555	353	734	4184	3991	3269	658	308	1415	389	578	967	440	1034	149	91	120	2319	5919	2143	2127	1844	582	161	194	221	241	222	222	412	319	218	235	330	771	3002	2533	3911	5122	2740	3642	3843	3841	4257	5536	6513	5425	6025	6924	3955	6101	5201	3691	3749	3761	5004	7890	7017	12395	14062	5827	3662	5330	3600	2651	3179	619	7403	2343	3233	2815	14370	6601	3909	257	306	288	510	304	371	1686	866	354	525	491	1896	574	446	554	345	298	351	379	499	398	271	397	191	334	264	411	443	594	431	452	421	370	369	355	553	302	317	333	283	366	266	183	292	538	641	260	381	287	318	242	341	457	410	267	382	367	273	324	841	632	716	2484	2945	4406	4343	4683	3703	2204	4045	4807	2337	3317	5981	3613	2832	1406	1237	1122	5758	4161	6187	6729	4957	4359	4957	6807	6886	3951	3609	1764	1776	2654	2102	886	1253	2545	4557	4626	3970	1650	1528	477	199	318	2188	3382	688	521	465	469	525	884	670	340	17573	6726	20217	1458	584	765	480	1303	4980	1928	948	328	383	515	433	327	356	360	362	996	487	482	410	504	396	359	389	233	536	2042	3071	1064	362	386	397	399	330	262	213	251	325	393	331	506	601	423	517	572	478	462	956	815	471	877	1096	1244	1864	1561	845	367	19285	9249	1794	1382	1227	2727	3452	8077	3746	614	549	503	766	756	585	667	476	702	553	1990	932	449	373	315	446	211	266	344	245	290	242	117	179	13215	146	171	2106	3638	3584	2202	562	3671	255	1941	3933	3817	2478	1677	266	273	252	281	168	174	182	228	152	141	161	196	203	240	192	85	117	93	120	105	274	225	1083	1755	121	134	193	209	165	196	128	232	168	128	148	186	7873	1851	131	258	173	497	1104	1261	1609	1226	3136	7376	7687	7277	7375	6769	13185	5694	4868	4735	4766	4706	1292	1240	975	1400	1295	1274	1107	1331	1386	1754	1556	1419	1341	699	873	992	832	1129	1056	1316	1723	2689	2035	1952	1754	1902	1811	1937	1921	1872	1811	1744	3107	5601	9031	2104	2038	1913	1850	1697	1544	1884	1513	1500	429	972	1280	1477	2626	1425	1441	1661	696	344	203	394	232	358	275	211	177	222	263	300	224	181	1006	313	267	330	240	179	231	178	186	288	240	147	286	237	336	227	205	4256	225	262	166	5564	7188	248	189	139	255	6297	9627	5464	1014	5290	3145	457	376	361	340	515	1554	3417	609	474	323	547	428	519	505	481	422	533	414	370	857	381	419	9553	9893	357	447	385	329	263	266	270	301	415	317	262	695	1031	204	219	184	250	137	177	145	183	282	144	177	255	269	168	180	209	322	399	324	1538	2199	2148	2163	3906	4591	5304	5451	7670	7745	7614	8869	22444	10407	9281	9512	7994	6508	6776	4199	5780	3279	10678	5329	6708	5526	6039	5087	1357	365	2797	2059	420	1106	332	1476	680	406	333
275161	263155	264294	270856	280567	261847	287050	248296	241789	242661	234751	222906	231526	240245	237565	228552	225296	219533	215360	209473	215648	216989	204249	211397	216357	210179	216759	215201	213330	204487	186456	191664	184612	183998	174086	171380	166852	162384	161730	154451	152448	135940	135317	136432	136898	129539	127103	121976	124428	128953	123397	121113	121041	116225	114467	108670	113910	111600	133036	135168	153806	161004	185058	199268	208210	233066	242326	269488	262940	281107	270746	270666	289901	282535	293197	301226	300996	312932	292313	312874	311470	314657	318121	313446	305616	319244	308781	323591	321437	313100	317595	315853	316435	299657	287774	282214	285846	267807	263505	257791	247334	236356	247042	233269	225032	231657	240880	240622	245455	234627	217461	212460	206750	232185	218598	213628	222868	220954	225632	224456	215943	217955	236485	218072	211227	204266	195316	187496	184489	218003	184616	178450	175337	167932	164949	156832	158330	155173	141996	152520	146979	146787	146619	132973	126256	126488	121931	119008	120289	119506	118962	125938	125651	124623	132112	150232	156070	168564	182395	206244	212808	222360	232502	251844	263013	261743	270570	272911	280476	303317	302612	310257	315580	301953	304960	297219	307551	315444	296395	302286	296923	300535	322978	303530	306395	320728	290305	297159	302061	272394	277307	271648	267101	252921	297732	280667	262102	224352	254427	233640	221682	227552	230461	236101	227977	217176	203147	201947	211718	206600	209565	204382	202293	203788	190639	189130	190860	187852	186110	189570	183249	186975	191084	182081	178658	170738	173437	166264	175256	152819	143123	144144	137168	135648	136642	121328	115423	113190	110570	110295	108192	104230	108015	111874	102315	100035	105091	110813	114498	124642	131377	139733	146023	162904	181111	181127	194934	208720	219917	235755	234534	245340	249427	264375	271436	280644	288340	287570	302719	311790	308419	297662	290663	322467	305266	300672	311861	325596	327545	293412	286978	287496	286940	271198	284182	274304	258436	258465	269690	245429	244967	224616	209860	224798	225998	230568	234995	233415	237479	234496	240410	214735	205579	217917	207134	204827	202703	188954	194401	197944	203925	208286	197254	205537	206779	190189	190701	193987	173836	167806	162609	153924	158326	161932	154714	142337	150880	161307	133282	127549	128700	126565	124253	122848	121304	120446	111605	110113	111677	107446	108959	106976	104554	108349	108353	118048	125350	136273	152979	148408	162660	183153	192806	195225	204293	226199	254878	249365	279122	275795	284362	296847	289619	299259	300177	287349	288640	279832	285891	278411	268475	279854	275333	262287	268387	259158	244329	249883	250585	239407	232531	223531	215519	233249	233633	219665	234191	239033	225338	223138	227696	206858	196742	198583	184755	189834	191862	173271	172108	175750	172173	167420	160975	162100	165813	166793	165346	183328	168512	164950	172913	171858	168654	169338	168213	160991	162046	166461	155442	199453	159194	142959	138171	136136	134277	126154	130182	123169	118861	49801	50327	49058	53129	49025	49368	51304	50912	50980	46650	56832	78787	93112	101051	105182	96096	105271	113537	117198	130225	123250	121472	137349	148813	136253	144034	170501	168833	161656	163133	180369	173733	152803	170287	176570	165714	170700	181026	164950	168809	163341	164476	170547	181732	181250	169494	172230	166002	170106	165361	165853	162400	157001	167885	170506	170872	180155	171274	172972	173057	155041	149609	153590	143853	139229	136863	150791	139259	148733	151883	156921	148745	156177	144198	136074	132325	147714	157802	161861	148139	138803	134785	135336	171754	126851	131596	127536	120698	117781	112265	142208	120766	110996	107948	107591	101392	102252	104765	98134	97221	104386	88475	95015	96699	99248	92870	99241	85812	97727	96596	96385	104286	98405	117023	106635	104713	112475	107504	108353	117474	134922	132120	138308	134430	142090	148018	137641	135858	151244	145912	150637	159671	156731	161424	155827	168845	158116	160969	154279	165931	171934	156969	158748	165979	166306	162103	159534	154580	163596	160848	160857	168486	167936	168522	181851	164653	156134	157037	155127	162586	170175	182038	178919	181392	178464	166693	169688	160333	158703	158729	178097	168858	174094	157480	163546	169098	167444	170771	163963	151252	149757	154619	127748	162996	120985	103872	101231	100493	104384	107094	99343	93628	91266	92873	97080	89558	92921	83841	89864	85918	87417	86612	87421	90792	93286	97416	112524	115352	136957	143304	155131	190126	199606	212677	218226	216926	217277	240828	240168	244202	274042	280826	284895	295382	305193	294688	302466	318732	305247	294865	288291	279986	270558	277025	286074	272823	282815	264590	265430	270243	265822	259447	239517
11508	10536	6416	6090	8721	13625	14262	10628	7212	3538	7957	10145	6236	3680	2707	1805	2241	2666	3220	5124	9274	10376	7916	5426	5833	4271	5063	6185	5703	5402	5761	7316	8261	4124	1385	1271	1561	1371	1274	2247	1404	1346	3196	3756	18175	29987	33496	30836	30351	28949	29497	28757	27411	27506	27557	28619	27314	26895	26748	27498	28012	26845	27020	27735	27853	29127	34318	27227	30348	32462	29323	31870	35174	36564	37898	39406	33388	33464	32641	37128	38331	39324	39606	39457	40047	39195	47620	39754	37817	41182	24197	31093	21322	12570	14458	12496	11857	10840	14320	15567	11963	11228	9019	10422	11276	12580	12274	11956	8248	11635	15223	10173	7466	13619	9657	10020	6889	7510	7533	7323	5761	5605	7303	9249	11004	14444	12669	7375	5849	3091	2265	2910	2663	1944	2193	3047	2072	2329	4563	9385	3283	8103	8074	5192	7602	3636	2074	2262	1836	4140	3568	2535	1366	2721	1515	5747	26765	15324	2850	3869	5687	5934	9265	14593	9286	10500	9610	12704	9861	6622	7201	5786	7342	10850	11174	8635	4469	5470	7508	6051	4394	3951	3754	8199	4793	4826	5862	5376	6459	6664	6165	6861	3771	7449	11805	12847	15182	9414	8206	6964	2974	2479	2214	3303	2111	2116	3349	1855	2087	4933	5057	7068	9210	3861	2181	2550	2078	2440	2496	4008	1826	2377	2170	2891	2784	2090	1790	1970	2266	1850	1910	2251	2541	2273	3201	7953	6118	11734	7365	3425	4767	8528	6101	4049	4356	6730	6597	8786	4998	2700	2695	2711	3100	3327	2664	4362	4708	3789	4826	3974	4254	5127	4228	4845	6526	6206	6294	5570	7904	10892	17344	16760	13706	9579	10706	11280	11281	9365	9594	8129	10325	7728	12208	11099	13146	9663	6965	6014	11452	14445	13535	9030	12370	25009	21681	16660	4835	5375	9843	7138	6955	6174	5936	6997	7362	12358	17515	11980	7719	6925	7146	7126	6841	8743	10159	6925	5503	5936	5696	5971	5859	5290	5874	6189	4992	5714	4669	4437	5988	5765	6858	6767	6747	9337	8583	8093	16789	21714	15059	9417	8609	2819	2082	2750	2923	5337	8215	7101	2054	5400	4302	4256	7887	7058	10726	7439	14063	11708	8751	12379	8845	13771	10668	15612	12886	6057	7257	8291	5411	7553	6456	19552	24830	13318	23831	31047	28920	16028	9541	5558	7089	7382	6923	12937	13823	10085	4393	3579	5391	5424	6302	7044	10975	6044	3431	4579	5463	3183	3109	3965	7239	5368	4745	2913	2653	2712	3178	5080	4882	2315	3050	1230	5551	5852	4475	7928	7170	6492	8387	3989	1786	3512	957	770	916	2203	2502	7911	6141	9354	9422	9791	7215	7588	7317	11329	8772	8792	7220	10629	10747	9924	6696	5511	4616	4243	8543	8032	6446	9510	9748	10274	9845	5697	3472	5455	3436	3636	4188	4343	7977	6437	6557	6864	7464	6827	5232	5368	3989	1951	1299	3374	1076	1290	936	1647	2074	1278	1461	1201	2211	1492	1527	2360	5779	4901	2307	4802	3868	4579	4347	6236	5396	4730	1773	1498	1381	1658	2894	1340	1311	1250	1415	2150	2318	2192	2694	3240	3724	4751	3143	1960	1455	1643	1906	1489	1376	1356	1630	1703	2070	1534	2268	1666	1664	2437	6384	5700	7929	6511	6961	10436	8362	4332	3329	2639	4096	1959	1674	2218	2490	3512	2838	3671	3076	4717	3326	2894	4543	7281	2351	2273	1762	1466	1852	1742	1756	2284	2542	5905	4999	6186	3598	3384	2236	2088	5148	807	584	1387	1421	14274	2860	2433	2524	2926	2924	2279	2412	1969	2266	3209	2982	5874	1609	1794	2019	5359	4448	1198	1056	2565	2515	4220	5678	6989	2580	2037	2334	2324	2159	935	947	2298	5778	6177	3683	2376	6075	13523	14482	15299	19919	17720	5947	1176	886	908	2829	11344	5819	2146	1022	3678	9074	8304	4362	5565	1336	4940	3401	875	1510	2148	7685	3734	3055	1731	1563	1838	2596	2016	5515	11282	13879	5732	5762	4227	3306	9872	11241	11832	11078	8667	4804	6732	8886	5231	7761	22384	14048	7246	4158	3382	8562	12353	13777	11234	16762	14941	9182	7997
750	868	778	548	918	978	949	817	785	875	1001	899	864	720	995	782	829	830	1113	509	574	419	446	604	339	311	506	346	224	192	456	320	310	270	301	44	550	412	843	1145	680	557	431	458	436	346	328	290	471	404	472	664	509	422	502	1190	384	333	377	266	418	347	567	358	409	484	250	449	266	577	466	323	531	342	275	300	476	380	528	1196	897	581	814	1151	1388	1227	896	848	401	3608	3457	476	701	1033	904	1121	956	1122	993	936	722	822	1050	830	785	560	796	931	1064	818	928	893	918	726	746	621	341	382	424	628	350	740	835	968	903	878	626	410	364	492	319	512	413	399	362	511	361	883	832	697	246	261	300	327	224	356	340	456	266	324	491	514	257	470	403	369	375	268	424	479	632	349	356	354	384	376	326	324	318	415	443	383	432	449	480	946	998	662	626	512	593	328	361	688	826	779	724	861	646	603	740	661	632	589	514	712	564	540	584	607	394	533	271	381	447	454	369	257	693	563	660	833	889	940	588	813	928	955	644	525	613	515	692	615	636	411	492	538	628	741	1261	589	472	538	451	623	433	561	569	560	648	662	613	847	799	717	762	740	450	635	562	672	391	472	277	475	501	494	508	699	334	581	503	559	474	795	893	718	676	839	606	976	790	628	543	473	468	1209	694	520	357	341	461	334	369	558	436	654	676	418	609	697	726	270	504	442	355	576	598	504	476	460	533	468	426	448	720	772	612	1038	209	441	1429	1508	1486	1380	1220	1155	1072	1159	1205	639	249	179	150	277	989	280	296	165	309	259	278	357	244	222	284	398	467	322	264	320	324	289	430	651	503	478	319	441	322	294	277	271	296	292	257	207	286	397	427	415	572	393	720	835	360	397	549	558	663	1087	2663	503	438	702	388	548	485	548	338	401	509	624	433	587	472	479	774	351	652	808	558	340	379	412	569	630	473	443	713	815	630	540	431	445	300	495	509	827	627	513	459	530	578	485	468	643	582	647	703	842	809	508	847	827	813	925	902	827	775	795	1281	1041	1075	1163	1431	1246	1140	1124	924	938	1242	1175	624	609	500	557	564	468	629	675	637	2454	2767	2251	211	309	216	150	268	208	302	259	245	209	184	179	401	589	649	531	474	502	751	515	610	710	733	1015	224	226	141	234	373	297	349	489	474	728	620	495	561	503	344	272	451	403	696	681	555	847	583	665	793	550	675	366	224	174	234	100	108	152	190	314	319	316	311	240	196	138	226	215	154	135	191	201	261	192	424	467	248	297	300	223	284	241	233	257	291	824	848	560	761	811	596	648	569	560	587	626	505	395	405	423	364	374	680	718	943	608	634	320	408	267	367	379	387	393	376	315	449	411	507	263	273	292	375	363	633	340	564	676	591	432	635	496	366	424	564	535	564	534	644	457	387	290	380	494	267	647	593	757	704	446	763	684	757	670	601	578	522	837	348	218	284	108	334	225	266	288	226	387	484	389	341	307	330	430	245	358	335	476	286	372	340	246	204	293	203	281	243	180	205	229	223	225	525	258	269	347	438	354	497	834	1192	513	728	388	489	483	445	461	451	341	620	605	475	808	1565	849
208	969	17	15	139	14	18	66	156	17	66	46	123	19	12	17	127	130	16	2	275	265	1461	489	104	41	27	10	147	4	2	49	202	2	37	37	61	5	2	2	324	1	2	23	142	2	0	77	426	12	2	4	120	3	38	14	182	0	15	4	153	1	3	17	914	28	3	29	216	568	15	49	140	199	378	121	387	78	86	93	198	25	84	52	205	22	44	35	200	46	32	103	272	147	166	136	190	8426	10134	10197	5959	23	6	64	433	27	19	428	140	4952	11693	12085	9092	6031	45	25	197	17	49	47	267	7	42	2	51	0	0	21	1378	10	34	6	1618	634	13	26	151	1	18	4	223	4	4	114	310	9	2	2	174	4	1	0	140	12	36	243	442	248	222	152	1797	253	277	316	633	4909	274	393	436	283	284	834	400	383	262	1159	931	627	462	156	270	276	90	6	181	75	26	52	234	122	138	108	525	8	14	12	217	27	40	101	174	32	40	98	126	8	9	27	80	180	8	68	406	97	93	75	241	6	15	4	148	16	0	3	221	15	3	2	121	43	35	4	83	26	14	117	2676	2102	1996	2160	1845	61	90	24	229	3	14	1	144	2	15	31	240	15	40	30	633	7796	11937	12348	14055	7841	847	70	322	226	156	74	192	176	45	118	416	43	22	80	302	32	118	180	201	61	108	95	341	75	54	43	421	7	108	4	192	98	12	55	4892	94	37	249	300	72	15	7947	3504	29	23	19	213	3	5535	9323	129	0	14	15	158	13	2	5	387	17	86	3	133	2	1	3	507	2	1	3	1148	1	7	25	2457	13	2	13	98	1	1	1	163	1	0	1	155	53	1	75	133	57	10	44	1469	1498	335	768	352	69	83	26	182	90	52	72	2955	40	46	18	839	767	188	133	288	640	86	66	292	12	566	20	292	69	7	30	98	28	11	31	731	112	15	26	1122	21	42	1	317	15	0	22	349	169	32	66	174	82	226	170	463	62	38	3	4081	19	92	27	210	13	25	160	1926	37	25	21	2256	0	1	1	166	13	1	0	172	1	1	1	86	7	1	7	150	3	74	1598	452	6	0	2	151	9	5	25	148	3	4	2	140	1	4	23	111	263	200	35	138	3	15	2	127	9	24	26	83	19	1	2671	5028	37	2	5	251	157	67	17	159	2	1	7	163	1	26	1	208	3	0	3	254	25	69	15	240	27	107	21	142	1	2	2	152	1	2	4	206	0	12	0	144	0	14	2	3508	1	1	84	558	1	1	0	139	3	12	1	107	13	2	36	215	1	14	3	1102	0	0	24	160	38	3	25	117	1130	1144	1897	2846	511	224	15	142	1	1	0	162	1	2	2	629	229	4	2	1126	1	25	1589	712	2	1	9	500	3	16	16	182	13	4	14	335	60	17	14	304	275	1	17	151	48	12	12	277	187	42	72	248	474	713	63	131	65	42	20	3976	940	5	12	312	14	23	0	1889	18	14	154	531	10	24	12	129	46	2	34	185	23	0	61	143	1	75	81	223	85	424	4	111	100	50	80	797	13	50	226	1085	33	44	25	246	26	73	64	256	94	165	168	244	368	51	44	183	518	186	11
4324	990	387	455	368	3215	149	113	150	154	567	565	4761	318	152	753	347	346	678	194	267	240	165	553	323	2015	971	1320	1930	1856	2233	2093	2038	2883	4027	2052	11345	959	173	345	184	441	127	426	155	368	199	231	430	174	322	347	189	200	269	631	875	840	814	229	188	168	88	1156	1447	3999	3036	4623	444	5181	846	1120	636	1360	4387	8669	1671	1431	850	48	886	1683	267	440	104	335	1408	2644	734	5561	120	252	266	182	133	340	359	517	1800	1495	2922	931	3172	972	1396	207	512	781	136	229	1155	1709	297	9873	240	204	3820	159	284	337	219	245	1446	5074	2380	3636	2101	1928	2289	2023	2207	1635	1959	2114	3138	3036	2038	2525	3080	6784	2077	3247	4122	2382	1992	2954	3712	2085	1896	1982	3679	4770	2564	2226	1772	2217	2199	1951	1934	3063	2024	2523	2717	2057	2466	5280	3139	2643	3269	3165	3128	5180	3493	2890	2969	3002	3183	3524	5107	4891	8766	8603	16913	4106	9812	10420	6038	1614	2432	3290	12304	1498	1853	2428	4429	4571	2614	2360	1168	3917	3540	2057	1663	2676	1416	2019	1805	5297	2149	1522	1260	1342	1278	1829	2042	15424	16141	9361	2937	1391	1841	2269	2112	1591	1460	1377	1337	1697	1635	1395	1393	2144	2407	1143	1217	2651	1102	1170	1186	2154	1289	4139	2528	1491	1470	1212	1082	1125	2593	5983	5863	1726	1126	1158	1098	1052	1260	1279	1244	1298	3955	2478	4022	1275	2808	5023	3468	2381	3059	3027	2973	4027	4107	3322	1757	1729	1629	2158	8511	2455	1592	1509	1933	1682	1630	1156	1465	1344	2078	1779	2083	2088	3568	8368	2850	2194	4046	3207	1789	2031	1382	1364	1501	1329	1746	1897	1905	1134	4735	5990	3476	3497	671	1366	865	2149	6085	1211	1180	1309	9295	92	919	105	695	580	170	248	390	88	16	36	41	1314	122	1321	281	1450	278	696	440	404	4177	64	71	524	2191	1428	710	279	92	219	5941	1723	2527	42	314	339	180	175	1102	1392	4032	2565	287	960	1649	1272	512	932	328	1521	295	566	704	774	4251	517	130	374	4627	6964	744	3513	75	737	140	2194	2713	2031	342	2391	842	874	1126	1603	5300	5316	1092	564	1298	746	316	1794	570	1338	117	450	378	500	934	3758	4695	2621	2254	6120	2452	2491	4254	4205	3838	2524	2789	2779	2887	2202	2037	1902	2014	1355	5447	3575	145	18	16	6733	114	63	43	417	1302	165	2809	2252	1676	2966	2015	1833	4394	1878	1816	1996	2051	4283	1997	3183	2572	5080	2417	2915	1886	207	545	1126	343	151	2330	1067	649	624	224	115	1030	2983	3251	253	311	652	2406	1922	765	370	181	221	139	2684	416	512	1636	204	510	405	407	74	705	657	144	97	243	909	2028	866	144	355	13	2	36	102	2313	1793	1799	3798	25768	236	168	20	964	646	67	393	464	223	1349	888	65	124	57	179	853	100	1633	37	296	28	1423	148	328	919	90	490	112	103	86	105	446	90	3453	1901	937	71	41	1859	1021	699	834	1168	322	245	651	119	312	624	238	663	697	1383	1235	1033	1293	762	566	778	1658	959	490	267	257	205	336	220	1144	865	2695	1806	906	371	294	316	6555	8280	553	616	1525	1432	492	314	380	682	5658	11470	6630	96	816	702	228	154	1209	111	214	1380	2399	393	359	1323	2720	226	5011	130	209	239	199	532	833	45	112	220	43	49	117	26	213	51	100	70	846	314	238	78	1522	3510	2439	1172	412	1451	1304	560	1330	593	1428	2734	793	1406	1398	6888	5885	3404	2362	1044	1338	928	1007	9623	2060	549	2097	1744	4495	3069	2054	5439	10626	13053
2210	2795	2441	2015	1888	1745	2243	1997	1953	2104	1654	1432	1629	2512	981	1237	1280	1156	1230	1218	1612	1990	1820	1857	1720	1585	1399	1873	1714	2615	1948	1499	1520	1106	1532	981	1163	1381	1345	1119	1339	1279	1160	1116	858	1062	889	1117	579	664	571	540	697	718	941	1266	1075	804	753	711	825	537	805	834	1236	1732	1918	1442	1416	1376	1345	1275	1442	4026	2213	2132	2381	2500	2623	1917	2938	2628	2711	1550	1429	1295	1512	2161	2115	2047	1141	1368	1815	2270	1765	1484	1811	2483	1715	3533	1874	1621	1375	1405	2260	1295	1827	1923	1594	1766	2352	2526	1859	1314	1160	1305	1089	1170	1415	1202	1501	2908	4132	4085	3915	4822	2664	1694	1180	1253	1230	1315	1280	1147	1787	1323	1029	1174	905	1122	743	870	720	951	804	691	565	723	748	791	554	771	620	516	678	503	613	638	805	1131	1166	991	1239	1329	1321	1356	1665	1819	1414	1495	1350	3319	3058	2236	2777	3443	3784	2220	2658	6289	2568	2963	2999	3169	4699	5004	2679	1732	2318	1981	2068	2636	2623	2592	3488	2350	2191	5060	3564	2026	2105	2079	1796	2645	1951	1352	1615	1598	1944	1685	1615	2028	1343	879	1089	1060	1015	1181	1112	1500	1308	1393	1153	1113	1290	1003	1119	860	989	1071	1173	1239	1274	1677	1527	1486	1453	1458	1210	1236	1198	1207	824	1245	1084	1138	1339	1184	1078	1129	1281	1072	1241	1173	1287	1334	920	1246	1493	1737	2065	2188	2532	2339	2489	2377	2458	1837	2846	2694	3143	2768	3245	3156	3477	3095	3108	1820	2090	2620	2784	2035	1838	1898	2015	1801	1374	1290	1929	2347	2469	2655	1890	1816	1556	2477	1845	2156	1997	2708	2591	1938	1980	1419	1323	1626	1348	2679	5730	5920	6146	5958	5654	5333	5710	5847	2545	1527	1455	1012	819	811	897	1086	1490	641	565	564	517	476	580	716	796	700	717	745	546	1002	914	767	1028	766	602	493	716	480	541	516	855	935	677	2243	987	808	675	747	1228	1133	1372	1251	1914	2359	2335	2193	1629	1581	1914	1631	2232	2136	2291	2036	1744	1589	1684	1420	1672	1802	2088	1659	1263	931	898	1180	2158	1568	1417	1322	1665	2046	2754	2218	4367	5864	5048	5290	4932	5785	3982	2425	2807	2505	1210	1465	1382	1674	1153	1042	1236	901	611	969	859	1300	1158	1346	1455	882	669	713	675	874	507	786	630	805	546	551	673	380	503	610	801	1000	435	424	566	1107	512	841	513	616	670	399	755	622	572	440	428	382	332	645	550	563	560	521	554	994	2316	2847	2027	1577	852	468	925	839	903	1408	505	727	857	674	949	684	534	492	733	462	721	1400	1843	458	429	519	709	509	683	674	701	739	691	656	515	955	1704	1248	1042	974	3554	4184	4019	1284	2070	936	668	636	728	649	807	884	873	681	745	614	640	549	1875	1925	1431	1803	1594	723	547	558	482	430	367	539	455	602	456	558	512	388	353	361	341	338	318	276	461	477	349	673	296	315	574	235	297	358	573	499	637	566	653	709	382	706	413	364	861	2104	1750	602	840	1445	749	676	483	413	436	432	1321	2715	3637	1436	1460	1146	478	763	716	492	439	800	1655	789	414	510	730	526	399	484	327	322	507	606	771	753	713	547	516	616	432	424	407	365	494	261	310	340	541	1653	332	277	504	317	495	656	444	450	312	373	404	347	323	235	403	302	450	401	484	419	307	342	327	328	452	647	1418	499	595	1065	887	1313	1126	1252	1250	1173	1531	3118	1872	1180	2010	1132	1228	1154	740	800	924	1031	1175	1206	957	1242	1066	1016	1571	1357	817	714	746	622
3089	3604	1227	1971	2210	2364	2705	2542	1625	1939	2105	1324	1426	1232	1523	4922	794	927	2309	3698	4646	5311	3543	2416	1191	1702	1817	1693	1706	2636	1591	878	6264	2263	1953	3755	267	315	365	272	457	223	330	645	562	1400	3766	451	832	166	386	1125	209	692	192	531	273	335	815	328	218	429	370	373	758	459	602	811	515	494	464	594	467	392	342	483	450	712	922	828	432	838	447	2405	631	681	1006	1063	1452	2774	959	756	869	419	2013	1501	1670	638	1067	2253	1121	841	677	819	943	845	840	777	431	2544	1935	666	566	8729	1603	1343	542	932	668	638	864	525	811	1258	643	608	607	603	873	745	901	1693	975	1116	979	1570	1087	810	2065	991	547	1719	726	872	828	1623	763	1160	628	681	426	1368	958	878	675	873	2732	1970	1753	3014	1948	901	2728	1470	572	1904	1500	866	454	622	628	1341	1536	759	920	1517	2106	1615	1081	1283	595	8938	2182	1734	397	4204	383	274	620	668	1150	657	540	412	2285	16220	10421	574	497	1353	483	576	928	1827	1897	330	1624	1010	891	2420	3382	590	762	1270	324	746	430	553	1035	1055	2690	2617	291	254	2792	258	274	670	3497	658	666	660	919	560	457	566	452	623	1054	822	930	503	1727	666	614	651	12958	851	1042	776	556	2724	2047	2495	2294	1502	2578	2107	7021	5968	4358	2392	2281	1117	2151	1681	1808	1044	932	955	920	1013	1301	982	741	817	7806	2307	1775	1878	2554	2577	4008	3297	2918	3815	4355	1275	1477	812	644	1804	476	1382	1080	305	1072	2195	4150	514	738	627	565	5797	675	884	417	296	1087	749	945	1539	439	1667	949	2764	313	625	509	2180	3820	3275	3782	3953	1153	965	1203	498	727	340	1694	1275	1833	1601	886	1306	1138	852	1318	820	336	160	353	419	145	332	211	191	220	173	169	209	338	133	123	228	481	851	2197	353	778	847	323	1650	562	1159	900	510	954	614	530	644	543	1926	2866	4275	3723	2374	2708	142	251	1068	721	1343	352	920	422	355	402	704	608	596	546	412	705	1194	528	193	169	210	375	363	832	3795	506	218	204	205	365	375	488	539	286	278	288	478	394	541	340	421	480	341	778	352	349	164	315	537	508	403	200	200	205	145	117	276	130	95	63	129	156	82	247	820	146	140	305	569	316	287	547	1139	1422	977	340	379	336	626	251	366	784	736	2386	136	343	212	5626	2026	300	312	344	275	1955	219	326	395	204	338	435	1967	3093	338	251	332	328	452	340	403	908	152	395	1424	476	270	372	2181	2965	3075	3065	3484	3834	3243	3393	1030	380	344	338	951	1011	452	365	227	131	946	338	933	98	109	432	233	1309	489	222	269	184	254	276	131	992	153	76	754	300	64	106	268	771	150	127	222	72	111	206	199	404	995	1636	431	155	92	346	94	243	713	459	744	592	848	911	342	169	537	1863	393	337	260	292	284	2309	1004	1473	2794	1742	1980	1232	260	290	879	508	794	1038	535	412	446	1043	879	1557	1087	1600	2296	2502	1282	1609	2104	2678	1508	1716	1274	365	387	1091	1259	1223	1748	4031	5397	3147	1253	4384	1618	2551	1422	940	1322	1565	1351	1631	1872	1384	1501	1681	1330	1192	1374	1782	1832	1516	1569	1429	1629	2037	1336	1861	1644	1612	1153	1535	1405	1543	14889	16768	2433	2646	6622	2519	2868	7086	1953	2197	2000	2797	1999	3909	3210	3419	2384	2419	1989	2328	2092	2170	2321	2132	1650	2074	2266	2188	2341	1848	2552	3753	5813
33	1727	592	32	1641	40	111	59	13	1135	1259	961	1251	1222	42	159	22	22	67	131	9	141	23	18	34	512	338	135	144	93	10	13	7	25	178	29	40	27	1	0	1	2	1	73	12	3	1	95	1	35	1	13	3	4	1	24	12	1	1	24	39	2	1048	218	87	108	469	138	14	60	1649	1394	38	185	36	3543	8354	2275	2995	84	465	3818	39	621	2363	2021	2224	2487	2242	1999	1729	1635	518	63	37	119	412	5	11	143	52	12	54	37	37	1	90	12	58	2	61	3	12	13	2	38	11	38	1	330	119	288	444	25	131	2	158	11	170	72	2	3	13	61	24	12	11	0	127	37	92	0	2	1	1	0	13	10	1	0	0	1	1	14	5	2	1	1	12	108	37	17	25	5	83	61	13	14	1520	1331	341	333	607	564	549	1395	343	95	153	360	1275	84	51	13	24	35	242	77	223	60	743	20	28	14	36	27	27	23	118	10	7	494	30	133	39	7	147	16	1	71	9	14	5	5	1	3	5	2724	3	132	21	12	44	239	22	73	122	499	1186	1109	13	3	5	51	17	78	18	7	7	76	10	24	30	27	128	19	21	37	137	1	1	67	6	4	6	42	339	219	48	129	41	32	183	4	151	13	46	132	1	26	14	49	237	126	687	1112	711	121	24	110	31	2	71	62	54	121	24	44	5	313	15	13	14	1	14	168	36	12	8	22	18	28	81	88	5	2	2	3	2	26	73	25	25	62	8	36	36	37	54	2	73	31	66	814	1863	1071	2	1	1	0	12	191	35	1	14	51	24	0	1	61	12	11	0	1	3	12	1	13	13	1	23	134	50	2	205	463	26	374	26	36	98	99	74	14	205	192	142	586	27	111	16	973	2093	1850	2021	2602	2240	1944	2142	966	791	21	52	335	84	19	2	92	17	5	15	37	79	173	60	81	77	8	26	7	12	2	49	80	2	0	193	37	2	2	104	266	254	181	204	72	0	14	165	328	1140	360	96	20	25	36	1	74	24	2	60	59	3	1	12	5	0	1	2	35	1	1	61	12	0	3515	1257	313	0	0	1	13	205	174	11	998	409	36	0	109	61	8	20	60	0	25	26	863	753	0	3	12	0	34	1	13	2	5	12	15	13	23	1	0	51	25	2	1	2	1	2	0	7	6	1	44	1	2	282	26	114	14	80	13	1	122	2	1	3	0	1	2	3	0	192	1608	0	25	3	8	1	1	1	72	2	1	12	25	61	143	1	17	39	13	1	5	1	4	0	1	12	1	1	1	17	1	1	59	590	348	254	49	540	12	38	15	25	72	2	85	12	5	1	1513	1240	48	0	0	50	144	26	380	5	4	2	8	15	4	4	40	51	271	126	103	37	27	98	30	4	3	181	16	218	96	1	1	4	51	4	14	25	143	74	9	7	66	6	42	6	5	113	569	1805	21	46	13	8	8	31	8	7	15	34	35	11	9	11	23	25	6	12	22	8	9	13	12	10	8	18	10	14	63	492	251	5	3365	1308	1517	1188	562	2	97	711	519	925	4863	1140	303	624	1336	2384	8846	2909	2946	2771	2803	2019	301	62	118	3	6
349	181	309	184	216	104	161	546	236	244	298	178	239	84	158	208	265	99	260	174	370	130	715	227	408	422	531	309	159	221	73	99	154	95	117	306	107	183	112	153	94	157	36	137	131	92	123	86	73	107	78	223	172	283	320	189	363	129	85	318	76	362	509	296	464	416	1057	968	620	1052	959	837	1129	386	321	154	144	138	114	148	218	128	67	45	296	56	149	375	331	235	196	229	186	258	282	336	272	191	645	1717	720	231	198	113	83	467	118	153	165	237	139	274	467	188	100	211	165	43	237	145	266	150	143	158	188	33	170	221	178	340	159	316	188	136	466	85	135	176	102	165	81	153	227	122	218	443	406	447	597	706	1126	433	403	389	227	346	259	211	357	367	341	805	659	363	310	296	247	751	314	452	344	158	159	237	120	121	104	77	183	140	152	138	150	222	164	181	136	234	379	235	266	342	585	1184	405	237	296	258	303	166	146	397	556	347	224	147	368	233	346	954	4901	683	177	238	184	728	1411	735	527	1636	186	178	219	2896	63	94	194	330	121	127	846	106	87	57	171	290	444	144	93	562	707	57	70	174	200	934	268	295	422	258	286	172	180	351	307	201	497	601	450	393	227	530	410	232	299	245	277	339	461	301	185	642	381	233	408	293	234	202	89	88	106	268	220	114	130	599	352	221	161	300	398	379	536	269	229	235	264	130	110	231	440	50	2013	136	314	1976	198	225	400	357	454	463	366	210	226	393	42	86	164	173	152	64	93	258	93	75	141	65	109	256	106	151	481	508	125	94	138	249	332	223	163	164	187	177	67	127	626	190	208	308	196	108	115	474	128	264	196	234	180	245	209	135	310	191	186	140	125	109	128	370	50	117	62	108	86	99	218	197	189	108	99	1212	498	233	83	4868	1702	225	163	119	141	362	104	387	243	199	278	1126	3255	2192	144	111	72	245	506	118	112	200	2184	170	544	89	178	207	76	84	100	72	244	33	153	389	78	338	69	40	31	129	26	95	25	104	387	93	101	124	207	415	732	739	1094	702	957	1295	1264	1194	810	225	210	135	162	244	83	21	55	161	54	32	1710	120	53	52	31	75	116	67	126	1315	106	64	69	81	17	49	69	84	30	23	36	73	613	89	56	63	87	54	63	61	103	82	77	70	306	57	162	398	49	67	325	250	94	53	181	48	55	100	136	215	761	368	590	251	25	93	74	84	57	48	35	41	52	120	48	45	75	44	98	183	99	62	160	240	129	188	459	235	264	784	184	309	189	243	195	276	248	119	219	38	40	29	76	40	93	56	149	61	49	124	59	56	67	101	41	70	66	25	27	72	36	49	56	51	30	31	25	30	143	223	145	64	24	43	30	55	93	46	60	42	49	66	133	1811	162	106	82	67	28	57	49	63	40	105	36	37	181	38	34	613	187	260	138	231	163	30	478	336	156	239	141	499	349	364	547	592	889	510	249	279	273	335	402	253	229	255	273	218	209	225	110	226	139	290	113	205	264	209	321	122	79	94	34	122	127	96	78	56	46	85	103	127	111	50	60	44	110	66	239	162	65	173	407	162
4233	2647	3258	2719	5240	5780	6062	5445	5621	4779	6142	5077	5464	6259	6453	7838	5736	8093	7112	5403	5855	8613	7074	9296	8396	6578	4855	4225	1556	1637	1574	1183	2444	1685	2176	1746	2585	1731	1411	1876	2143	1478	2014	3304	7527	1929	1047	1493	1177	1000	1598	1160	976	1944	2019	2975	2912	2852	2489	2456	2198	1572	1547	1349	1461	1721	2448	3329	3298	2887	2432	1117	870	1195	2729	4034	2324	1306	1635	1233	1296	2499	1784	1752	1588	2032	3119	1433	1161	1254	1766	1975	1782	4230	4442	3498	2062	1490	2137	2733	2775	2432	2868	2466	2202	2500	3492	2754	2968	2313	1809	2919	3639	4404	4445	3734	3048	2449	2784	4320	3705	2945	3020	2562	2475	2800	2373	2613	3360	5052	2702	2652	2511	2491	2909	4120	3268	3349	3351	2895	2707	3205	3467	2957	6853	10056	1909	1606	2142	1791	2038	2127	2240	2715	2995	2549	2664	3178	3096	2867	3625	3152	3083	3631	3457	3103	3621	2039	2187	2276	2405	2379	2667	3893	3875	3965	4506	4065	2952	1872	2160	1832	2138	1773	1725	2192	2081	1848	1729	1942	2689	2522	3870	10060	9063	8946	12185	6047	7342	7677	5861	4546	4843	7535	6101	4315	7735	6812	5466	4832	8052	5697	6283	5946	7743	8612	6503	6769	4655	4049	7019	5314	7808	5082	4297	5502	6210	4880	7326	7368	9856	5152	3935	4471	3552	6319	4834	7079	11092	9812	9630	8103	5821	5492	5105	4340	3683	5120	3504	3369	3292	4714	11393	9641	10676	10191	6061	4494	9456	12407	9411	10293	11990	8793	10363	6841	7840	5551	4920	6308	7952	4634	3687	4571	7824	7768	3572	2562	2709	2246	2059	3423	2868	2025	2158	2401	4977	4554	6392	6326	4391	4836	9982	5289	4980	4782	4848	2721	2144	1825	2144	2772	3004	3271	4122	7500	4744	3406	3956	3630	3529	3378	6256	3197	3033	5282	3131	2833	1933	2212	2422	2265	2565	3312	2222	3059	2616	2571	3271	3742	3793	3038	3664	3164	2656	2763	2138	9086	5361	4982	3392	2556	2489	2442	2324	2181	2886	3078	2868	2355	2506	3429	6225	6265	4294	7416	6841	8904	9456	6096	4849	7267	6855	3856	2930	3771	4403	1436	1659	1978	1757	2058	2018	1757	951	1007	918	789	1045	1090	1285	1203	1615	2256	2363	1831	1606	2682	3427	2298	2785	2401	3313	1710	2779	2432	3550	2724	2063	2642	4234	4517	2902	1999	3096	3042	2525	4013	2838	1556	1369	2004	2952	1877	2470	3902	3579	5391	1576	1597	1531	1283	1125	1048	1132	1136	1477	1682	1434	1749	1591	2109	1596	1715	3129	3914	3249	1190	1447	2171	1944	1830	2361	2877	3490	2602	3052	3048	2083	2309	2616	3363	3349	1915	2169	1353	1231	943	1051	1484	2177	3294	2650	2352	2124	2475	3026	2362	1503	978	1059	1063	1030	1079	1129	1004	904	1057	1857	1016	1070	1235	1623	1666	1348	1399	1291	1657	1439	1260	1740	1016	1087	1093	1082	1027	1220	1210	1876	1346	1460	1545	1423	2986	2001	1683	1648	1509	4215	1337	1577	2521	1943	2774	3374	3398	2186	1700	1652	1998	1614	1387	1392	1329	1145	1095	1413	1342	1475	1305	1322	1963	1427	2228	1485	1763	1572	1643	1523	1742	1871	1624	1532	1238	1117	1049	3267	1988	1703	2148	2370	2419	1350	1588	3835	2305	1449	1467	1711	1335	1169	1066	1080	1072	1023	1189	1155	1202	952	1305	1506	1756	1256	779	849	939	1056	726	625	769	1340	1055	1272	956	1025	865	1222	816	1050	1099	1082	990	1089	1633	2252	2060	2610	2847	2773	5909	2958	2299	1033	4316	2788	1252	1366	6351	5287	1072	1015	770	1013	925	1258	814	1164	1080	772	937	935	1300	1215	1357	2819	2274	2533	2663	4104	5151	5485	4558	3558	4077	3499	4356	3928	5030	5019	4964	4631	4642	5646	5638	2304	1934	2538	1866	1907	1906	1592	1422	1481	787	809	967	847	880	1546	1614	1499	1715	1653	2487	2959	1664	1943	1972	1737	1997	2459	1733
265	431	336	584	554	720	496	554	688	256	301	381	482	527	573	426	436	480	377	477	235	299	162	270	518	245	409	379	2158	3096	2367	820	566	2421	2882	2267	305	276	150	251	343	243	257	295	267	286	305	305	329	521	573	282	300	240	150	216	194	213	190	103	145	190	241	377	282	775	588	330	293	357	449	466	311	464	357	381	384	554	339	562	543	562	408	625	694	366	726	650	297	318	224	546	306	335	344	390	410	426	382	491	422	576	440	404	671	347	364	317	302	167	315	185	419	789	995	1065	1016	868	683	1018	597	647	419	601	373	390	490	696	680	539	713	1011	1117	1051	810	880	476	278	444	310	314	239	206	243	158	397	265	285	134	245	239	227	216	228	89	147	151	172	279	267	151	164	233	253	293	261	251	255	263	360	260	1199	3922	1986	1319	1249	1269	1230	1241	1345	1069	1375	992	668	345	334	500	655	642	500	623	485	340	477	469	976	877	765	641	750	576	1021	545	707	404	615	400	678	487	144	294	330	246	229	210	301	562	693	805	746	1244	957	854	195	296	239	607	713	755	632	431	508	587	809	796	595	553	460	625	673	474	404	424	409	428	621	835	729	716	754	705	764	823	1086	902	852	711	612	770	857	1789	2650	861	587	607	482	692	480	543	549	417	520	510	332	400	476	347	308	249	289	333	461	2565	2241	1015	290	906	420	364	429	386	561	495	389	430	452	429	431	781	877	478	281	366	383	321	290	405	261	399	284	960	236	537	512	425	208	200	313	227	258	229	417	200	350	190	194	282	354	335	342	276	355	214	434	756	904	840	804	533	723	624	698	1007	1073	1507	1248	1185	769	787	1060	1027	485	1002	634	1028	781	664	784	630	791	793	812	559	670	601	642	747	613	315	334	262	297	542	375	405	414	460	312	451	464	394	313	429	344	492	473	472	329	339	341	330	3977	438	542	433	497	375	330	2068	2845	354	474	1002	438	1034	463	269	341	187	559	650	520	407	254	268	447	358	345	317	366	308	265	233	214	313	360	336	374	315	400	276	346	286	178	355	229	357	219	178	305	316	302	279	184	461	249	289	244	255	277	134	184	167	229	195	135	330	170	190	216	165	109	113	221	192	204	291	176	200	133	208	102	172	199	218	210	318	94	121	134	197	185	261	224	309	306	458	285	209	302	189	217	182	205	320	832	184	201	137	226	173	225	145	125	151	265	232	168	282	340	405	235	249	479	219	332	362	150	178	135	224	211	179	239	185	110	126	186	189	199	230	421	297	253	227	188	522	326	163	333	181	248	143	118	109	306	345	282	184	198	331	248	345	412	507	494	296	220	233	458	191	211	216	145	166	204	220	242	317	228	161	178	136	250	178	190	221	233	294	299	173	180	218	468	333	275	322	164	136	146	158	273	184	246	149	251	232	243	273	354	200	194	222	208	214	257	213	201	276	270	291	281	243	284	355	400	340	434	343	352	239	278	283	438	340	486	279	450	301	405	641	1471	1082	966	970	1086	856	1003	891	876	804	724	1375	1032	1450	1408	1366	1353	1226	1508	858	935	1038	982	1049	1138	1182	656	605	608	533	795	980	978	825	412	340	496	834	924	1061	498
0	0	0	0	0	0	0	0	0	0	0	0	0	0	0	0	0	0	0	0	0	0	0	0	0	0	0	0	0	0	0	0	0	0	0	0	0	0	0	0	0	0	0	0	0	0	0	0	0	0	0	0	0	0	0	0	0	0	0	0	0	0	0	0	0	0	0	0	0	0	0	0	0	0	0	0	0	0	0	0	0	0	0	0	0	0	0	0	0	0	0	0	0	0	0	0	0	0	0	0	0	0	0	0	0	0	0	0	0	0	0	0	0	0	0	0	0	0	0	0	0	0	0	0	0	0	0	0	0	0	0	0	0	0	0	0	0	0	0	0	0	0	0	0	0	0	0	0	0	0	0	0	0	0	0	0	0	0	0	0	0	0	0	0	0	0	0	0	0	0	0	0	0	0	0	0	0	0	0	0	0	0	0	0	0	0	0	0	0	0	0	0	0	0	0	0	0	0	0	0	0	0	0	0	0	0	0	0	0	0	0	0	0	0	0	0	0	0	0	0	0	0	0	0	0	0	0	0	0	0	0	0	0	0	0	0	0	0	0	0	0	0	0	0	0	0	0	0	0	0	0	0	0	0	0	0	0	0	0	0	0	0	0	0	0	0	0	0	0	0	0	0	0	0	0	0	0	0	0	0	0	0	0	0	0	0	0	0	0	0	0	0	0	0	0	0	0	0	0	0	0	0	0	0	0	0	0	0	0	0	0	0	0	0	0	0	0	0	0	0	0	0	0	0	0	0	0	0	0	0	0	0	0	0	0	0	0	0	0	0	0	0	0	0	0	0	0	0	0	0	0	0	0	0	0	0	0	0	0	0	0	0	0	0	0	0	0	0	0	0	0	0	0	0	0	0	0	0	0	0	0	0	0	0	0	0	0	0	0	0	0	0	0	0	0	0	0	0	0	0	0	0	0	0	0	0	0	0	0	0	0	0	0	0	0	0	0	0	0	0	0	0	0	0	0	0	0	0	0	0	0	0	0	0	0	0	0	0	0	0	0	0	0	0	0	0	0	0	0	0	0	0	0	0	0	0	0	0	0	0	0	0	0	0	0	0	0	0	0	0	0	0	0	0	0	0	0	0	0	0	0	0	0	0	0	0	0	0	0	0	0	0	0	0	0	0	0	0	0	0	0	0	0	0	0	0	0	0	0	0	0	0	0	0	0	0	0	0	0	0	0	0	0	0	0	0	0	0	0	0	0	0	0	0	0	0	0	0	0	0	0	0	0	0	0	0	0	0	0	0	0	0	0	0	0	0	0	0	0	0	0	0	0	0	0	0	0	0	0	0	0	0	0	0	0	0	0	0	0	0	0	0	0	0	0	0	0	0	0	0	0	0	0	0	0	0	0	0	0	0	0	0	0	0	0	0	0	0	0	0	0	0	0	0	0	0	0	0	0	0	0	0	0	0	0	0	0	0	0	0	0	0	0	0	0	0	0	0	0	0	0	0	0	0	0	0	0	0	0	0	0	0	0	0	0	0	0	0	0	0	0	0	0	0	0	0	0	0	0	0	0	0
88	78	304	172	80	134	101	53	183	168	216	258	69	80	12	248	71	21	56	216	58	218	243	187	217	282	197	423	206	390	1355	533	254	375	513	235	393	233	227	295	502	385	142	75	38	42	160	16	15	94	49	161	803	831	743	38	70	50	58	51	49	39	34	29	50	181	18	27	32	42	47	58	35	35	186	51	73	76	57	61	81	39	46	61	36	92	103	169	220	122	146	113	164	199	88	113	55	36	100	98	100	76	33	53	81	21	68	98	149	144	82	59	70	46	49	20	104	69	78	915	57	50	59	188	270	358	221	166	329	421	250	314	332	129	132	624	86	107	262	227	293	306	121	21	83	77	30	94	75	56	96	41	30	68	52	154	90	41	46	84	45	85	58	161	124	72	178	143	150	110	168	75	56	150	64	60	169	124	85	56	65	60	53	25	38	64	93	161	283	470	426	298	668	533	215	339	264	326	570	771	343	289	226	101	382	316	120	254	193	352	479	734	588	179	303	141	95	78	92	72	76	78	381	298	318	349	335	95	59	1114	1062	1023	625	722	174	168	192	102	140	79	59	94	445	230	786	1546	1153	1240	1069	1172	519	339	580	462	508	458	490	166	126	119	81	188	228	291	82	96	160	69	47	80	80	83	120	43	132	54	59	146	142	149	220	242	143	171	172	127	159	105	87	52	28	82	54	82	116	149	71	92	420	1761	2029	2101	907	49	64	54	98	131	356	98	75	178	181	106	120	68	43	71	72	29	179	63	401	425	430	188	27	28	42	48	66	26	27	17	106	5	7	51	82	683	257	117	178	110	132	856	1153	175	175	114	101	647	870	114	130	141	90	147	194	295	174	198	222	207	338	347	206	233	245	246	220	258	141	164	158	130	185	132	168	137	95	57	57	47	48	51	59	21	36	65	67	46	84	93	130	130	119	104	117	104	163	200	27	171	51	19	50	323	94	36	16	71	45	30	9	149	76	78	89	26	164	4	54	58	14	9	51	53	69	44	109	35	18	44	52	16	116	109	189	40	70	51	91	18	30	11	26	109	39	108	88	69	168	63	53	72	71	186	199	104	116	89	86	205	156	184	182	67	161	144	174	84	89	70	26	101	14	23	36	17	22	78	77	88	75	64	73	67	127	118	121	174	300	224	109	154	109	135	237	305	98	121	126	53	1491	3142	3093	2748	552	308	68	48	101	78	28	27	37	54	63	99	102	70	92	204	140	138	145	126	566	156	125	58	71	122	88	125	98	83	125	157	115	117	128	97	139	84	39	64	24	68	28	30	21	4	4	46	5	30	30	12	8	5	139	238	25	34	49	45	94	73	54	54	45	87	39	14	15	52	60	30	53	33	41	30	37	70	29	121	121	25	112	83	98	108	136	120	92	47	41	132	99	119	165	80	132	66	84	192	202	137	136	130	65	118	94	104	216	32	48	18	61	38	37	32	122	25	64	56	19	81	28	92	45	64	49	34	45	93	117	125	231	236	431	267	250	93	82	98	182	50	72	64	127	86	79	118	84	53	41	775	4026	4442	4041	248	15	630	54	152	161	163	171	71
2	1	2	3	0	1	1	0	20	17	17	1	2	36	87	32	14	2	11	0	2	5	1	2	2	2	1	2	12	2	0	47	25	35	34	0	39	70	12	50	0	0	35	35	47	56	79	26	0	0	11	0	0	12	0	0	0	5	0	0	21	0	28	31	34	0	12	0	5	12	24	1	16	5	7	4	7	24	2	1	4	4	2	2	0	1	0	0	2	2	1	0	6	5	11	20	4	0	0	2	23	0	0	1	12	10	3	0	10	60	24	11	0	2	1	0	8	9	0	0	32	8	0	6	5	22	2	0	2	0	7	0	0	32	0	1	1	1	13	1	7	21	0	1	0	0	12	5	2	21	10	16	2	10	23	1	0	0	32	0	1	0	0	23	24	26	24	1	0	1	0	0	5	0	0	0	0	13	4	0	1	0	5	2	0	5	0	1	0	0	0	1	11	12	1	0	13	7	5	3	38	2	8	2	0	2	20	6	10	17	13	28	3	3	17	5	12	15	3	5	10	10	24	3	0	11	0	0	0	2	0	0	0	0	0	0	0	0	0	0	0	1	0	11	0	1	11	21	0	0	21	0	0	0	0	47	0	0	1	1	0	1	1	2	16	5	5	11	2	5	2	1	0	0	1	1	0	1	0	1	7	0	0	1	1	1	0	0	0	0	10	0	0	0	0	0	0	26	62	0	24	0	1	0	10	0	0	0	0	0	0	0	0	0	0	0	0	2	32	12	1	3	41	62	96	43	28	34	13	0	2	0	10	0	0	0	0	0	11	1	2	11	0	21	0	0	10	0	1	22	31	21	22	4	0	1	1	1	0	0	2	1	0	0	0	0	1	0	1	0	0	0	12	7	0	5	0	0	0	0	3	0	0	0	3	1	0	0	0	24	32	2	27	21	1	3	0	3	9	0	0	24	13	0	0	3	47	55	2	0	0	22	14	12	0	2	0	1	1	2	0	2	0	25	0	0	0	14	21	32	0	0	0	1	0	0	0	10	0	0	1	2	1	0	1	14	2	0	0	0	0	0	0	1	0	1	2	0	0	23	2	13	0	0	1	12	1	1	3	1	13	1	12	0	0	0	0	13	0	0	0	12	0	0	24	1	1	6	6	12	0	0	1	3	1	12	0	0	1	12	1	2	0	0	1	0	0	0	0	3	0	0	0	0	1	1	0	1	0	0	0	0	0	0	0	0	5	19	9	0	11	5	24	14	0	0	0	0	0	0	0	0	1	1	0	0	0	0	0	0	0	6	8	15	7	1	1	4	0	0	4	0	0	0	0	0	0	0	0	0	0	2	0	0	0	1	0	0	0	1	0	1	0	1	11	46	0	0	0	0	1	0	0	1	1	0	0	0	0	0	1	0	0	0	0	1	5	0	0	0	1	21	0	4	0	1	0	4	0	1	0	0	0	6	2	3	36	28	2	5	2	3	2	1	2	1	4	2	25	1	22	13	3	4	3	1	2	1	0	3	2	1	0	0	1	1	2	2	8	3	1	2	2	0	0	1	0	11	0	5	7	3
1733	2686	2361	2549	1815	1494	2256	2253	8170	10333	398	462	396	463	729	164	506	831	289	397	244	172	186	346	217	288	359	218	549	294	303	179	430	146	494	313	200	998	885	887	417	390	395	233	586	377	397	245	495	640	477	773	861	787	959	843	1019	896	1063	225	467	274	280	784	866	989	1056	403	480	286	669	391	524	1038	867	1072	1033	789	916	1046	848	1080	1334	870	919	590	256	819	1046	1529	1880	1485	1517	1084	1260	1300	1214	1830	3726	1078	3062	3056	3399	2880	2625	2625	1232	401	326	877	248	313	171	254	395	1009	1146	734	402	389	378	275	233	414	402	557	203	360	506	467	136	131	375	366	236	720	469	609	678	736	672	854	415	339	387	494	487	497	514	1065	1103	1148	1080	1320	1619	1369	1436	585	321	1100	1230	175	283	523	468	395	310	219	478	667	326	1855	2910	3419	3226	3949	3313	3511	1581	1086	1111	1061	1094	2966	2571	2970	3458	3842	3012	1595	2614	2985	2990	3127	2299	3119	2836	2280	2361	1748	1801	1560	1899	1349	1323	556	356	737	648	989	438	1216	734	705	953	647	1406	765	594	763	875	614	2467	342	1018	1037	718	1086	1154	2854	438	247	367	336	469	436	257	324	314	595	471	556	817	999	1323	834	1385	809	305	909	574	287	353	592	403	433	291	383	391	499	413	608	280	400	706	1155	2781	3529	2687	809	2603	2458	2131	300	151	567	444	1373	1990	2475	2429	1729	1603	1542	1819	370	513	330	491	440	488	480	300	391	332	480	319	558	983	638	635	704	843	458	546	465	481	288	572	903	1207	588	531	633	470	273	722	296	368	927	841	1491	2037	1827	1523	841	1273	1620	410	236	281	273	312	411	219	288	381	294	346	321	375	434	631	242	234	385	335	230	399	370	179	698	603	599	601	221	518	138	303	176	302	316	382	317	421	418	382	304	1639	2398	2716	2427	2502	2717	2591	2548	1068	1545	1234	946	412	498	740	904	1037	660	375	259	597	365	450	424	208	309	603	411	425	554	396	408	340	405	414	254	417	257	193	499	1514	457	2071	557	341	363	325	274	3330	222	234	220	182	208	306	184	197	304	132	89	269	177	393	215	486	224	198	270	309	280	255	290	370	158	242	884	798	498	552	447	260	64	119	151	156	46	104	145	175	354	289	84	49	107	111	209	1026	132	173	244	175	301	120	157	153	159	175	200	251	103	214	205	382	180	144	231	108	278	203	105	117	183	134	330	175	152	201	208	128	153	117	197	77	1110	2560	213	157	104	90	162	90	101	149	123	221	197	317	60	125	143	146	205	296	351	166	236	154	134	203	203	433	327	159	348	340	195	323	280	90	183	184	292	462	552	424	416	532	202	140	185	242	91	302	334	150	159	157	71	280	205	57	171	118	104	112	178	69	144	68	127	78	199	191	201	292	94	116	86	79	65	99	167	215	102	128	114	50	280	133	171	154	182	235	119	125	83	110	136	160	3613	2260	279	130	133	87	127	294	299	155	195	184	191	199	223	247	610	583	730	512	1096	1006	750	478	469	241	355	291	643	413	288	320	493	184	97	193	749	277	615	608	261	316	567	276	395	466	219	315	293	268	338	1860	2698	2880	2794	3980	3475	2299	983	928	849	1227	1960	3071	2962	2110	2331	2316	4485	1075	2537	2800	2613	2416	2342
52	132	8	25	7	1	11	30	58	76	3	41	43	22	13	70	8	9	19	44	17	23	55	26	20	33	48	75	17	35	28	34	55	51	45	15	24	242	7	28	19	4	7	58	21	6	3	3	15	7	2	23	30	28	23	46	55	51	124	218	159	5	2	3	17	49	4	58	4	6	741	692	66	6	139	625	564	694	135	3	8	55	7	16	5	3	11	9	48	50	10	24	29	45	5	6	39	17	17	5	55	66	89	72	70	37	29	58	21	17	3	133	76	2072	1255	239	101	2030	1518	2946	98	51	141	121	1416	2176	3003	3014	1874	1378	83	49	15	6	60	21	28	18	32	70	71	16	54	38	89	85	50	76	67	50	39	34	88	99	1347	149	3	16	1	6	313	13	14	27	21	55	128	255	301	154	93	106	123	163	228	562	341	413	733	717	888	937	846	1032	1015	1022	436	448	119	41	3	4	9	9	22	21	55	67	22	7	60	76	134	176	112	416	794	430	216	955	1179	66	44	32	32	162	34	58	37	32	45	55	10	21	4	3	16	21	3	3	59	17	5	64	2	18	443	777	811	461	32	35	56	192	21	28	43	32	15	5	16	2	16	28	279	14	6	9	7	370	92	47	32	28	18	131	28	14	27	34	17	33	85	31	37	16	23	19	497	90	285	81	9	37	276	132	309	630	469	636	170	58	24	11	88	2342	3684	3189	3575	1776	631	31	15	29	30	360	20	38	38	30	55	131	108	56	89	71	266	46	49	67	40	378	142	49	78	61	47	60	50	46	55	39	91	24	34	36	15	86	63	83	295	19	31	350	149	15	243	727	112	27	27	108	34	40	96	22	161	401	1008	639	86	123	127	188	108	123	115	69	99	72	49	54	34	29	87	209	131	198	191	262	642	106	47	87	628	825	651	720	166	43	28	18	28	107	43	36	42	32	106	41	94	56	15	87	1129	1940	741	526	903	2537	2274	2481	2528	2916	2476	2489	2263	2584	2324	1786	87	26	16	30	15	23	10	22	32	28	19	18	67	7	6	5	421	21	57	125	99	23	43	8	29	5	12	4	21	10	43	17	43	8	44	17	12	30	1469	1267	137	23	13	45	64	37	26	20	21	100	23	42	43	19	54	24	33	26	23	31	13	37	17	9	19	37	21	59	31	67	117	32	52	88	81	51	331	118	86	49	29	89	94	141	66	188	85	105	71	73	87	104	118	85	101	21	106	84	137	119	196	141	140	142	57	123	183	149	1250	599	109	137	141	124	206	178	146	95	81	86	146	113	124	103	201	68	79	170	126	70	155	84	111	117	132	100	151	69	112	179	125	148	123	181	192	116	177	83	190	118	124	267	154	342	270	269	234	311	385	269	375	349	463	489	546	398	6	11	4	34	29	18	29	5	10	9	8	5	10	23	11	2	10	32	4	39	7	8	68	3	4	17	31	16	10	5	17	3	7	438	4	9	2	21	5	3	259	453	401	360	414	328	287	115	138	173	394	426	443	121	16	11	5	10	6	19	27	37	53	86	90	38	25	56	37	9	30	21	48	16	16	6	11	8	20	22	54	1322	35	51	33	101
237	6698	5491	379	354	226	269	210	314	866	190	236	300	373	245	409	490	653	525	326	1504	238	651	716	910	648	388	591	184	105	206	208	163	168	130	163	362	119	275	93	236	187	258	117	128	171	274	866	3187	1493	128	196	221	217	275	253	127	160	156	185	230	254	458	384	178	162	287	343	538	653	507	359	304	339	336	434	446	380	427	359	606	819	727	526	430	528	621	511	492	583	640	734	531	586	627	803	1201	1551	3126	2804	2697	1777	882	918	924	912	891	685	639	672	711	652	940	1041	2150	1037	1006	1157	1416	1048	1145	814	279	502	356	557	278	525	391	635	339	296	669	1227	679	847	741	931	920	726	893	642	1008	264	605	561	401	459	579	573	317	720	2616	1225	1261	739	563	612	383	239	343	292	440	103	149	111	318	249	189	80	176	167	208	174	219	241	195	233	319	304	296	271	271	314	240	239	370	294	219	174	125	180	170	426	650	881	837	656	524	570	827	1162	747	601	744	1468	1194	1069	624	1068	726	670	1045	1083	1424	924	1117	860	821	1166	1692	1082	1087	1463	1235	1352	1436	1213	1187	853	957	775	995	802	762	652	591	277	216	230	588	3376	3448	843	633	1101	604	522	444	336	398	864	739	405	594	607	471	723	815	899	749	473	665	393	264	302	461	432	286	420	464	489	309	449	689	639	713	508	571	667	809	743	1146	1018	1011	1287	1668	1726	1472	708	312	349	565	426	271	338	594	577	341	374	579	334	379	298	256	391	635	717	731	1075	258	246	256	182	181	280	306	185	153	123	27	207	85	60	85	561	621	695	362	386	300	546	802	966	987	1240	1088	1112	1259	1331	1213	1234	1221	1034	1427	1097	1502	1180	723	688	528	437	478	336	359	328	319	212	262	265	1261	1235	1043	605	296	251	202	120	115	167	193	109	285	126	326	106	123	110	78	129	64	22	88	87	127	249	593	364	295	244	244	251	339	204	201	237	68	59	84	113	122	225	378	280	294	178	190	308	557	412	325	264	154	240	312	247	159	145	151	199	146	225	52	110	84	98	165	64	231	366	249	84	16	64	64	59	231	994	859	1090	1152	1398	905	849	730	826	520	5703	7606	794	992	911	1171	707	310	250	2329	362	502	163	90	560	558	630	584	335	436	372	231	285	398	444	261	120	88	172	65	183	130	113	194	129	235	255	221	361	211	326	483	357	363	598	302	503	348	665	1331	1282	1739	1313	1887	1964	1881	1958	1515	1591	1103	867	754	718	420	70	41	106	49	61	161	213	234	326	543	353	424	453	206	269	310	270	418	90	93	189	196	245	139	162	366	158	147	281	298	299	262	194	235	478	360	160	169	71	375	120	242	163	119	132	44	21	120	56	138	101	37	77	227	178	190	165	159	183	173	185	56	216	260	341	135	96	123	59	129	191	142	289	322	115	94	301	217	67	83	220	120	113	298	648	561	550	528	404	321	578	241	317	347	696	427	312	474	587	679	587	628	592	924	686	694	572	599	469	923	668	367	570	488	433	448	391	437	533	428	489	544	507	499	483	492	286	442	260	151	312	351	475	445	499	233	124	263	269	162	230	356	495	443	300	309	52	86	71	221	49	61	56	95	70	97	463	657	429	273	416
0	0	0	0	0	0	0	0	0	0	0	0	0	0	0	0	0	0	0	0	0	0	0	0	0	0	0	0	0	0	0	0	0	0	0	0	0	0	0	0	0	0	0	0	0	0	0	0	0	0	0	0	0	0	0	0	0	0	0	0	0	0	0	0	0	0	0	0	0	0	0	0	0	0	0	0	0	0	0	0	0	0	0	0	0	0	0	0	0	0	0	0	0	0	0	0	0	0	0	0	0	0	0	0	0	0	0	0	0	0	0	0	0	0	0	0	0	0	0	0	0	0	0	0	0	0	0	0	0	0	0	0	0	0	0	0	0	0	0	0	0	0	0	0	0	0	0	0	0	0	0	0	0	0	0	0	0	0	0	0	0	0	0	0	0	0	0	0	0	0	0	0	0	0	0	0	0	0	0	0	0	0	0	0	0	0	0	0	0	0	0	0	0	0	0	0	0	0	0	0	0	0	0	0	0	0	0	0	0	0	0	0	0	0	0	0	0	0	23	81	5	12	47	36	0	17	12	1	0	7	0	5	12	57	23	1	8	59	17	57	1	24	23	24	23	0	0	3	0	0	0	4	1	0	12	5	0	6	0	0	0	2	1	0	0	12	4	0	0	0	0	4	0	0	4	6	11	3	0	0	11	48	101	89	123	120	105	83	62	73	76	34	23	1	22	61	102	93	114	84	157	104	97	47	82	142	47	157	233	98	109	97	99	112	46	24	36	17	28	47	0	48	23	48	0	12	2	0	0	0	12	0	3	3	0	11	0	0	0	0	3	0	0	0	0	0	13	1	3	0	1	12	0	0	0	0	0	0	0	12	11	4	4	1	0	0	0	0	0	0	0	12	32	0	11	1	37	29	14	11	64	97	70	74	110	117	208	94	37	63	46	60	11	57	117	264	264	80	190	21	46	37	128	60	47	99	23	75	183	219	0	7	133	0	0	0	0	0	0	0	0	0	12	0	4	0	35	11	12	0	0	12	0	5	0	0	0	1	0	0	5	0	0	0	0	0	0	1	0	0	0	0	0	0	0	0	0	1	0	0	5	4	2	0	12	0	0	0	0	0	1	0	0	0	0	4	23	0	7	0	11	23	0	28	0	0	0	0	35	19	39	14	12	0	11	17	20	4	23	51	2	12	47	0	0	13	0	2	32	23	0	13	45	46	68	23	0	0	6	0	0	0	0	49	6	0	15	48	0	0	0	43	0	0	0	0	12	0	0	0	11	0	0	0	0	1	0	0	0	0	4	0	0	0	0	0	0	4	0	0	0	0	0	0	0	0	0	0	0	0	0	0	0	14	12	0	12	137	0	0	16	4	0	55	0	11	11	0	0	0	43	0	11	11	0	0	0	0	25	16	12	0	98	46	29	0	23	4	12	0	16	4	0	0	0	2	0	105	97	24	23	47	26	23	12	18	11	4	0	0	4	0	11	28	0	0	0	0	0	0	21	4	1	1	0	4	0	6	0	0	0	5	0	4	0	0	0	9	0	0	4	46	46	47	188	333	182	544	175	2039	3788	3522
1568	1462	1792	884	531	377	687	537	650	665	899	1018	897	586	518	604	540	822	901	519	1852	1476	1875	1451	1469	404	565	587	1047	730	505	470	360	418	901	391	493	893	406	594	436	285	381	604	467	490	523	419	687	595	571	565	699	444	501	272	435	337	322	217	558	320	320	487	405	241	355	275	385	382	331	343	1148	399	416	385	415	565	621	611	869	766	537	616	484	710	594	564	1396	526	569	1033	547	455	450	468	232	620	367	756	577	604	502	450	509	709	397	436	592	383	605	602	772	914	617	716	907	564	604	526	783	507	355	574	490	848	1439	1107	944	884	1042	409	860	290	348	307	230	329	569	827	676	650	823	861	737	458	612	423	546	517	520	867	680	663	384	319	385	419	439	407	410	350	334	276	385	260	310	386	442	437	308	253	392	450	498	566	571	497	373	572	281	344	448	494	289	479	361	530	283	797	475	312	664	812	709	579	469	709	663	553	571	688	695	704	874	860	734	841	670	746	917	458	765	910	791	852	485	409	467	508	2175	1058	576	665	907	1615	2180	2220	1026	936	1912	2173	1273	1095	915	1084	1330	1012	1034	1081	1191	1188	1407	1459	516	450	353	488	416	400	552	715	485	517	433	299	461	571	846	952	594	556	466	450	417	546	498	407	528	368	405	421	477	555	681	477	1135	875	793	798	616	814	749	416	481	668	680	780	791	1145	965	873	1300	1256	1123	1028	1144	1213	1322	1851	1258	510	403	474	425	441	449	527	693	989	1437	1080	1304	980	1543	1642	1725	1603	1729	613	477	736	747	833	337	239	355	312	576	916	807	1015	1037	562	869	795	940	763	977	928	874	708	453	402	329	518	417	664	497	603	452	440	378	408	425	393	340	342	226	384	458	362	406	404	213	490	424	396	365	429	565	559	617	482	547	751	1956	2928	3129	3664	3805	3491	3145	2549	3012	2983	2245	2157	1769	1504	1237	1012	1874	2342	1841	1352	1721	1472	861	1222	1009	1770	600	421	281	650	496	722	372	579	791	217	875	825	970	971	952	877	907	833	639	739	1487	2878	793	449	193	189	783	568	2735	2531	609	192	114	106	180	237	182	166	148	233	195	254	284	187	176	272	216	254	313	306	394	479	339	360	907	312	553	667	828	386	273	343	464	3184	1161	360	416	548	362	326	246	300	352	365	263	479	436	284	299	386	248	492	502	538	321	363	396	844	770	1054	864	983	1206	1329	1640	1421	878	978	1121	1274	1214	1196	1307	1986	1829	1678	1704	1239	1293	1597	2053	1104	1032	1319	1238	1027	1070	1309	1202	1143	1260	1395	1314	1406	1104	919	838	1195	1045	964	1279	1214	1037	1028	924	968	1039	1060	1269	1030	638	870	602	628	419	660	665	379	233	638	611	739	935	390	610	452	917	546	606	637	377	480	406	349	395	487	510	526	313	530	471	634	535	641	569	405	317	243	259	287	488	286	543	434	329	435	559	625	420	331	330	279	264	270	135	639	313	396	421	279	200	213	382	295	348	1732	1810	157	189	196	781	891	998	1241	1442	1050	1134	1536	1404	1501	1503	1309	1118	991	1255	1219	1204	1098	1300	1060	1213	1200	942	1119	1048	577	578	556	447	792	1427	1255	1543	1465	1452	1044	1389	1478	1255	1441	596	609	520	693	709	515	595	450	609	498	494	629	542	649	764	687	746	718	715	526
1933	2223	1590	2025	5165	5357	11320	13433	11013	1715	1689	1569	1544	1534	2446	1094	1317	2590	5952	5379	6781	7372	2978	3406	4886	5624	5495	5218	6721	7772	7875	6920	5403	5222	4523	3177	2265	1657	1861	2241	1386	2150	1283	1667	1810	5187	4421	4318	4629	4776	6220	9211	6549	5239	5778	5711	5964	6044	5896	3847	2754	2711	3443	3449	3164	2166	1882	1447	1294	1283	2800	3399	1931	2296	1614	936	1129	1557	747	1478	2964	3440	2911	1258	2307	1439	1694	2847	2109	2788	4331	2937	3101	2626	3255	2049	2447	2369	2531	3383	2976	3336	2973	3445	3908	3100	4616	2335	3011	5260	4567	3642	2901	3058	6433	5154	5862	5065	3713	3502	2179	3084	1408	2567	3536	2885	1790	2334	1103	889	1799	2946	2776	2054	748	1271	2550	2307	2143	2279	4599	6953	9907	10076	9455	10790	8029	5955	4393	3743	959	1060	1243	1308	4269	16101	6407	1336	1340	1896	1460	2899	4294	1811	1267	2134	2253	2343	1233	1645	1830	1319	1169	2056	2040	1984	2061	634	1035	774	1446	888	700	988	918	1209	1250	2767	5109	8001	7031	6445	7627	6076	4244	6094	6921	4787	5166	9516	12828	11763	4969	6447	6705	6873	7202	7406	6485	6168	5091	5458	4414	7009	2993	2882	3568	3231	5074	5314	6853	4388	7439	4518	5458	5141	4694	8072	5895	9423	7159	8652	4306	4395	6549	6349	4466	3036	3641	4268	4953	3319	4972	4435	3212	2503	2547	2933	3899	5652	5073	2885	2712	2869	3224	3640	3700	5363	3355	2909	3389	3016	2976	2296	2759	2277	2352	2997	2584	2264	1987	2401	2816	2558	2755	2206	4007	4033	2470	2091	2932	2128	1889	2601	2618	2293	1904	2122	1631	2891	4267	5167	5623	5984	5003	3740	4112	3801	5789	3481	2642	3011	1787	2830	2890	2603	2039	1975	2399	3713	3679	4520	5922	2594	2752	3924	2015	1929	2126	1552	1594	1798	1900	1375	2975	1885	805	934	1107	1048	3340	2364	1706	1429	1269	1635	1846	1793	1667	1480	1137	2787	2789	1545	1185	1438	689	622	422	578	768	771	1763	1974	1137	777	1033	651	489	561	558	1070	1612	1846	1831	1333	3694	3894	3564	2310	2663	2746	828	639	1279	1234	1463	4397	4340	3814	3627	2856	2203	2589	3133	4321	3232	2935	8028	6546	6139	1592	3467	3565	8388	8667	6457	4250	3303	3260	3975	5484	4845	4568	4216	3615	4203	3784	4473	4856	4147	4401	3432	3746	4819	3399	1002	1874	2053	878	1923	3139	1734	1598	477	488	651	885	988	799	517	1270	1252	562	334	378	972	1769	1282	5209	4627	4709	1871	1663	3224	2996	3089	1411	1096	1382	3134	4794	1662	1143	1174	1670	2239	1311	1046	1510	2309	1887	1900	2670	2024	1936	2533	2095	3387	2502	2509	2203	2564	3222	2969	3044	3964	4629	3426	2448	2490	3053	3400	2510	2315	2671	2481	3712	2725	3009	3096	2337	1527	1434	2142	2324	1840	1845	1273	1715	1389	1410	1255	1648	1572	1810	1964	1618	2008	2383	2211	1831	1997	28972	13370	4012	2701	3450	3044	3003	2719	4220	462	674	2809	4069	1217	386	783	571	535	544	669	772	731	527	377	386	439	770	945	737	1841	753	1071	1687	1729	576	934	1035	1006	1141	1891	2087	1824	870	1701	847	745	512	506	588	770	1262	1130	1251	1068	1202	1547	1959	1223	1063	1536	1161	1115	733	1959	942	840	894	1048	1873	1792	1659	1781	2309	2486	1160	1789	1132	1174	1673	1080	1111	992	797	1173	2272	1551	943	931	1491	2362	1366	1887	2408	3870	3569	2171	3881	4920	4402	4892	5347	4108	3631	3222	6301	6037	3126	3244	2375	3745	4137	3260	2449	2263	1754	1583	1044	716	686	973	656	494	1252	2352	1066	1052	1689	2284	1437	735	978	834	1124	1039	1173	1048	1654	770	2374	2291	1593	2692	2722	2197	1839	2228	2275	1740	1774	1508	1213	1233	1838	4193	2456	1636	2823	1808	2064
1	0	2	13	12	1	1	2	1	1	2	36	1	13	1	1	1	1	1	2	1	1	1	1	0	13	1	1	14	13	0	27	1	12	1	1	1	2	1	0	12	13	12	13	0	0	13	2	24	1	1	1	1	13	0	1	1	1	1	12	0	13	0	1	0	2	1	13	0	1	2	0	1	1	1	1	1	1	3	1	13	2	0	24	1	3	4	13	0	12	12	0	1	1	13	24	14	3	0	0	3	17	0	1	1	1	1	0	1	12	13	1	12	1	1	1	1	13	0	4	14	14	2	1	14	1	17	2	5	7	12	5	1	2	1	0	2	1	13	1	1	5	0	0	3	7	0	0	2	0	1	2	1	0	1	1	20	1	1	13	1	13	4	2	14	1	1	1	1	26	13	8	1	5	1	1	14	2	1	3	3	1	13	4	1	2	13	1	1	2	4	1	1	1	1	2	2	2	1	1	1	1	3	8	14	13	0	13	2	2	13	0	1	0	1	2	12	2	0	2	14	1	1	1	1	1	1	1	26	1	1	12	5	1	0	2	14	1	1	3	1	2	2	1	1	0	12	13	1	1	1	13	1	13	1	0	0	1	2	1	1	1	0	4	2	1	0	4	2	2	0	2	13	15	0	1	1	2	1	1	1	1	2	1	16	13	11	1	3	1	2	0	1	1	2	2	0	1	1	1	2	1	0	1	2	2	14	13	1	2	1	4	1	6	0	1	1	25	1	2	1	12	13	1	1	13	12	3	2	3	2	2	0	1	1	0	16	18	1	13	1	2	2	7	13	6	9	1	1	1	13	1	13	13	6	1	14	13	10	0	2	6	1	1	11	3	3	11	1	3	0	17	1	0	5	0	0	12	12	0	1	12	27	0	12	1	27	12	12	0	12	29	1	0	1	0	12	1	1	1	6	0	0	1	13	4	1	0	1	0	22	0	0	13	0	1	0	12	12	0	0	0	5	4	0	0	12	5	1	2	0	1	1	12	12	0	1	14	0	0	12	1	12	0	5	12	0	5	6	0	17	0	1	0	10	0	0	0	0	0	0	0	1	12	12	0	1	2	0	0	0	1	0	0	0	0	1	1	0	0	1	0	1	0	12	0	3	0	0	26353	0	0	0	0	1	0	0	12	0	15	0	0	0	0	0	12	0	1	0	0	0	0	0	1	1	0	0	0	1	13	12	1	0	0	0	0	13	1	0	0	1	1	12	0	0	1	27	12	0	0	1	0	1	16	0	0	18	5	0	0	0	0	5	12	0	0	13	1	5	1	13	24	1	1	0	12	12	0	2	0	6	13	12	1	12	0	0	0	1	1	1	1	0	0	0	0	0	0	0	1	12	0	36	1	0	0	0	1	0	1	0	3	0	1	0	1	0	12	13	0	1	0	1	12	12	0	1	12	12	24	1	0	0	2	0	1	0	12	0	0	0	1	0	12	2	1	12	1	0	12	0	0	0	1	13	12	1	0	0	0	24	12	0	12	12	3	12	0	0	0	0	0	0	1	0	0	0	5	0	1	12	0
72	117	38	137	236	93	202	49	157	49	28	55	105	82	128	82	101	116	43	101	126	68	71	67	157	19	26	97	45	188	29	235	266	138	115	77	41	32	59	147	50	110	25	93	53	279	67	210	165	167	166	149	57	150	47	51	44	138	138	83	60	175	88	113	80	113	180	182	109	148	70	143	204	47	79	62	59	218	94	137	56	49	120	37	50	66	55	397	30	58	68	83	83	78	27	82	230	243	219	119	130	164	70	178	103	83	188	99	125	202	30	53	92	23	74	176	197	224	199	169	247	66	102	131	263	195	43	18	75	45	22	52	84	43	106	111	103	225	331	195	239	287	293	716	335	181	139	181	210	87	170	61	202	49	91	200	106	46	111	34	104	123	31	77	102	106	59	164	41	33	64	39	96	101	92	39	64	129	185	131	204	105	104	55	43	61	59	230	54	106	82	77	52	68	56	101	65	82	70	44	87	80	79	179	90	47	80	50	87	88	151	90	62	170	148	689	148	44	102	68	281	1165	114	400	1285	1296	950	1857	943	191	295	117	139	172	192	460	99	41	44	65	94	91	27	38	34	192	104	96	123	135	118	204	103	102	60	96	142	254	272	110	56	100	118	40	337	102	220	60	263	80	32	69	105	127	49	95	153	91	171	70	98	94	101	98	466	70	231	201	77	144	103	106	99	68	75	152	204	152	201	76	246	95	171	67	551	109	209	183	134	94	115	79	147	114	156	122	138	159	112	87	44	97	209	60	60	52	34	69	17	75	27	36	149	186	131	23	71	52	84	118	55	390	113	58	58	152	176	171	80	37	12	57	67	51	53	66	78	48	206	197	26	43	37	42	308	79	217	31	62	48	50	58	53	180	35	31	150	36	220	97	52	45	58	30	126	60	100	168	227	75	85	142	39	81	75	113	184	94	256	82	74	179	454	332	53	144	143	107	208	397	244	226	166	123	205	221	108	143	47	38	69	23	44	80	58	92	31	31	43	43	53	153	61	80	43	71	266	159	28	48	45	47	222	78	250	39	112	161	139	34	61	101	54	103	107	73	87	140	30	66	53	145	73	190	75	153	119	158	83	44	34	80	180	31	28	48	146	75	125	83	145	62	108	40	83	53	57	33	55	26	96	78	48	56	91	104	93	40	55	79	81	76	149	151	38	89	108	181	272	104	99	102	110	85	242	64	52	77	286	97	117	28	81	70	65	61	76	82	69	64	126	54	29	48	74	43	75	62	361	283	121	109	137	134	142	157	88	37	78	57	146	132	114	90	60	86	42	37	74	94	54	75	43	173	45	103	101	45	44	51	50	31	61	39	83	22	125	54	21	25	250	74	178	100	99	101	286	284	74	94	105	56	60	20	30	48	120	61	44	76	142	89	132	73	46	65	36	131	237	22	69	298	29	485	49	76	74	50	74	81	34	14	93	36	37	56	94	36	151	42	93	35	50	57	164	148	44	57	167	79	173	61	65	233	117	128	90	106	162	90	86	80	146	254	334	323	580	218	123	45	76	243	170	176	85	282	71	183	65	115	150	130
44	25	5	26	26	69	130	115	147	172	235	170	42	98	10	48	37	24	23	22	38	131	25	14	14	12	0	3	183	171	14	36	12	57	2	21	5	1057	513	1	1	7	1	14	12	4	13	13	17	0	25	13	4	13	2	39	42	114	55	6	14	17	0	52	177	15	32	5	1	25	1	4	5	36	10	17	11	36	115	101	56	25	11	64	80	551	550	552	65	442	353	341	951	1628	2206	1492	1825	1786	2061	2112	2501	171	724	580	1045	1054	1092	706	132	275	278	137	277	124	446	268	285	213	124	118	32	38	75	59	63	54	72	90	114	73	10	112	5	34	39	31	92	4	14	24	25	22	43	41	34	15	16	1	12	3	47	14	6	26	16	23	28	15	20	29	4	19	6	4	19	20	43	34	47	47	4	19	18	31	6	20	4	21	33	23	79	72	17	45	27	18	45	65	94	472	201	234	212	294	88	52	46	63	36	73	25	17	122	43	41	207	264	103	236	120	109	145	140	47	31	79	15	13	2	6	39	30	108	43	288	327	103	136	25	51	11	14	0	13	29	10	29	15	14	19	5	37	25	21	98	38	71	49	53	50	14	2	4	2	3	41	724	182	49	63	61	16	48	51	65	18	16	16	28	4	18	25	5	19	49	37	25	84	140	77	23	29	91	129	12	54	6	111	87	15	20	48	14	53	1	27	11	38	99	108	3	120	9	22	8	46	187	204	226	299	50	161	59	122	68	60	102	135	147	48	64	65	61	101	31	137	43	61	95	73	1	17	9	19	126	59	21	44	34	2	1	17	0	4	18	43	27	33	36	35	2	50	999	1394	1439	1076	916	1105	1108	945	141	99	134	83	115	97	124	31	7	3	25	53	82	32	40	62	3	39	15	17	328	297	914	8	24	59	9	55	15	13	18	12	50	648	3	13	15	4	1	4	1	2	25	2	3	4	2	15	13	8	13	13	12	2	13	2	20	1	37	1	18	18	0	4	29	1	1	7	2	87	1	2	0	2	14	12	1	0	12	0	0	1	8	14	2	15	2	0	1	1	13	14	5	0	13	6	2	37	29	88	57	7	43	38	2	2	2	1	1	36	1	13	1	2	2	1	5	3	15	62	12	13	3	6	1	13	8	15	14	1	1	10	3	4	8	18	20	5	7	7	0	13	4	24	7	5	1	6	4	9	8	2	19	2	44	8	6	4	7	3	6	15	14	18	12	41	47	27	53	120	106	92	66	108	123	119	14	3	14	0	2	15	1	59	831	27	2	2	15	3	1	1	3	3	45	56	24	42	6	1	5	2	8	29	0	2	26	37	32	1	20	13	6	1	4	13	3	14	2	6	1	2	7	4	31	90	50	30	27	13	34	14	2	1	1	1	15	5	31	17	9	15	20	2	13	8	6	2	14	0	2	1	1	4	3	13	32	9	32	6	5	15	40	20	17	0	5	14	5	2	72	0	6	69	47	13	7	4	18	3	12	3	21	86	23	18	34	49	43	15	26	74	32	34	34	7	12	16	2	13	102	316	39	2	14	20	8	0	13	5	1	57
678	256	405	774	463	138	491	242	258	1207	1743	1866	1269	825	216	161	217	182	141	168	127	133	162	90	188	65	128	192	126	313	534	95	51	65	109	132	283	1675	367	743	620	353	228	580	164	774	276	858	164	153	146	77	200	353	127	90	77	103	92	1215	217	205	264	139	206	599	361	403	430	395	335	323	351	306	283	217	357	896	1234	1232	1279	232	165	177	397	472	360	549	539	467	834	820	579	624	948	693	1320	951	926	879	588	753	730	916	825	621	639	798	1028	880	832	725	1121	813	1157	992	453	529	593	617	2489	1762	2505	1381	204	501	423	201	299	88	138	188	181	121	223	107	70	124	62	65	207	126	534	641	822	818	890	712	743	783	726	845	686	827	716	1183	783	538	733	813	861	710	303	771	111	231	369	224	702	244	190	157	99	151	223	337	249	155	273	240	147	176	229	221	194	66	209	225	584	280	256	312	608	477	479	756	380	210	195	100	113	113	687	556	413	687	436	669	154	136	368	277	322	145	105	94	96	52	70	57	96	92	117	223	322	143	54	78	173	34	72	29	230	78	202	132	135	94	336	269	575	387	397	177	199	145	112	75	385	347	123	579	99	135	210	71	209	280	261	372	215	302	222	445	969	235	131	386	248	43	73	91	26	62	41	109	126	120	275	455	407	235	89	353	309	377	527	1239	627	337	259	389	810	473	307	280	297	432	666	263	327	272	356	330	467	703	425	548	517	606	407	476	394	380	497	269	366	480	563	459	542	487	424	464	473	913	470	426	537	568	554	652	617	565	636	565	565	893	758	670	747	647	1281	850	887	744	672	1144	69	75	46	72	114	173	145	99	99	71	192	166	754	187	126	157	168	141	95	75	145	106	74	160	44	81	92	117	256	127	321	217	258	110	259	233	251	199	496	157	647	429	113	112	292	215	220	316	137	157	95	103	155	195	192	159	151	468	128	143	114	194	233	147	209	313	361	307	622	551	560	346	334	424	337	315	185	254	190	270	176	96	191	96	222	196	96	169	315	602	478	456	349	387	262	962	149	144	128	33	56	66	53	71	68	237	211	156	559	37	29	97	81	147	74	46	46	38	52	39	120	63	78	65	118	74	43	68	90	55	38	39	55	37	55	65	105	85	58	98	63	85	47	71	72	31	74	102	166	143	129	87	96	81	104	153	309	199	102	54	212	181	93	125	92	50	30	63	104	68	87	95	91	143	40	93	126	96	53	107	222	54	250	280	33	195	220	260	443	180	431	846	223	208	361	458	297	300	216	204	252	235	230	344	831	114	224	537	186	248	167	246	86	272	156	45	196	105	287	128	263	56	118	226	114	207	200	238	141	89	128	60	301	137	176	44	359	3065	859	60	94	270	162	351	135	44	191	87	145	92	55	102	124	250	181	256	436	371	355	201	94	138	167	208	358	203	132	176	295	383	416	480	490	474	258	295	173	237	75	113	247	437	2831	209	359	704	363	1005	197	279	431	340	374	463	325	166	154	294	205	127	602	123	242	143	282	251	214	64	82	114	177	93	91	109	156	78	67	106	121	162	119	195	164	241
2062	1690	2840	1771	1854	2076	2579	3111	4206	2459	1533	1096	1787	1256	1191	1206	1206	1429	2208	1941	1921	1872	1594	1678	1333	1673	1825	3996	4586	32685	29749	29864	31295	30213	30610	30508	31668	31516	11968	729	1245	754	1155	1731	1825	1317	854	2363	2130	1287	1447	877	800	1046	1867	1642	3368	3109	1249	706	1135	1070	1151	802	3044	1227	731	980	1174	740	868	719	985	930	1041	999	953	1199	1013	1244	998	1353	1204	3706	3889	3846	2425	2452	2558	1021	2723	1369	3351	2160	1229	1019	1878	1361	1767	1736	1492	2476	3111	2671	4154	2150	2887	4135	3011	2194	4241	2455	1855	1877	4996	4256	3665	6405	4599	3540	3205	2413	2567	8731	12176	27985	30709	31782	29395	31718	33000	5857	1480	4127	4025	2965	1410	1889	2015	1268	1408	2311	2048	4926	7202	684	957	407	322	554	493	1153	1371	966	654	533	437	594	833	510	626	698	451	786	756	1415	823	847	917	939	754	998	600	877	1307	1168	585	2658	667	1010	788	1056	618	1359	2436	4545	6767	3282	930	1386	1416	1261	1401	1445	2789	3363	2642	3432	4492	5246	4447	3718	2968	5273	5506	5290	2947	3598	3175	3018	2580	2259	2399	1617	1422	1648	4789	1256	1048	2091	1190	6323	3963	973	1835	1068	3435	28936	29779	31241	30629	30217	31603	30588	29373	30185	19975	1029	3390	3462	5089	3702	1347	964	691	2702	1490	2131	734	734	781	848	704	1003	551	570	1303	2811	1218	975	856	2859	3125	1865	1473	2566	2802	2211	2249	737	1164	819	608	1334	870	1960	1873	3742	1674	1161	28131	26049	902	1392	1621	1693	1511	4246	2266	2127	2156	2249	3139	3834	3996	3820	1784	2355	3444	5974	4379	4469	2390	1678	2351	2214	2896	3139	2970	2965	3481	3340	8227	6790	5773	3896	2456	2398	5385	5124	3473	2347	2985	3213	25916	31985	32382	33735	33966	32556	32618	33035	32954	24893	4293	2766	2615	4373	4133	2570	4248	4542	4909	5546	4512	4971	3246	2487	2721	2618	2744	3174	3058	3252	2275	2230	2655	2390	2166	2576	2677	2555	2624	2744	2607	2619	2804	2934	866	769	568	1142	674	762	814	14664	30237	30882	29434	29583	30541	12008	2476	2834	1520	1660	2033	2545	2447	3199	4758	3469	1711	2863	3225	4889	4795	8578	8385	4838	5392	5103	4386	3047	6243	6578	4583	8440	9027	11680	8746	8689	27405	35771	37010	36935	35539	36773	36309	38308	37574	34774	12972	10976	9976	5896	5632	5678	5255	4699	6244	3412	2784	951	490	528	462	387	233	507	447	522	1206	1197	635	566	464	489	465	396	534	455	694	311	493	864	669	692	643	800	3110	865	866	617	764	1427	919	470	654	553	647	573	586	539	288	386	221	388	440	20971	27142	21325	23763	23678	22324	23740	21329	22355	24687	21691	21688	23834	22227	23843	22314	22209	27324	22986	24104	23454	653	702	2368	964	621	742	451	607	577	578	503	746	985	925	922	1672	1027	1710	1104	937	2183	1668	776	1585	1153	568	624	831	1601	1936	2253	1934	1822	1930	1392	1589	1340	1422	1455	1595	1528	1428	1311	1294	1511	1258	1360	1714	1630	1601	1902	1839	3317	2009	1788	1938	2022	1819	2149	2583	2477	1630	1411	1850	3316	3233	3353	2904	2434	2948	2773	3037	2866	2286	3020	23836	26005	26017	26132	21897	23767	21380	24952	26854	22492	24975	25480	25354	23428	19102	24038	23054	21536	25135	24465	20078	1476	2126	2214	1943	2357	2466	1822	1764	1388	1384	1709	1697	1716	3040	1906	4306	3745	3364	3337	2625	2513	3088	2720	2936	3843	3513	2565	2880	6062	3062	2540	2490	3414	4294	6015	4160	4716	5105	4333	3404	3466	4000	3509	3281	2998	3103	3220	3079	3171	4017	4131	3676	4613	4726	5457	5580	4073	4606	4701	5441	4653	4705	4948	4468	4689	5108	4818	4626	4239	5388	5287	4962	5579	4999	5466	5176
51	52	139	275	40	39	16	55	90	308	72	83	194	48	47	200	63	65	199	140	61	59	41	44	31	47	68	93	59	33	62	27	7	57	84	68	86	42	45	45	53	161	59	57	65	40	75	50	47	78	48	45	61	41	64	121	59	64	93	70	98	41	37	55	64	70	50	46	13	6	20	19	38	15	19	26	68	77	50	42	44	57	47	85	132	119	143	92	194	267	321	149	104	412	227	113	187	91	59	130	74	56	106	39	47	19	54	48	73	335	920	1008	59	192	74	29	18	40	14	116	68	204	18	104	47	61	37	27	39	88	114	22	73	33	75	45	20	35	16	18	4	36	53	48	14	82	105	42	54	43	63	41	61	26	50	33	24	76	27	54	28	41	84	29	32	55	56	53	67	31	54	162	72	56	50	45	96	113	60	71	34	68	52	32	63	105	38	58	83	29	69	209	253	225	17	55	73	93	42	77	13	8	15	12	41	34	22	24	346	41	26	23	66	92	117	50	37	22	26	23	21	14	33	15	7	26	33	35	40	24	35	31	97	112	96	129	159	190	30	12	50	42	7	82	337	91	70	48	117	47	31	7	18	27	33	45	14	17	1	15	24	2	2	7	47	27	4	2	46	13	14	22	41	58	51	103	75	47	33	41	97	116	52	66	48	126	93	67	103	58	73	47	105	67	84	92	64	94	66	134	89	85	73	89	39	40	79	82	70	388	105	154	39	76	41	363	179	59	98	59	32	28	194	224	17	21	4	26	39	21	33	51	20	8	11	6	42	13	44	14	19	49	13	25	61	32	3	3	2	12	1	3	3	14	1	9	19	2	6	17	38	17	13	25	3	42	35	40	65	76	102	100	165	196	117	153	89	81	290	125	103	290	233	631	187	70	44	14	33	150	157	71	544	89	71	22	28	37	22	67	35	159	44	72	121	45	62	76	48	49	59	94	86	36	33	24	32	29	18	21	40	91	55	36	70	86	74	51	43	19	22	28	40	22	52	19	26	44	3	3	5	1	2	2	2	4	9	7	3	44	24	11	30	54	36	13	13	10	20	20	6	7	3	3	1	1	5	13	28	3	13	2	21	25	32	2	4	38	47	3	25	2	15	37	33	75	51	38	54	12	18	9	45	20	9	5	34	12	21	226	51	43	4	2	22	27	4	2	7	17	16	4	2	55	51	48	93	63	47	55	71	51	58	61	47	9	1	17	17	7	56	62	14	3	20	8	5	16	24	4	16	4	4	14	2	18	15	6	24	65	13	20	17	16	4	3	5	2	2	15	4	202	20	42	18	3	22	3	5	9	2	8	2	15	2	3	11	10	2	3	16	2	2	5	13	1	5	4	23	5	13	14	193	3	24	2	39	8	19	23	10	32	5	7	20	45	30	27	7	15	14	22	58	49	36	1	5	5	5	1	0	1	1	2	15	58	61	39	37	38	49	35	58	51	40	82	40	43	39	1208	184	61	167	267	38	51	24	26	54	32	36	35	67	39	69	109	37	48	42	44	104	87	60	12	16	54	21	32	23	16	91	106
110	130	126	110	176	1472	1187	1534	3598	1050	160	52	143	93	137	181	168	754	137	106	187	262	125	236	239	58	106	124	81	360	89	79	125	77	272	76	395	90	128	116	110	200	155	109	101	66	72	265	97	115	89	139	67	113	69	204	100	102	95	64	98	460	106	112	83	110	124	139	105	75	127	124	151	156	139	192	173	155	394	511	264	342	545	288	219	308	263	393	297	354	262	327	178	376	157	162	205	154	170	212	128	145	61	50	94	81	107	64	74	64	109	87	64	60	64	49	107	47	103	99	69	41	136	81	50	53	60	96	268	72	102	51	95	67	187	114	43	134	73	64	87	109	174	136	119	48	30	9	17	34	57	25	14	27	3	41	55	166	39	23	27	17	47	95	181	92	44	46	74	60	74	76	59	69	200	114	104	50	72	77	69	45	126	495	685	469	392	383	268	298	455	326	251	201	163	240	322	189	335	324	281	394	240	407	235	191	1317	238	226	286	306	144	126	172	127	105	90	142	262	106	112	77	169	78	79	162	873	214	209	54	109	181	171	84	105	59	1201	242	118	78	49	75	148	138	191	190	106	91	168	39	59	124	131	63	43	50	1164	1041	150	294	682	151	65	60	147	52	40	106	99	376	48	69	78	267	81	91	96	143	57	121	117	82	58	66	316	224	154	214	194	354	420	288	262	490	285	311	365	493	313	442	203	233	249	310	228	405	405	337	480	505	317	266	243	300	484	262	265	190	285	233	263	309	328	298	263	210	345	224	239	270	188	278	122	81	67	177	83	111	60	102	73	61	71	57	64	70	47	69	95	81	70	48	1744	2602	3183	3056	2944	1127	926	958	1149	1112	1968	1449	1518	434	120	63	57	111	133	223	90	178	156	200	341	190	124	235	434	516	232	159	154	151	360	421	306	193	98	374	496	3344	3744	2630	3011	3708	2787	2792	573	2122	937	958	1665	757	108	65	175	309	109	63	145	270	70	48	112	232	161	118	188	76	90	60	99	52	49	131	56	99	88	58	38	103	105	95	124	38	51	117	54	42	53	78	101	47	68	61	46	46	57	106	49	55	62	73	107	54	86	111	115	132	707	522	198	114	105	66	60	44	28	58	58	45	55	69	187	459	44	38	50	52	59	47	71	62	57	105	94	83	117	102	151	141	103	112	49	59	54	68	45	181	54	67	108	67	74	72	46	61	160	51	87	91	88	70	173	94	166	84	89	189	208	70	84	156	130	150	304	57	100	184	44	92	176	47	58	96	57	113	94	175	47	63	50	879	1173	1119	1368	1130	1165	315	25	52	19	34	86	34	19	137	51	259	68	33	14	41	55	41	45	14	25	16	14	19	32	23	41	38	48	26	41	147	53	55	125	56	137	44	48	93	327	25	23	13	15	34	56	29	44	58	51	41	57	104	74	70	43	31	43	117	97	196	64	132	166	106	71	10	17	8	22	46	35	39	31	10	49	34	6	64	50	58	53	407	52	99	22	109	22	67	157	44	124	204	210	32	48	41	38	53	18	34	22	37	69	80	339	314	14	54	65	43	103	29	25	374	1152	901	1047	689	1086	1101
237	106	164	217	536	1117	954	947	1204	2121	2630	343	348	303	156	147	55	92	532	745	747	497	378	482	102	144	104	152	186	469	414	294	108	45	76	361	406	24	118	82	34	51	83	65	23	160	83	185	302	169	173	119	130	176	66	112	95	77	57	266	260	106	65	56	213	356	384	141	105	208	226	234	199	176	150	132	246	101	245	119	60	71	37	20	24	41	120	55	72	80	664	882	92	455	906	46	1293	1480	2015	1484	335	215	308	228	298	308	1645	211	20	160	21	91	78	49	182	3150	310	116	88	70	75	124	40	7	10	47	71	189	182	111	102	67	52	51	44	77	113	50	33	92	66	15	73	40	159	40	38	12	31	53	23	10	31	66	47	24	47	684	46	11	50	29	34	52	305	1525	1597	336	39	35	80	226	38	86	92	78	90	52	19	72	43	73	140	56	52	43	7	26	14	31	912	1887	1416	1607	1105	1176	505	347	222	374	454	370	335	688	427	194	172	241	1206	130	267	261	169	630	2112	340	269	309	472	554	62	69	42	77	62	255	61	59	65	41	51	63	25	18	49	102	125	365	1756	187	968	450	66	80	48	73	119	93	199	89	23	131	97	58	106	119	164	125	105	68	182	124	87	76	189	216	163	536	180	154	92	292	1051	211	200	135	404	104	93	143	163	144	1004	267	1293	32	43	85	100	61	78	204	200	137	197	182	187	275	135	776	1405	1760	2655	2293	1396	511	794	504	470	460	499	304	589	408	75	93	466	370	2102	712	649	646	458	527	559	858	621	549	596	369	139	106	34	330	405	153	252	84	46	34	27	70	17	18	82	10	67	21	16	5	80	5	10	736	2609	3051	2482	2678	669	87	158	225	188	230	3607	613	174	134	191	75	85	121	34	28	69	114	156	139	174	78	141	203	180	114	74	75	276	958	421	290	107	78	119	153	139	39	165	64	1148	3238	3478	3505	3550	2934	3473	3041	3337	3655	3520	1473	36	59	80	106	79	104	64	78	31	19	37	17	17	7	16	19	43	32	15	176	41	98	33	22	7	31	24	48	28	94	7	7	37	12	43	32	54	72	52	6	87	390	322	390	245	377	967	126	776	817	150	81	108	105	201	185	140	161	147	151	80	234	170	206	500	382	389	233	346	257	370	258	179	84	40	45	30	27	18	13	54	21	7	33	1219	1028	967	1129	939	1072	103	22	100	6	1	0	12	17	3	11	134	462	369	402	417	364	341	448	323	482	393	360	368	502	476	534	415	441	344	457	225	433	3489	1153	310	753	2247	992	404	126	5	15	26	10	17	27	30	13	30	10	25	17	110	163	431	1040	189	160	181	124	90	115	95	77	122	92	33	53	120	57	15	30	140	130	105	36	39	215	53	111	170	16	5	9	20	9	34	54	64	2	36	26	49	15	14	25	32	27	65	180	57	35	248	181	199	125	66	14	38	46	45	116	28	17	226	104	179	167	97	82	112	419	115	93	67	74	121	142	156	126	131	177	138	153	131	145	129	55	122	72	46	249	64	45	99	4	26	58	129	189	214	265	249	200	182	120	117	85	59	78	93	43	67	51	73	52	52	413	65	76	23	44
338	580	148	150	475	302	222	1394	410	234	305	337	366	2897	883	222	341	652	341	342	578	267	311	252	211	325	358	360	370	242	112	205	252	204	278	989	1281	369	299	428	346	204	184	226	265	175	151	208	178	308	204	200	361	160	172	175	216	195	240	156	229	275	182	332	279	276	198	120	264	214	1193	2796	3196	3016	2463	2792	1813	2514	1633	2253	1249	1172	3031	3118	2068	343	270	310	222	343	660	294	269	402	315	315	359	377	650	527	547	500	393	365	354	529	530	426	265	253	262	481	461	403	247	416	352	394	369	588	857	299	215	426	237	192	327	312	290	824	2439	2698	2644	2522	2791	307	665	269	318	688	621	401	504	545	500	251	172	164	161	296	713	257	125	83	201	165	180	182	507	246	172	203	208	325	382	139	169	398	271	372	260	343	527	400	391	393	874	249	342	353	250	217	332	362	337	372	228	263	258	275	848	1765	623	362	267	281	233	507	243	402	396	277	846	456	308	205	283	251	388	290	251	382	469	372	200	156	281	227	533	729	477	176	200	219	274	230	303	665	1142	1376	1791	975	3300	2652	1477	363	519	240	207	206	212	227	255	183	241	392	268	312	219	306	202	274	461	311	578	436	376	756	279	367	379	524	480	403	617	390	399	365	737	330	324	238	207	445	403	431	354	270	287	420	614	553	526	659	591	400	337	661	770	483	403	766	938	676	650	642	467	473	517	579	1367	1568	644	1311	663	298	368	458	272	455	592	889	414	489	358	255	474	797	203	272	245	291	398	327	446	277	308	217	252	212	108	348	230	380	187	207	1702	516	681	504	624	684	502	538	641	573	443	471	476	880	973	522	1225	1205	1438	941	903	972	929	864	932	906	689	904	1129	1008	818	978	921	813	794	769	175	359	505	598	461	246	237	388	261	369	1719	1176	942	809	1983	2049	2033	1951	1850	1757	1605	2298	1449	836	1116	2135	877	555	436	626	1637	438	304	239	244	262	319	492	268	323	306	677	262	239	348	454	418	254	265	169	229	227	242	202	157	108	241	124	205	224	151	118	174	118	344	194	163	173	232	114	164	239	313	147	258	267	231	232	137	163	276	205	187	110	269	247	181	160	178	191	173	179	195	266	166	236	127	136	277	213	291	229	129	159	150	276	77	755	1706	2215	2005	1418	1918	591	124	184	139	141	140	204	209	136	149	250	89	133	272	189	266	204	422	424	304	296	279	268	249	334	270	334	234	191	205	190	182	148	81	146	147	141	125	190	127	96	89	234	250	263	82	87	132	95	152	110	158	183	139	147	189	199	269	121	155	326	143	82	118	75	191	178	181	205	217	242	198	142	152	131	187	132	110	156	195	89	92	151	136	99	154	127	196	68	92	136	129	102	111	172	145	133	211	127	117	187	157	160	175	150	170	163	99	100	70	140	56	103	138	155	187	134	103	175	159	88	160	258	323	194	187	92	134	204	169	114	109	327	208	233	257	178	1000	828	290	587	502	166	298	246	182	164	242	231	272	495	328	291	365	308	248	262	882	1026	622	1223	1365	1520	921	735	828	1442	1690	689	481	477	341	379	283	352	251	337	341	226	219	285	241	341	332	354	382	182
685	772	721	445	951	791	840	405	496	841	921	535	889	1655	2261	2805	2116	1246	1164	1683	3468	4063	1801	1119	4665	1236	895	963	655	843	829	1900	1658	505	713	596	548	561	530	399	303	311	175	369	677	724	336	289	195	283	1785	234	103	213	256	448	262	276	559	313	598	342	290	468	218	280	197	245	168	398	157	268	88	166	194	388	196	167	247	287	411	368	347	273	164	137	167	250	402	405	582	531	1083	653	280	790	1040	1145	1629	2005	452	439	482	516	287	382	772	868	1619	1987	1750	1903	2180	2084	4292	3572	3540	740	937	297	554	1533	841	694	2571	4841	4468	1659	3146	4661	4013	4140	4305	2021	1753	4662	10106	11693	5895	4052	6227	6267	2329	1077	2466	2171	861	785	865	632	568	589	321	652	742	580	442	302	310	140	201	115	141	128	111	115	138	254	133	247	241	259	386	267	354	308	354	153	176	302	496	192	178	352	423	470	477	295	412	816	271	1622	4940	864	273	396	325	281	247	2532	6702	5907	3853	3572	1515	2305	1010	899	1602	807	446	2390	2567	4711	4530	1795	793	539	441	415	602	277	318	356	273	461	1550	2700	3647	3474	4326	2378	1010	954	808	645	494	691	679	663	748	622	1293	1138	1260	1353	1257	840	716	889	709	637	669	647	386	293	481	428	478	507	293	453	655	737	601	347	268	391	650	247	586	139	359	390	246	168	663	173	177	588	310	1384	253	367	396	429	629	953	801	707	707	430	529	386	1253	3745	3143	3457	3350	1673	795	1272	651	1171	734	2657	1410	1191	2138	2059	2029	597	602	777	311	141	206	1447	807	617	245	313	145	225	157	466	338	347	815	832	506	884	945	560	713	487	1111	924	788	943	1265	956	800	532	372	542	610	708	646	488	346	272	304	914	464	414	700	770	382	417	342	350	472	511	500	398	434	646	338	383	402	386	281	283	215	193	314	340	411	427	602	564	461	619	408	364	488	394	1841	466	269	561	3441	407	467	509	511	647	784	486	440	1172	1582	4007	4415	2314	3151	2445	2302	1216	353	245	312	3423	2788	366	443	525	859	695	1061	235	1694	2529	2682	3019	3273	2585	57	475	516	409	200	357	289	196	305	251	1607	1864	2086	1831	712	300	221	168	400	465	382	270	725	624	357	306	308	333	352	439	527	266	684	463	428	452	382	160	844	322	181	70	134	46	103	68	36	28	500	715	535	608	465	487	133	2498	447	132	155	184	254	170	130	225	136	205	149	168	332	1743	147	183	143	173	134	238	188	170	91	67	123	114	93	192	208	57	246	65	154	143	161	122	194	296	186	345	183	190	262	108	149	121	90	162	217	218	245	228	174	131	528	257	74	74	124	39	52	42	73	34	318	363	360	168	367	203	182	300	218	159	303	254	185	270	354	314	254	289	226	119	223	178	125	292	340	403	531	470	438	375	239	537	458	342	385	834	526	645	364	367	457	407	372	971	282	391	316	246	240	368	317	293	335	201	140	118	99	177	167	390	889	1849	1396	674	550	193	161	183	159	216	265	1041	1435	531	505	723	607	611	2602	790	663	684	562	705	1248	2814	886	848	886	2646	2860	1495	504	486	561	1137	823	725	484	663	278	264	166	119	66	116	85	248	318	270	296	157	282	336	1489	520	705	481	1284	1115	200	255	434	1108
1139	261	210	206	76	327	402	618	351	109	160	114	80	134	387	246	340	202	54	120	84	69	81	107	78	14	418	879	181	29	784	2760	113	65	369	395	774	1364	102	974	251	287	32	161	111	303	86	211	720	64	39	142	48	62	51	354	61	70	47	138	43	153	121	145	126	53	83	145	364	46	44	422	360	167	120	229	125	2019	214	574	312	210	11	201	50	39	56	366	34	105	107	171	1789	553	589	45	1088	137	179	70	157	339	49	144	1060	216	212	2008	2813	1759	56	37	77	878	657	1048	807	1804	1338	451	148	161	463	129	208	110	500	47	85	47	113	170	157	57	632	121	217	131	29	61	38	132	12	169	82	36	36	86	26	28	104	222	51	78	67	313	181	678	141	132	49	24	76	96	66	172	40	265	239	16	41	159	65	164	281	316	81	81	120	129	81	166	49	132	46	103	148	295	164	96	577	237	23	50	250	1155	1251	1346	1447	1637	364	71	133	1082	298	216	175	283	515	91	1318	2551	1120	165	66	132	268	240	194	268	781	691	1325	1361	1289	2073	1213	572	340	2	104	89	146	94	72	92	100	263	129	328	72	178	27	903	1602	1322	1437	1707	2233	1099	111	243	62	94	204	537	81	270	377	1466	67	43	66	1698	195	173	236	1327	524	153	583	701	144	477	382	871	194	76	287	182	81	92	122	135	144	127	104	227	174	234	91	1301	754	131	299	194	115	706	2818	2791	318	130	65	371	2378	3358	5000	742	194	172	246	127	240	169	155	123	76	31	132	366	843	3248	1748	376	274	37	123	266	16	123	61	97	188	481	168	258	109	27	115	700	961	29	40	639	351	441	90	57	83	101	63	292	190	96	343	628	1016	41	102	398	125	99	64	146	110	19	42	465	54	55	100	139	297	79	58	220	32	24	71	159	91	200	55	100	125	90	67	259	373	199	73	367	98	33	254	215	461	121	308	285	429	1090	1015	766	1378	1046	1108	1514	512	369	36	729	634	25	89	211	50	51	9	117	80	25	67	62	24	39	48	113	5	83	61	169	25	16	42	147	171	28	56	1305	156	71	148	90	109	197	194	116	28	173	175	991	1083	57	13	318	3	48	27	259	0	67	33	158	27	51	24	123	76	44	37	97	37	16	230	97	24	2557	25	110	31	39	40	41	17	75	20	76	31	31	59	69	82	23	0	117	98	62	47	99	15	31	245	253	43	60	25	198	103	49	53	348	24	41	71	90	13	10	14	62	48	34	13	98	61	78	38	171	37	1309	1493	1060	42	129	11	242	18	12	16	138	25	41	15	102	2	3	13	75	73	40	24	233	78	58	92	85	50	25	98	131	23	72	12	90	14	46	55	148	39	61	40	84	58	60	32	38	12	24	120	43	84	59	26	48	103	18	164	62	30	25	0	74	13	43	28	124	94	13	98	61	25	29	35	78	22	12	48	107	16	901	6921	871	1244	723	733	387	354	283	229	94	8	126	119	193	147	47	60	84	145	23	176	921	83	469	229	292	94	139	1035	204	38	78	356	1281	1450	73	23	1499	216	146	122	285	392	170	68	375	67	73	13	26	54	12	19	187	373	102	408	113	109	156	837	57
98	136	110	128	89	1877	11014	13316	13139	15253	18133	21915	19156	21721	24462	23768	12759	2486	56	108	61	37	53	126	95	127	94	40	49	89	67	15	2664	2758	88	93	31	52	51	109	99	68	100	60	67	83	52	82	809	2077	83	80	74	80	35	79	106	66	75	36	81	55	81	127	1020	52	70	592	7237	280	2656	76	38	56	117	137	88	111	78	336	129	111	39	74	139	145	82	138	77	81	65	87	159	62	421	81	114	135	126	160	121	40	137	150	36	96	60	101	81	142	57	68	53	80	103	101	32	70	94	84	115	84	134	91	251	29	62	70	69	56	79	46	63	105	51	104	44	111	91	101	72	18	871	3747	2077	825	534	194	73	150	93	20	43	72	58	38	77	122	72	36	1167	3323	80	119	238	822	109	343	289	84	113	184	91	101	104	94	48	100	79	145	98	167	162	162	262	268	141	175	83	96	50	143	144	122	138	240	234	188	563	302	161	421	173	141	58	118	138	69	31	75	43	100	77	20	61	62	98	56	96	118	51	78	86	108	66	65	101	103	56	64	32	93	97	44	53	38	34	64	345	58	55	343	122	105	49	53	67	82	51	3548	4371	248	44	4	62	90	56	59	30	55	81	53	98	100	45	1337	1672	75	60	52	80	59	208	5680	78	76	89	50	114	159	88	116	43	88	147	42	86	2858	272	1003	650	141	69	127	768	4506	431	70	3174	4457	2198	365	5814	230	667	1412	65	96	88	65	125	70	19	30	142	60	104	44	89	102	69	42	92	47	48	84	105	131	67	86	935	70	72	160	84	74	999	38	100	89	30	110	107	112	111	165	60	48	130	51	23	135	172	2190	58	571	2475	68	264	537	453	361	1535	1357	1193	1062	1041	937	331	1182	598	406	189	248	376	326	401	344	187	360	294	65	47	632	459	153	61	199	48	98	94	101	77	71	70	87	77	81	111	80	3149	1360	55	54	73	56	83	53	56	40	67	38	119	54	107	24	1130	1047	78	35	67	40	69	69	27	29	23	14	51	60	52	38	1636	1731	66	51	103	29	36	52	108	42	29	63	64	48	49	103	2169	1397	76	94	131	70	77	107	56	86	64	78	81	1516	2022	1070	2540	1402	416	76	26	55	95	118	55	94	1019	125	72	67	78	161	1657	6855	1222	99	46	63	75	64	88	67	61	57	62	47	69	100	827	5537	60	123	55	91	125	40	30	38	98	70	130	120	93	51	1697	3035	106	78	46	61	87	31	86	116	103	113	41	45	57	99	3041	3187	50	44	75	36	44	50	198	48	53	163	77	138	107	116	3268	3609	49	81	79	66	97	193	1918	100	116	152	72	186	89	120	5154	1587	107	132	54	90	115	84	182	113	61	119	137	63	70	64	3727	3198	1265	78	65	83	71	109	164	48	92	87	69	87	49	82	4240	1500	815	142	78	58	74	116	125	83	42	41	96	127	112	135	6807	4074	66	812	256	78	109	156	49	56	153	68	144	104	45	145	2246	1062	173	102	44	76	42	43	109	137	84	45	143	62	33	47	3807	3485	103	41	67	90	45	80	424	131	133	118	79	137	96	94	2223	5426	2860	1559	2051	86	76	59	1324	2219	628	196	1400	141	2324	465
632	1007	946	922	555	431	177	130	303	200	284	217	334	125	387	230	210	280	474	179	160	150	125	145	198	44	134	84	111	81	228	171	78	207	61	141	391	305	1098	2300	3431	4497	3949	4787	4807	5743	4234	2222	1650	476	513	1045	1341	2160	1705	2077	2555	2036	2213	1058	1648	3238	1529	1819	4162	2136	3815	4393	3079	3428	2315	3119	2202	1511	1436	2169	1321	948	866	754	499	1485	781	1063	809	332	672	379	345	469	775	696	637	678	518	282	231	300	458	272	616	118	232	335	398	380	123	127	244	107	230	98	871	642	3131	4273	5666	3896	7526	5765	2730	2111	749	3136	3864	2952	2979	2370	2172	1725	1749	692	1352	1113	1448	1787	1999	2337	1533	1671	608	347	1096	261	561	1180	290	234	1584	1346	1325	1390	2005	2215	3329	3041	3142	2728	2807	2921	3860	3837	5503	4465	5361	2296	2559	3633	1412	3075	4366	3198	1811	1409	1477	2189	1162	1217	1456	1664	1285	1138	1206	1556	981	1082	1325	884	1576	1605	827	567	318	705	458	784	2477	1916	694	1414	1168	1793	1604	1269	1448	2308	1511	621	1191	1315	671	908	841	684	1075	717	1056	659	708	980	295	1430	1035	1785	1862	2038	2326	1624	2444	1854	1944	2414	3195	5638	5798	3995	5623	4840	4045	4775	3723	4539	4541	4833	4274	4165	2085	971	3200	2647	3124	1438	1720	1209	1447	617	1637	1237	1136	594	159	1367	1649	481	1215	1778	2037	1040	550	906	908	792	895	1439	1205	1015	1718	1975	1373	1860	1984	2053	1335	1523	1120	1662	1896	3298	3133	3319	3911	3366	4070	5145	5684	5713	4213	8406	7549	9629	6484	4519	5910	5695	4749	3819	2796	2144	662	2370	1790	1909	1444	1939	3004	2208	2296	1414	2553	2174	1866	703	1228	1333	947	776	2194	2854	2516	2516	2385	3108	1216	2121	3570	3412	3391	3109	2403	5443	5146	5255	3403	3673	3348	2444	5377	2662	2695	3108	3033	2850	1581	1478	141	1851	279	1148	925	1542	220	1112	573	1411	237	633	1015	419	742	645	687	653	771	854	520	212	721	987	889	336	527	480	392	1148	971	1101	1979	1115	1077	1497	1083	1614	860	1054	989	1635	996	1010	1595	1502	179	66	863	397	1778	101	581	759	2876	158	92	394	1657	886	957	404	1858	524	612	188	485	1114	1300	2324	1631	1357	315	1778	2506	774	671	1771	1133	2303	1841	919	2422	3316	2846	1511	1875	959	1786	1476	1118	1230	1970	1142	1969	2053	1431	1947	1729	882	894	438	876	2185	1456	525	1581	467	926	509	1453	1069	108	604	946	447	146	169	472	132	635	901	1058	1362	2165	2101	1570	1730	1531	1501	1795	2003	1536	1630	1858	1702	1823	1792	1030	55	666	899	141	117	165	553	528	124	532	643	379	580	805	493	236	454	880	835	122	53	641	428	168	196	660	533	157	422	414	738	1384	630	675	775	990	609	868	784	473	362	539	133	80	529	448	1256	483	648	144	421	413	118	996	294	505	479	864	138	504	151	158	108	94	509	914	131	178	182	213	184	138	141	133	446	1116	205	320	479	386	256	427	824	221	210	260	219	331	344	147	300	310	168	163	255	245	176	199	191	66	145	156	173	197	180	146	181	123	215	202	132	176	103	141	755	173	120	157	135	159	187	118	139	130	195	114	131	145	175	222	175	130	163	114	156	129	188	133	193	81	180	134	143	888	322	200	217	234	177	257	83	176	138	295	284	187	261	653	514	445	545	589	694	937	753	341	213	230	241	692	292	242	183	231	158	178	192	188	137
611	905	292	155	95	79	477	382	138	528	208	356	184	229	206	169	153	166	142	237	202	147	205	151	194	96	114	159	127	167	137	192	134	416	120	118	154	137	316	85	252	146	95	93	248	116	116	118	84	146	75	70	102	67	163	162	135	170	94	93	69	203	321	300	198	254	102	98	171	266	298	103	174	83	181	91	119	140	162	96	113	90	330	1300	1761	133	120	432	167	141	163	219	188	97	223	188	115	293	234	176	205	179	118	113	173	104	89	150	352	149	223	75	67	52	112	708	262	414	154	179	118	94	84	125	114	108	77	135	184	115	92	90	148	169	46	89	211	154	175	136	350	171	69	129	83	101	393	153	199	284	212	124	97	96	187	241	124	117	111	109	236	354	367	465	389	1203	1502	1256	739	766	90	143	214	379	213	111	309	216	950	87	383	439	537	52	128	171	224	139	185	81	133	145	230	164	107	486	73	267	152	198	167	105	297	234	202	208	205	180	122	146	143	165	117	393	485	107	743	235	1057	174	134	1348	140	129	122	79	159	113	74	130	197	129	104	160	109	113	75	115	180	93	140	163	174	161	87	108	72	107	587	143	132	104	96	175	108	233	114	175	127	137	203	414	171	516	110	137	2784	3114	206	216	403	158	254	151	199	297	127	181	303	187	494	291	131	518	234	261	183	434	187	356	423	275	555	242	192	240	558	502	342	229	584	223	447	228	154	254	140	550	676	264	637	413	1039	663	589	322	212	753	578	534	151	208	178	397	206	461	541	245	372	157	712	163	314	1684	506	535	908	1277	692	770	151	777	212	2204	123	1561	206	334	970	1182	780	569	779	190	1234	779	1250	617	391	419	1333	1132	572	745	1101	357	1617	1082	504	894	658	178	212	439	502	750	737	753	256	568	501	422	225	1113	942	143	613	91	395	500	750	611	255	229	205	445	1053	585	1088	678	273	630	137	153	1216	600	739	847	165	463	276	341	384	605	555	608	266	224	336	539	456	314	296	448	746	743	838	606	212	451	467	357	604	588	305	612	990	162	154	204	249	908	141	588	143	237	124	442	175	251	241	631	174	741	491	210	981	353	231	1131	126	175	1747	625	612	291	414	710	350	580	1316	474	627	139	635	184	202	348	1096	334	156	1073	726	163	139	254	1117	641	600	561	577	742	336	1738	159	345	804	202	382	237	450	634	213	377	280	539	150	592	546	408	231	364	114	257	299	642	313	171	388	317	215	222	651	214	182	484	102	542	846	216	1147	335	1223	237	845	867	601	435	463	569	543	559	726	613	389	352	161	537	329	144	289	293	173	85	232	137	741	322	829	910	340	509	175	185	662	329	182	1195	92	179	178	277	198	847	523	205	191	622	687	693	698	127	478	175	797	176	1233	634	139	187	143	1158	581	168	492	602	489	553	187	204	444	557	193	504	567	994	688	2075	1874	239	173	140	161	162	177	130	201	221	156	219	252	266	200	214	173	113	198	203	161	167	244	166	214	161	184	163	195	227	116	259	269	235	416	236	89	177	163	139	203	223	196	180	194	204	190	252	262	258	234	231	248	193	202	233	199	154	174	111	377	256	147	190
7032	1008	746	773	597	612	1019	815	1454	1417	645	513	562	612	563	456	483	510	747	439	455	435	483	388	431	544	548	417	323	473	389	384	405	492	435	384	294	467	431	559	497	382	321	392	372	482	349	301	428	569	409	503	441	345	136	146	135	226	243	292	215	129	503	249	156	290	283	744	431	700	161	888	370	324	384	824	707	456	413	1172	2046	3561	835	479	809	632	571	374	649	309	530	548	273	371	319	179	403	309	982	1077	1283	5194	710	255	569	184	199	241	291	276	127	238	161	132	1692	4797	4652	4672	4490	1050	131	75	233	114	112	105	120	153	199	165	407	198	232	284	309	224	313	545	90	94	183	138	147	550	818	1247	139	563	523	914	1094	98	606	569	1081	367	109	87	477	584	182	170	697	509	895	1226	652	1048	1699	1793	1311	1093	1322	1392	686	815	836	789	896	1037	1009	833	647	788	714	866	1165	1496	1164	1040	502	916	362	359	511	284	510	481	288	333	377	194	354	287	216	236	280	458	375	584	517	419	270	212	379	534	186	215	437	183	468	242	253	1039	1303	567	419	1003	958	956	879	1294	824	853	959	858	962	972	502	405	409	563	118	219	425	754	648	498	664	619	288	586	258	633	143	478	1147	239	467	1163	431	354	723	835	1302	1479	335	431	805	696	940	1259	859	534	466	442	359	563	299	659	437	321	485	684	335	217	337	218	378	383	503	672	394	188	1386	1601	506	540	651	434	256	434	272	294	339	356	290	291	480	269	379	265	380	302	350	423	259	349	338	359	354	172	291	444	510	354	310	666	342	242	475	282	368	337	255	242	303	248	345	361	376	349	328	326	319	296	172	243	435	409	242	340	265	370	404	279	691	511	637	664	424	576	1021	889	833	530	692	516	784	725	986	870	840	478	461	796	897	1408	769	1260	1091	436	468	480	842	1301	856	1098	1480	623	345	786	416	796	438	662	461	699	992	1116	717	778	607	536	448	361	449	323	487	370	358	545	399	293	488	523	504	589	569	420	551	663	555	643	716	491	442	465	462	519	556	414	497	542	460	547	374	761	305	215	216	407	251	267	185	386	196	143	307	193	804	213	146	329	168	1139	470	273	315	342	353	246	400	403	158	224	135	303	268	694	162	281	432	505	405	526	497	375	273	963	871	456	367	746	532	342	680	229	224	217	239	592	341	353	1190	263	319	244	162	664	326	214	261	245	139	283	567	237	260	279	310	618	185	230	608	303	656	696	170	273	197	197	506	264	250	161	233	173	554	167	159	180	188	183	222	184	189	150	494	123	157	507	64	153	147	169	137	148	469	132	116	111	161	124	153	121	120	210	359	200	324	250	323	267	283	208	299	81	220	234	240	371	280	354	195	272	254	277	390	329	362	286	225	156	128	133	97	135	194	192	249	305	194	214	175	218	91	92	74	240	348	313	268	195	241	117	189	153	259	137	165	156	164	146	204	204	335	298	323	350	510	429	295	377	355	328	252	196	308	239	218	245	302	412	286	234	259	541	383	280	312	558	486	668	443	379	560	658	450	453	445	387	282	218	315	483	570	571	1131	656	701	458	1457	817	835	804	2018	3852	3852	822	1184	483
25	9	1	6	0	1	0	1	0	6	23	33	14	14	42	2	4	2	0	4	2	4	42	3	1	2	13	0	0	2	1	1	1	2	0	11	25	56	23	26	14	0	0	3	1	5	47	12	1	1	14	2	1	2	14	15	0	1	2	0	0	0	5	2	0	4	12	2	2	2	0	3	15	11	5	5	43	13	31	40	3	2	38	17	16	28	4	13	13	45	109	23	13	0	2	3	3	1	13	1	6	12	12	23	3	2	2	7	25	1	4	0	7	1	12	12	1	14	0	0	18	1	0	12	1	2	0	20	1	0	1	0	0	12	10	1	0	12	1	23	1	1	2	0	26	0	13	25	36	1	25	3	12	2	1	0	1	2	0	7	0	1	12	13	2	15	6	3	3	225	47	51	1	1	0	65	5	1	2	36	82	64	8	15	8	4	2	62	5	15	63	37	38	37	36	27	85	52	52	94	34	62	39	47	15	4	38	145	90	61	61	59	18	39	44	48	3	1	41	0	12	3	46	45	14	13	21	0	1	5	1	18	3	39	28	1	14	17	22	17	1	0	3	0	12	0	0	14	0	0	1	1	2	0	1	46	31	1	23	25	1	18	13	51	40	27	15	2	2	34	92	68	14	48	52	14	1	2	33	3	32	13	16	29	5	4	1	8	2	2	5	140	7	3	1	4	4	3	3	1	4	4	2	1	37	23	1	5	1	2	3	1	0	0	11	23	0	0	0	13	0	13	0	2	0	2	1	1	1	0	0	1	0	0	1	1	1	0	1	13	0	0	0	2	0	35	1	0	2	1	37	1	0	6	0	4	2	13	69	17	1	1	1	7	0	12	67	21	0	1	6	35	2	0	18	41	61	52	117	18	52	17	15	28	4	13	28	14	2	70	4	59	38	39	41	60	509	650	609	564	579	667	714	523	644	760	510	451	456	761	576	14	48	51	12	13	36	13	35	23	1	2	13	22	1	1	1	0	0	1	4	3	26	1	1	16	14	1	13	1	12	1	25	13	1	2	1	3	2	1	1	2	1	13	3	16	1	3	1	0	3	0	2	0	1	21	47	70	3	25	49	13	0	0	1	16	9	3	5	1	3	5	12	7	4	7	16	20	6	12	6	26	4	2	28	3	16	8	6	56	19	1	16	6	0	14	13	5	5	10	1	3	18	60	87	31	39	3	23	7	16	5	2	3	14	105	23	55	27	40	24	6	37	23	8	10	25	8	10	10	10	54	31	22	14	1	5	28	28	16	6	3	42	47	6	10	39	53	21	16	26	16	10	2	2	2	1	2	14	1	5	18	3	2	4	2	1	2	21	13	1	38	46	26	1	14	8	2	14	38	37	3	1	25	17	34	2	3	2	9	58	48	22	12	0	13	1	11	0	23	56	4	26	3	1	3	15	2	2	4	2	15	2	3	4	3	6	17	4	6	5	6	14	2	5	4	3	11	18	8	27	51	5	17	1	25	1	0	3	10	5	13	14	14	9	13	1	2	17	7	0	47	19	2	27	2	2	48	27	5	19	4
0	0	1	7	43	0	0	0	0	65	78	103	54	0	61	77	94	162	78	42	0	0	0	0	0	0	0	0	0	0	0	0	0	0	0	0	0	0	0	1	0	0	0	0	0	0	0	0	0	0	0	0	0	0	0	0	0	0	0	0	0	0	0	0	0	0	0	0	0	1	10	0	31	44	15	0	1	42	10	33	21	0	0	0	10	16	1	33	0	21	0	0	11	0	0	0	0	0	11	0	0	0	0	11	0	0	0	0	0	0	0	0	0	0	0	0	0	1	0	0	1	0	1	0	0	0	1	0	0	0	0	0	0	0	0	0	0	0	0	0	0	0	0	1	0	0	0	0	0	0	0	0	0	0	0	0	0	0	0	0	22	0	0	1	11	31	0	11	0	33	0	13	10	0	15	0	1	21	0	0	34	1	31	0	0	0	10	33	11	0	0	11	0	11	0	0	0	0	0	0	0	1	0	0	0	0	0	0	0	0	0	0	0	0	1	0	0	0	0	0	0	0	0	0	0	0	0	0	0	1	0	0	0	0	0	0	0	0	0	0	0	0	0	0	0	0	0	0	0	0	0	0	0	1	0	0	0	52	31	11	0	0	0	0	11	11	0	11	23	0	0	1	0	1	0	1	44	0	0	83	0	0	0	22	0	0	0	0	0	0	0	12	0	0	0	0	0	0	0	0	0	0	0	0	0	0	0	0	0	0	0	0	0	0	0	0	1	0	0	0	0	0	1	0	0	0	0	0	0	0	0	0	0	0	0	0	0	0	0	0	0	0	0	0	0	0	0	0	0	0	0	0	0	14	2	0	10	0	0	10	8	16	18	10	0	0	0	0	0	0	0	1	0	1	0	4	0	0	0	1	11	0	0	34	13	0	0	0	0	0	0	0	0	0	0	0	0	0	0	0	0	0	0	1	0	1	0	0	0	0	0	1	0	0	0	0	0	0	0	0	0	0	1	0	0	0	0	0	0	0	0	0	0	1	0	0	0	0	0	0	0	0	0	0	0	0	0	0	0	0	0	0	0	0	0	0	0	0	0	0	0	0	0	1	0	0	0	0	0	0	0	0	0	10	4	31	0	0	0	1	0	0	0	0	0	0	0	0	0	0	1	0	0	0	0	0	0	0	0	0	0	0	0	0	0	0	0	0	0	0	0	0	0	0	0	0	0	0	0	0	0	0	0	12	0	0	0	0	0	0	0	0	0	0	0	0	0	0	0	0	1	0	0	0	0	0	0	0	0	0	1	0	0	0	0	0	0	0	0	0	1	0	0	0	0	0	0	0	0	1	0	0	0	0	0	0	0	0	0	1	0	0	0	0	0	0	0	0	0	0	0	0	0	0	0	0	0	0	0	1	0	0	0	1	0	0	0	0	0	0	0	1	1	0	0	0	0	0	0	0	0	0	0	0	0	0	0	0	0	0	0	0	0	0	1	0	0	0	14	0	0	0	4	10	0	0	0	0	12	1	0	0	1	1	10	31	1	0	0	43	16	0	22	0	0	29	35	22	10	10	0	11
187	216	517	165	173	219	139	202	145	82	126	166	208	293	162	138	215	311	1504	400	186	226	215	211	230	205	233	194	104	70	66	78	1485	66	71	40	99	127	37	123	143	115	79	183	110	173	99	89	105	69	49	72	90	93	131	107	107	128	118	115	105	120	110	24	101	121	136	126	140	68	115	101	177	403	238	395	252	214	439	113	174	3374	3372	1576	2750	2643	3446	444	225	253	221	171	208	171	449	651	300	503	159	267	333	188	214	180	260	280	183	157	202	204	235	302	297	455	522	1383	852	577	4951	854	856	2359	2621	2862	1963	2805	3514	2849	2530	1560	2138	2207	2336	1526	1298	2573	2978	1336	1903	740	1736	1565	1446	1410	1367	302	2120	510	1627	437	854	237	872	856	153	329	325	716	682	968	123	382	577	815	991	2129	600	962	1033	480	468	176	473	323	187	673	259	1411	891	1186	515	1009	746	1148	1352	611	1317	1305	1816	2224	863	300	1896	1531	1464	1188	3154	2030	2732	1662	2125	2540	4118	1446	1689	2433	1826	1383	1555	1204	1052	2350	955	542	1268	779	1834	1369	912	929	1285	1224	1318	976	258	2110	761	726	1811	2133	850	776	660	664	1393	428	304	905	1075	1549	1829	578	1966	907	1342	608	767	1530	492	390	572	1781	589	1009	362	738	1221	1235	1809	1083	1556	581	1494	1227	1752	2695	3301	887	1207	950	1369	709	866	857	1308	1374	1346	1543	1257	974	3305	2085	2438	2608	1360	2003	990	1547	2203	1484	442	1486	1052	2545	692	1012	1348	994	1673	933	1741	1536	1353	873	793	915	1397	1532	679	666	1893	2040	2769	1395	2067	1637	2927	1524	2410	2833	1159	2349	3042	2243	1708	2986	2258	1944	3068	950	798	2030	1339	1572	1205	1462	3304	2665	1466	671	1335	1682	2755	2304	1603	1488	1340	659	2682	2750	3392	3539	1062	784	1499	807	2563	767	1056	1111	2088	1015	1263	1396	1148	764	276	2790	1737	899	1655	994	1192	806	1405	746	1457	1008	1766	1464	2187	1343	1378	1014	1451	713	1874	598	1154	1169	931	784	971	1457	919	2857	2029	726	1014	2226	586	1058	514	2243	693	189	542	878	744	1366	838	224	665	753	808	685	399	2129	827	544	1650	1217	1067	762	583	826	324	381	276	141	404	345	1173	298	444	230	680	411	348	763	407	368	397	330	242	678	268	676	328	148	699	601	427	127	310	543	700	251	554	148	933	156	854	238	479	952	1223	1429	881	1161	799	1230	769	410	498	1033	1169	1768	801	1747	531	539	1882	798	1771	232	1753	293	1286	1892	1223	974	621	602	372	823	950	1484	932	1527	1251	1432	1213	402	1076	1974	1335	730	865	909	1307	768	415	1454	1201	1086	1290	1591	1612	393	1789	671	703	686	358	240	913	1007	1118	538	1061	756	319	224	699	283	642	1063	597	697	251	264	274	703	2106	659	502	140	77	607	653	261	513	529	303	229	166	547	492	63	453	197	230	632	207	17	92	181	43	82	77	54	513	153	103	157	128	426	67	76	128	125	105	129	280	69	520	166	172	134	188	682	100	213	202	267	197	224	139	382	4079	391	1106	97	127	225	180	1046	619	180	182	193	140	186	73	246	989	111	49	99	165	174	90	110	1325	61	70	91	114	142	84	174	142	50	70	35	35	120	94	108	110	123	105	100	111	93	86	140	93	134	145	193	87	184	88	171	118	42	276	365	370	187	461	123	178	206	78	99	130	321	242	386
6	0	0	12	0	0	0	4	1	15	0	0	12	0	4	0	0	0	361	529	0	0	1	1	0	0	41	12	12	3	1	0	1	0	36	12	0	140	0	0	0	0	0	0	0	0	0	13	0	36	349	0	12	0	12	0	12	0	0	0	0	0	0	0	10	12	5	13	0	0	0	12	45	461	1192	795	688	1182	1002	973	696	576	1037	855	529	600	751	698	590	450	480	771	579	448	493	379	303	301	432	312	325	617	948	804	960	1518	1452	1442	1405	1429	1248	1322	1188	1704	1092	1417	1659	1429	1230	1226	902	914	1405	1488	1383	1371	1543	1803	1730	1777	1718	1431	1584	1508	1456	1512	1334	1596	1561	1237	1369	1296	1743	348	0	0	3	0	0	1	0	2	24	0	0	1	15	2	11	13	1	4	13	1	0	13	2	0	324	0	0	13	16	379	316	2	18	4	2	13	1	19	118	95	55	39	20	69	324	3	1	2	3	218	2	393	242	3	1	513	301	1	26	13	18	279	2	10	4	2	14	1	2	13	2	2	3	4	0	2	6	2	9	3	1	13	1	4	3	34	6	50	14	14	13	1	638	3	2	0	15	12	4	268	1	2	4	18	3	15	304	16	324	1	17	3	12	0	0	12	14	1	6	1	1	3	12	0	66	30	18	228	4	5	2	3	1	12	0	23	5	2	300	24	5	28	0	0	5	288	12	2	0	1	2	24	0	29	253	0	11	29	23	10	513	36	43	24	145	27	4	418	12	1	0	1	25	14	1	16	0	13	0	193	121	1	12	2	5	0	1	1	12	5	9	0	0	0	0	2	364	1	1	396	2	0	0	0	12	12	0	4	13	0	0	432	1	16	3	2	1	2	15	2	1	1	4	0	15	13	13	2	0	0	0	15	0	12	3	0	13	4	133	39	0	0	0	2	0	0	1	0	0	301	29	1	348	12	12	240	24	31	38	107	0	55	1	894	114	11	4	34	1	12	288	9	0	0	0	10	0	0	3	0	1	0	1	0	12	1	12	5	305	13	336	2	3	2	1	14	409	0	1	2	0	14	12	5	5	4	398	24	14	2	1	1	4	5	3	2	2	2	5	1	1	12	2	2	13	3	2	8	4	13	4	1	2	15	13	7	4	0	0	0	0	12	24	1	11	4	0	2	0	4	26	0	4	384	1	1	0	0	420	0	14	360	12	0	1	12	13	12	1	25	12	12	360	24	1	121	181	2	13	12	2	25	24	289	4	472	48	24	0	0	13	13	1	11	314	108	301	24	0	304	25	37	36	0	17	13	15	25	313	37	0	1	2	12	24	12	1	1	0	0	16	26	16	12	0	13	0	13	3	13	12	14	14	0	0	18	17	13	0	1	1	0	12	13	14	22	9	3	0	12	1	2	13	3	1	13	172	1	1	13	12	1	13	820	748	2	28	0	13	1	28	1	13	4	4	1	1	14	1	1	1	0	0	2	0	2	15	12	0	0	16	0	12	0	0	14	0	0	0	0	12	0	37	0	0	0	12	0	0	7	2	13	0	0	13	8	14	3	13	3	12	1	1	0	0	23	0	3
16	56	20	22	96	25	33	72	112	79	37	7	32	6	28	24	18	13	3	4	42	65	46	96	51	98	23	48	27	24	12	3	3	0	3	4	25	26	24	22	12	4	12	15	35	4	13	28	16	2	23	37	85	118	60	12	18	16	44	55	56	70	25	50	28	54	162	23	4	18	19	51	19	11	35	63	6	23	38	52	29	10	24	51	47	25	48	35	81	55	54	97	21	61	31	42	54	32	12	50	13	12	36	52	41	18	17	28	49	26	0	1	37	20	38	40	14	38	3	50	6	2	14	62	0	25	35	63	24	54	50	131	19	113	27	180	54	74	72	16	105	74	221	12	43	25	13	19	160	38	22	30	13	20	28	23	3	50	2	30	12	42	42	5	52	17	25	44	1260	5390	5381	5282	798	21	48	17	37	57	14	30	118	51	12	59	55	58	210	37	281	97	177	70	94	112	119	135	81	110	90	97	103	230	177	82	20	37	30	34	8	17	26	2	28	93	162	88	181	56	84	70	51	49	117	84	22	13	1	9	66	70	53	21	16	4	1	26	76	1	37	1	1	13	30	34	37	4	37	11	24	193	37	63	48	14	388	127	62	17	51	53	70	48	136	207	54	84	106	103	229	155	236	121	283	314	436	101	125	161	110	114	78	38	54	73	124	2	15	27	65	26	43	63	54	31	24	35	70	103	80	59	84	86	219	110	114	202	111	108	234	143	113	109	216	67	172	134	198	86	115	296	53	136	145	131	77	127	198	37	131	88	71	149	64	80	83	142	47	54	128	386	102	98	202	102	61	59	44	26	102	3	89	35	76	55	34	105	85	406	925	603	548	182	372	818	33	39	89	404	47	33	92	93	81	120	106	101	66	74	86	75	108	55	26	99	86	55	102	153	227	94	120	434	388	96	137	112	205	264	244	194	312	46	125	107	195	171	288	245	185	141	190	73	79	130	166	134	105	121	643	29	33	39	15	565	27	27	24	16	36	19	25	49	1	37	48	24	14	26	24	252	288	33	37	6	13	18	34	20	14	52	37	4	28	32	12	421	38	23	54	33	48	1	37	41	11	25	1	13	3	179	89	28	30	40	63	61	25	49	64	30	36	188	14	50	20	14	61	13	231	28	61	52	51	65	50	53	39	24	51	342	40	53	40	29	366	65	62	75	26	182	329	279	418	492	634	557	107	398	357	648	385	505	631	615	729	620	562	643	466	475	99	24	57	50	68	15	68	1	52	54	70	425	15	68	11	29	97	48	51	96	37	31	29	42	17	38	41	48	2	16	17	32	54	102	49	83	36	60	28	62	3	38	10	47	27	49	25	79	37	2	49	64	42	58	36	13	40	312	26	41	59	36	52	49	52	41	25	50	12	49	45	48	19	68	17	34	69	192	749	16	6	16	33	52	24	33	9	41	51	53	46	96	26	37	2	36	6	49	25	1	26	23	0	1	27	60	57	83	23	39	97	54	52	66	72	52	70	43	41	65	77	54	24	61	103	121	62	64	123	49	41	7	73	27	123	60	60	56	138	62	29	15
115	320	236	170	137	86	33	31	27	96	75	33	40	312	84	63	2	15	20	4	14	48	28	19	2	5	3	5	8	2	7	4	10	2	11	1	0	3	1	66	15	2	2	3	5	4	3	4	2	2	4	6	12	15	22	1	1	13	5	31	3	33	3	76	49	229	144	196	95	162	87	224	180	77	112	188	240	241	708	125	128	346	234	241	172	457	394	275	84	180	244	375	227	1058	976	348	666	779	887	352	261	801	654	129	101	244	87	95	183	62	168	93	112	167	295	377	329	286	332	451	291	238	65	36	16	13	14	17	6	4	3	42	54	149	336	248	218	3	17	26	27	3	3	14	19	11	10	17	25	6	16	8	9	13	33	30	23	46	34	91	180	91	90	164	119	140	145	56	174	190	163	162	327	535	343	215	176	144	219	335	216	110	296	597	115	251	263	0	0	98	18	51	75	307	49	148	157	107	225	167	194	148	214	174	375	186	207	288	53	59	38	85	45	34	65	37	22	35	23	26	51	50	23	31	68	59	12	23	12	20	18	8	54	26	26	30	4	5	13	1	12	4	0	13	0	2	14	8	2	3	11	2	12	50	48	33	126	60	89	81	49	102	134	68	156	168	85	210	308	210	97	219	166	149	214	143	153	185	238	305	441	304	302	77	209	81	80	169	460	429	170	211	151	239	785	485	112	98	44	20	47	14	61	149	31	23	17	69	14	4	5	42	28	37	10	37	70	149	119	66	103	185	103	109	137	127	152	101	152	160	1	52	36	1	1	23	5	3	2	13	2	145	1	61	16	5	26	56	13	25	38	154	38	237	104	110	112	82	118	121	200	181	301	137	134	297	137	184	77	277	149	149	57	181	151	302	563	295	208	12	87	125	96	35	173	38	14	41	446	505	64	20	83	71	65	12	114	9	14	59	73	15	25	7	5	2	61	32	25	15	4	74	8	55	29	1	29	19	0	2	14	12	16	2	1	0	11	11	2	24	0	1	0	0	2	0	0	12	0	1	0	1	0	1	1	0	11	0	31	43	0	1	0	14	48	65	23	55	55	12	23	3	3	35	1	13	3	45	47	46	7	38	72	80	273	36	17	23	46	18	24	40	0	29	17	28	57	30	70	46	62	367	265	114	95	76	2	0	3	1	1	49	20	73	4	26	81	125	33	51	53	150	98	87	57	13	2	2	2	13	0	3	3	17	15	5	5	25	5	11	3	3	90	126	2	3	7	85	10	18	5	11	9	6	27	21	7	12	14	14	14	31	43	18	6	4	39	6	15	12	34	3	5	1	20	3	2	2	4	2	30	3	14	7	14	16	7	50	2	1	3	2	14	13	68	77	15	39	7	15	39	17	33	21	2	27	3	17	8	32	12	35	52	31	24	23	81	30	8	33	12	33	31	17	9	6	9	5	4	8	54	15	4	62	37	13	32	6	20	11	17	15	15	55	33	125	87	135	21	173	76	252	141	61	265	93	68	236	104	132	151	110	122	170	103	173	207	194	155	74	89	103	916	139	201	149	197	113	109	183	160	35
1406	1608	1409	1977	1404	1358	1079	1393	960	1626	923	559	477	567	412	365	593	536	393	488	562	452	485	490	541	511	491	568	475	664	445	454	735	587	747	415	678	566	1042	1170	622	541	481	480	489	1301	923	317	229	212	318	306	184	186	222	452	461	3806	502	449	3525	390	568	618	861	1454	1388	1583	2073	5667	1686	2107	1590	1405	1275	1906	1381	1941	1700	3144	3680	4706	3449	3902	3161	3494	3855	1982	1634	1799	1868	1305	1505	1625	1640	1413	1499	718	947	1077	942	1146	1162	1220	1398	884	541	623	1245	1104	3709	1568	801	1155	1171	1126	1219	985	946	874	920	952	972	883	982	1053	1038	743	1068	2999	1720	5241	5076	5992	6464	5300	4609	4034	4718	5359	4664	4679	4062	1275	711	634	710	807	730	729	914	614	845	889	768	737	732	558	607	654	530	570	630	500	590	555	1145	1030	1262	1321	1495	807	667	807	2648	3468	4607	1170	926	2006	1040	754	746	1287	2808	3301	3205	2813	676	518	572	1750	994	581	458	970	565	399	457	1970	2568	5022	7783	7765	8217	3201	2726	1852	2075	1823	3616	1801	1749	1186	309	242	258	515	1113	1787	969	572	532	425	725	614	780	1473	251	438	366	400	503	1276	334	178	316	588	570	445	522	629	507	466	682	486	657	485	119	219	243	235	155	232	287	582	573	608	643	842	1260	1865	591	865	1768	5309	3594	2538	1909	1637	2283	2053	2702	5143	3337	3696	4074	2300	2008	1463	1291	887	1757	2064	2150	1631	1774	2464	2421	2600	2250	1579	1777	1875	1968	2486	1833	1719	2263	2079	1535	1936	1743	2034	5731	3422	3187	2756	1479	1445	1307	1459	1491	1497	1294	1610	1226	1807	2247	1627	1505	1535	1965	1528	1628	1405	1433	1635	8074	5738	1416	1872	1647	1505	1458	1740	2036	1781	1615	913	767	741	817	906	846	777	826	908	841	1139	1186	1763	2187	2212	2953	3187	4017	8422	3789	4198	4779	5420	6530	5765	4455	3902	2660	2029	1996	1371	2093	2922	1968	1388	1325	2980	11849	18854	3436	2653	3264	2922	4075	3897	3006	2909	1907	6701	1901	1303	1128	1146	2483	1594	1468	1138	1362	1069	1313	1397	1277	1101	1237	1337	1275	1253	848	1355	1170	838	1452	2532	1131	1044	1311	1196	1844	2773	2835	1662	1691	1207	1182	1297	1147	1095	1055	918	1663	1017	961	861	961	1259	2327	2180	1254	963	1034	1065	1066	4243	1123	1025	1175	895	1089	1135	985	1028	936	832	954	1058	971	1098	865	879	1235	925	849	971	1062	1201	1330	1327	1239	2071	1947	1636	1421	856	749	663	633	631	738	719	947	1246	843	1316	957	1341	1809	1706	928	1135	1257	1141	1373	1108	933	1033	1549	2608	3108	2862	2290	2364	2592	2539	2684	2144	1277	997	1090	1513	1309	1014	927	1057	1201	1394	1954	7049	14899	8974	1555	1047	849	784	922	1141	1357	1393	1239	1387	1006	1403	1698	1090	1226	1010	1013	1135	837	3563	979	856	783	837	487	742	719	713	725	2902	2194	2645	2873	3458	4541	4003	4211	3299	3718	3897	2282	4713	3805	3887	2921	874	1130	774	1013	901	856	1135	785	647	796	791	626	756	1119	819	649	874	959	920	991	1091	1166	1068	865	970	1341	1190	1058	675	811	657	686	845	915	1734	2275	1116	867	1022	922	1142	1040	1250	1504	1093	908	840	718	683	800	992	834	730	1007	991	619	898	846	668	590	649	597	417	949	552	1122	803	627	713	744	4184	1379	1126	660	571	663	933	1127	1202	1287	1215	1478	1147	1405	3213	2362	1936	1577	2262	2167	1754	1510	2080	1910	2094	2840	1960	1815	932	1011	1096	1311	2374	1469	898	2458	5684	1340	761
751	503	503	738	1092	1550	800	76	66	41	66	87	61	60	97	109	51	67	58	84	17	69	42	29	580	27	340	59	562	16	64	42	11	63	15	3	112	21	51	53	33	43	14	130	78	50	74	38	132	200	45	62	129	39	132	22	49	80	189	37	97	178	144	107	658	555	572	262	571	737	446	376	391	63	246	607	199	118	216	40	166	180	168	115	587	378	281	196	387	794	632	106	574	35	90	116	154	43	65	54	55	106	41	27	5	7	51	117	157	31	57	40	38	45	70	89	24	57	59	46	3	44	10	68	26	65	31	48	63	52	5	34	33	91	50	3	24	39	23	63	27	82	89	28	72	66	43	47	58	62	21	62	52	58	39	52	45	26	81	79	80	97	96	78	110	64	69	88	56	32	87	832	2049	1307	231	526	1043	217	180	134	93	141	88	145	88	91	69	50	78	578	363	438	274	265	337	279	209	102	97	130	65	87	103	881	271	133	276	67	70	110	96	38	39	75	110	76	79	83	65	104	84	39	35	29	22	49	78	147	81	848	53	193	296	88	34	18	28	17	32	55	66	2	42	66	55	16	41	61	89	76	21	56	59	71	41	36	80	18	73	87	57	76	45	16	67	154	86	113	139	114	114	56	140	104	105	86	54	132	76	145	125	123	950	599	642	330	643	556	950	649	440	368	355	126	130	124	116	1230	1428	413	408	332	382	437	460	283	384	319	395	216	211	253	283	245	312	216	177	141	175	258	212	97	115	273	189	4403	41	27	98	61	30	104	59	85	29	38	114	14	56	71	102	163	34	40	37	56	6	41	16	55	101	72	117	78	172	158	73	104	134	163	557	327	179	221	64	56	90	125	38	121	169	118	104	732	887	900	359	218	231	250	148	209	1021	238	123	483	949	1755	2459	2815	2270	2116	2344	2478	2574	1010	132	56	100	106	31	42	98	68	52	131	92	48	84	73	90	55	75	78	169	59	173	79	54	25	67	126	241	87	77	62	77	88	59	21	142	85	70	67	65	15	32	37	46	24	46	84	68	48	101	67	46	30	24	49	22	52	51	85	59	119	73	52	52	121	61	42	77	143	83	77	51	82	30	54	58	256	55	144	42	53	113	44	45	63	53	72	77	63	55	81	51	27	80	586	169	115	89	166	16	58	61	124	964	1149	1188	1204	1249	1015	95	69	221	122	63	132	67	120	137	80	79	69	65	58	251	352	449	427	94	96	99	94	76	117	150	108	153	64	45	52	69	39	125	223	111	55	102	61	74	181	77	89	94	71	102	106	109	46	16	101	169	115	50	124	80	47	72	88	49	61	26	71	143	103	142	66	76	86	112	62	55	127	144	89	102	32	85	93	114	152	34	91	64	76	72	64	80	177	111	91	90	101	66	67	50	145	185	204	236	231	143	137	74	119	104	211	196	140	161	162	163	178	70	111	66	91	167	95	129	151	173	85	93	102	89	92	123	161	114	116	133	117	73	100	86	85	72	98	103	825	1528	882	115	183	79	92	99	74	189	91	316	146	92	78	128	99	140	158	199	499	575	86	174	258	416	495	366	128
114	41	200	404	221	430	500	389	374	183	414	744	281	361	152	475	182	83	120	163	45	187	59	81	150	193	84	36	102	39	95	35	125	55	9	56	82	69	42	72	68	7	50	26	37	122	30	24	100	107	18	54	96	154	29	39	83	109	48	93	28	48	50	13	71	78	26	50	74	62	15	101	28	6	131	80	46	114	352	318	191	226	89	119	141	38	138	121	92	122	54	276	658	698	129	241	546	712	659	715	877	1185	1352	1019	916	1126	1385	1209	1249	1149	711	587	769	1203	1245	1084	1112	1592	1484	1299	1358	1127	1169	1204	1930	3223	3010	2294	1184	1154	1811	2871	1417	1779	1334	1579	1834	924	78	74	63	48	108	46	692	38	35	74	40	300	56	67	44	33	15	430	1188	1972	982	529	63	60	194	44	300	531	63	118	677	1136	666	474	841	652	1295	1041	1298	1446	1752	1125	2825	1447	1488	1313	2399	1039	1869	2336	1993	2028	1472	764	1125	948	499	830	533	523	1112	187	95	54	43	507	175	276	645	109	70	309	70	295	44	95	152	968	259	182	1302	1047	980	1004	444	605	1541	881	803	752	992	946	1193	805	556	1748	703	1409	676	881	1372	1312	980	1081	1578	1360	1144	759	656	525	712	789	819	809	1315	432	1194	186	471	501	763	107	101	91	729	54	27	49	81	81	115	51	424	140	69	888	56	766	128	720	899	94	416	283	654	572	898	808	1209	906	420	1628	2334	1694	1421	690	1455	1215	123	1174	114	896	581	993	585	1301	858	1960	1940	1013	724	514	1968	2267	825	1191	1254	686	698	786	776	1445	1118	68	14	363	869	1106	815	246	350	48	49	842	78	804	64	351	306	796	40	715	255	463	759	39	447	64	391	390	386	35	53	492	54	154	821	884	395	353	632	82	25	1342	198	519	765	1744	1421	628	1359	393	1616	463	2007	2009	521	863	1815	126	1471	1072	1059	1310	497	278	1048	1432	1842	440	1626	137	837	731	720	937	422	726	452	615	500	86	1127	1211	89	235	584	444	67	82	26	103	62	66	81	186	954	338	380	547	755	363	14	382	711	244	90	71	316	344	126	135	47	110	45	493	51	37	20	108	115	324	67	43	54	43	59	53	37	52	79	32	46	49	46	97	80	135	50	55	102	24	549	73	147	638	56	175	103	98	215	468	126	67	659	81	563	619	305	239	239	557	136	974	935	452	44	550	654	436	86	528	117	458	98	1029	1251	1926	1146	281	132	195	140	534	250	160	35	40	56	68	73	501	363	436	27	35	660	65	68	26	72	450	39	38	84	30	43	30	67	22	69	73	71	83	117	60	60	102	29	20	37	115	61	24	25	57	76	36	64	67	35	44	31	16	68	63	119	65	42	37	62	164	67	67	99	113	62	96	162	65	106	91	50	131	314	17	27	66	139	29	28	86	136	40	1914	1683	1794	1775	1303	1095	2013	2558	2249	2156	1892	2520	2200	2096	2237	2613	2159	1671	55	102	70	67	51	61	407	233	224	84	113	64	48	37	90	172	26	30	59	66	38	32	81	60	46	94	79	121	82	30	54	34	43	56	51	35	76	122	78	100	78	37	77	74	93	31	71	82	75	126	149	49	113	105	71	87	205	389	370	208	72	65	238	1262	386	158	49	64	170	103	163	152
25	24	17	0	34	24	136	34	0	0	12	1	15	1	0	0	12	4	23	0	12	12	20	1	11	45	0	12	0	144	24	1	40	12	12	0	11	0	1	11	12	0	0	0	25	0	0	0	1	0	0	16	23	0	0	12	0	13	1	0	24	0	27	0	0	0	24	1	12	1	12	1	11	12	1	14	21	1	0	47	0	1	25	0	0	13	0	1	23	1	5	0	1	9	11	24	12	16	1	23	13	0	0	33	12	0	5	0	1	23	12	12	23	24	12	4	0	11	23	1	0	25	1	0	1	44	34	0	25	23	11	5	0	0	0	5	11	1	12	1	0	2	11	9	12	21	12	1	2	13	23	159	375	12	49	12	0	1	262	423	0	13	194	137	204	0	14	14	71	604	195	183	540	11	48	0	12	1	1	13	0	2	1	18	3	1	12	5	1	25	0	0	1	2	0	14	13	1	15	11	273	14	11	13	23	0	7	3	24	25	34	2	298	10	35	5	0	352	1	16	12	23	342	2	12	26	0	43	21	0	24	5	12	38	264	12	23	35	1	16	24	0	15	0	1	2	12	0	0	53	18	320	25	12	25	274	23	1	18	12	0	35	37	1	37	12	25	39	432	11	12	23	297	2	273	15	0	24	12	54	149	1	14	671	2	12	46	148	193	52	41	24	1	127	34	69	261	116	113	343	14	12	23	13	12	13	23	23	13	0	1	2	49	0	23	23	0	1	217	81	0	13	18	1	23	4	1	0	1	56	23	216	161	23	35	3	0	39	24	24	1	26	23	8	0	12	14	0	13	11	23	24	36	0	61	0	36	54	82	20	1	1	1	11	13	12	35	182	35	267	51	116	103	25	24	336	13	16	34	329	11	35	478	23	34	3	28	26	1	48	25	1	0	13	23	1	274	23	183	36	37	12	1	131	332	4	35	1	24	37	359	15	0	273	12	25	23	1	13	24	24	1	12	25	14	24	125	36	34	25	182	38	36	12	46	24	13	0	12	1	0	23	0	0	1	162	239	12	26	15	398	12	13	23	25	1	24	477	11	295	35	0	17	25	28	45	24	12	10	25	0	14	0	364	24	1	13	1	24	12	12	26	13	0	25	12	36	35	0	13	12	195	1	149	1	6	1	22	23	399	2	0	329	252	477	1	12	797	21	0	12	23	12	1	13	23	0	36	455	25	1	0	36	480	1	9	13	626	12	1	0	21	0	13	0	0	388	386	25	14	1	20	23	24	27	12	11	0	1	1	24	466	1	24	376	35	0	409	11	23	1	35	0	26	1	12	0	16	12	11	12	13	12	23	353	0	24	0	47	13	0	1	216	1	11	126	0	23	47	136	28	13	16	22	23	5	511	24	24	0	12	12	12	12	381	24	8	35	3909	15	12	2	10	0	13	4	1	24	1	27	0	16	35	1	12	1	12	8	0	1	13	1	4	0	14	0	2	24	12	23	0	13	20	24	12	11	28	23	38	1	6	23	24	47	11	1	12	2	3	12	0	11	4	11	25	18	11	23	63	12	0	0
65	64	86	89	73	63	73	14	80	88	25	86	49	49	13	26	3	50	60	158	39	87	39	85	75	61	82	62	49	73	48	38	41	50	26	38	14	28	52	65	136	76	112	86	100	112	100	103	0	1	0	0	0	12	0	12	12	0	1	0	60	26	2	0	1	22	83	58	12	0	12	12	12	13	12	12	36	50	17	14	1	1	15	2	3	0	2	5	3	20	3	14	4	8	24	22	51	13	0	1	19	1	1	1	2	37	14	5	1	6	1	6	5	0	2	40	12	12	0	12	25	7	0	1	1	0	14	5	1	13	1	20	1	1	3	1	0	14	14	12	12	0	0	12	555	760	747	726	753	750	646	777	813	580	837	778	880	844	0	1	13	1	0	1	3	19	37	16	26	4	15	1	16	19	4	14	9	17	17	24	13	12	13	14	33	1	36	0	0	13	25	34	26	1	19	0	13	0	0	0	12	0	24	9	0	0	24	2	12	0	0	0	1	4	0	0	24	0	17	0	12	3	12	0	13	1	0	13	0	12	13	0	13	12	26	12	5	13	1	0	0	5	1	0	1	0	8	24	15	25	16	0	12	15	1	24	1	0	1	1	12	1	26	1	1	12	27	16	18	7	12	1	697	13	10	15	29	2	1980	146	2	38	27	3	27	17	15	24	20	2	2	1	12	30	0	1	24	38	34	45	1	1	1	2	5	14	48	25	87	25	35	0	12	26	46	6	8	12	1	13	24	3	7	24	24	1	0	12	12	13	13	36	48	0	1	24	4	1	0	1	0	0	0	25	1	12	25	12	0	33	15	28	15	0	13	1	28	26	17	26	2	445	902	823	100	1	26	32	19	3	27	1	2	4	12	37	40	7	3	28	14	1	2	15	12	2	12	0	1	0	0	12	0	14	11	0	0	12	35	2	0	7	4	13	0	0	7	0	12	1	11	0	4	0	0	0	0	12	13	12	0	16	0	0	0	45	5	0	0	1	14	13	24	11	24	11	0	0	0	0	0	1	0	0	9	0	4	24	0	0	1	0	1	11	0	0	0	0	0	0	0	0	13	1	12	0	0	2	11	24	0	0	1	1	11	1	0	0	3	1	19	0	0	4	0	0	0	12	0	0	11	0	24	12	2	12	12	1	12	1	0	0	0	12	12	0	0	0	0	1	1	9	13	36	0	0	0	0	3	0	3	1	11	0	7	23	23	1	12	0	1	4	0	0	2	12	4	12	1	2	40	49	0	0	17	2	1	1	29	65	36	0	1	0	14	0	1	0	12	0	2	5	12	0	0	0	0	0	13	12	1	1	1	13	12	0	12	12	6	12	0	1	0	0	1	0	44	13	0	0	12	12	0	0	48	0	12	12	0	1	1	2	0	2	0	1	29	12	16	12	0	23	1	0	0	0	1	0	13	1	4	24	1	2	1	0	0	0	1	0	11	11	13	0	12	24	0	0	0	0	0	18	2	23	0	1	12	11	13	13	1	14	13	2	3	24	13	19	21	17	13	3	58	29	16	24	0	14	0	24	0	28
35692	34538	35193	33072	31115	30326	27534	25858	23748	24244	23655	23915	26801	25570	24613	23155	20928	21005	22360	21953	20632	19722	18599	17851	18370	16879	17569	17357	17379	17123	17460	17280	15975	15719	15774	14799	14643	14581	13372	13143	13383	13766	13771	14063	13474	12817	12506	12452	12088	12199	12765	12980	13542	12887	12207	11515	11827	11373	12910	14848	15868	17626	18094	20785	21376	21080	21641	23059	24270	27193	27905	29160	29440	35643	35158	31868	34186	36713	34701	35941	37031	39143	39153	38864	39009	38587	31649	33159	34962	29260	24997	26856	24945	25144	25860	27047	25036	23927	24543	23694	26036	24763	21658	21769	25114	25447	21440	22017	18702	19925	27454	26510	21689	20864	17424	17528	17733	17828	17327	16212	16047	17596	15881	16318	16603	16257	16486	16749	16041	16062	15428	15128	14140	15020	15030	13723	12996	13417	12460	13349	13089	12662	12871	12144	14105	12708	12144	12808	11581	11514	12913	13165	12439	12972	12461	14705	14947	16618	18995	19887	26557	26959	30872	29523	32727	31526	31827	35319	34792	35014	37460	37472	40392	39059	43085	42013	46358	44755	38961	37606	39430	40213	39699	40338	41147	39306	34994	34310	34259	37172	37020	34968	31893	27833	26361	25520	26301	26545	28244	28902	28647	26215	25317	22295	23055	24885	22837	25423	29324	26650	27657	21294	18862	20079	19571	20789	20526	22106	20379	19590	19393	20428	19338	18193	16903	15452	15581	16881	17219	15711	15101	15862	15640	13983	14622	14836	14855	14804	14507	14013	14455	14922	15578	15545	17124	15646	14818	16118	14235	18730	19420	23170	19679	19481	27496	25652	26997	27245	32471	37318	34425	37111	38880	36823	37406	36054	36719	40057	44283	41549	40218	40302	39911	42001	40495	36918	34443	33459	32682	35335	34115	35212	34869	31459	29218	29233	31869	31624	30591	28874	24253	23242	23215	23852	24085	24924	24772	27440	31889	30892	24447	29630	23757	22169	20769	20685	22748	21426	19922	21463	21913	20131	17517	16926	16111	15987	14092	14000	15421	14215	15379	14921	14642	15027	15231	15243	15228	16479	16617	15236	15895	15210	15360	15285	15372	13798	14238	13882	12783	12603	12248	12205	12758	11952	10941	11252	12722	15018	15938	17207	17319	19932	19660	22454	26290	25758	26720	29442	31738	33957	34123	35109	33071	32333	30359	31906	31252	32197	34421	35439	31932	32250	30885	28193	28660	26542	28135	28586	26697	25759	25997	26163	24209	25416	24495	23532	22655	21336	21248	24125	23980	28327	24953	29547	34821	33680	33550	33216	34660	36348	31001	28691	34654	27937	30516	30329	28192	30318	30412	30736	30206	19072	17586	19235	18266	16176	18508	17619	17110	17660	17251	16868	15762	16226	16083	15294	15220	16693	15636	15176	13410	13745	12058	13223	15007	15047	15301	13977	14322	14673	13710	13668	13212	12359	13982	14010	13397	14548	14562	12639	13913	14257	14476	14429	15385	14439	14330	15194	18581	17311	17158	15644	15057	16330	15062	15041	15778	19113	19220	17675	19377	20126	16915	16222	19548	15934	15846	14971	16875	16833	16985	16791	16247	17453	15139	15597	17859	16522	17591	16672	18293	18959	15762	15969	16392	15170	14663	16074	16468	17474	18399	18628	19414	17792	16538	15857	15860	16392	15485	15743	15225	14992	15014	15507	14740	14886	14618	14389	14591	15080	15444	13734	14133	14465	13343	12216	12182	12102	13177	11653	13813	13975	13786	9471	10350	10774	9917	11314	10668	10359	10514	11353	11327	11050	10287	10270	9403	10502	10275	11314	11202	11303	11633	12705	13162	12535	12380	13115	11667	13198	12635	11580	11207	12559	12198	10987	10729	11042	11364	12280	11635	11996	12250	13414	14840	14719	16487	16073	16387	14309	12276	13461	14227	13363	11596	13714	12408	12536	13432	12596	12138	14384	13103	13454	12383	12376	12403	10301	13063	13113	13007	12225	12820	13631	15315	16033	14431	12387	12996	15089	13615	13610	11245	11169	11859	11241	11498	10798	11089	10578	10683	10222	9379	9423	9027	9624	10040	10950	10886	9843	9044	9619	9330	11759	12632	12554	13254	13600	16312	17934	18391	18396	24385	23897	26324	25953	30203	29879	29293	28846	28689	29620	30094	31008	31136	27461	29295	28937	32922	30801	30313	30633	62683	36517	36236	32947	33739	34253	30822	29901	28464	28586
17369	19104	21650	23331	19878	17078	18592	22739	27469	25250	21903	21530	14611	13342	13928	14589	12650	12108	11582	11673	10825	9725	9491	11743	14027	20641	19217	15627	11613	10176	10621	11537	10292	11508	10699	10868	11196	10645	9490	9138	8378	8658	7582	7393	8385	8541	9395	8598	8341	8730	9115	9658	9546	8942	8286	8272	8226	7885	7983	8985	9319	10966	11040	10660	11544	12070	13401	15501	15486	14385	15025	16282	16913	17166	27780	33800	34255	23277	21881	23261	24605	21089	19330	20951	21482	29652	26814	28540	29885	32479	32562	31466	29605	30361	31025	33403	28206	30033	31771	30502	34497	31761	28983	18061	18706	16450	16259	16162	14322	14399	14627	15529	15001	12771	13418	12452	12045	13836	12076	12683	12508	11377	10550	10660	11393	11427	13263	12971	13223	12455	11933	11924	10810	10847	11794	11595	10011	10366	10201	9537	8922	9060	9274	10412	9026	8980	7813	8323	9070	9150	8139	8202	9435	10168	8181	9017	9205	9105	11131	15063	13897	16146	16001	16273	16052	17059	18217	20027	21115	20598	23369	22785	28270	32297	26474	23763	23609	24941	24865	27100	24807	25106	26245	22610	27188	22875	24276	22965	21452	22587	22358	22754	19685	19097	19328	20062	19611	20533	21021	21299	23619	20302	19208	34326	27069	15788	17283	15699	15406	15997	16526	15968	14813	15462	14533	15263	14998	16531	16661	16382	17599	16936	15625	14790	14405	14415	14030	13643	13554	13720	12188	12780	14603	13974	14072	14449	12550	14084	14828	13598	14643	13672	14361	13307	11383	12176	12287	11599	10901	10815	11160	11259	12659	13370	13909	15129	15357	16410	18087	16820	18722	18786	19365	20708	21582	23336	22402	25235	27380	26272	26436	25981	26631	26159	26513	25521	25859	27844	23589	21909	22823	21449	22975	22305	22790	21275	22253	23098	23104	21000	17830	18461	18246	17058	17313	18438	18299	16487	17334	18250	16212	15054	14930	14793	16328	16041	15849	16528	18146	17189	15311	15932	14613	14380	14047	14047	13990	14465	14418	15394	14445	14872	12873	13509	13237	12381	12285	12474	12208	11682	10984	11228	11347	12523	13454	12196	11932	11639	10454	12786	13861	14142	13055	12966	12969	13398	11562	10876	11414	12637	12803	14173	15248	15740	18881	19295	20271	19971	19844	20459	20311	23448	22476	20405	20237	19805	17719	18051	19457	18392	19462	21473	19628	19003	20480	17747	15565	15960	14377	14130	14516	13470	13093	14950	14340	14452	14333	13415	13894	12171	11741	12596	12503	13428	11463	12953	12001	11566	13914	12624	12077	9487	10131	10578	10946	11005	10832	10608	10646	11359	11859	11462	12306	11990	13160	11802	14524	13024	15177	14603	13552	13150	11442	11449	10500	7605	8524	9126	8922	8518	7287	7339	6273	6437	6697	5565	5845	6387	6670	6321	6184	6245	7642	7728	7314	6394	6320	6263	6963	6902	6604	7482	6889	6462	6733	7368	7297	6984	8440	7452	8498	7916	8230	8185	9462	8680	9704	9723	8494	9488	11816	12197	12017	11054	10648	10024	11068	10164	12223	10254	10161	9636	9683	10613	11662	11367	10425	10655	12285	11570	11838	10813	10608	9866	8488	9125	8786	8490	9397	11155	10894	10505	11760	10599	11337	11444	10982	9913	9665	9588	9261	11316	8477	9336	9227	7638	8712	8135	8389	7584	7058	8722	7917	7580	9261	8634	7848	9324	7505	7527	8537	7006	7270	7918	7364	8103	7754	8119	8164	7737	7907	8100	7901	6979	7494	8642	8191	9197	9327	8415	8205	7031	6877	7718	7659	8075	8502	8361	7833	7326	8110	7019	6421	8525	8149	6807	6370	6638	6893	6058	6031	6674	7504	7339	6531	6758	7340	7130	7360	8771	8646	7885	7058	7494	8550	8524	9260	8444	8332	8494	8532	7840	8376	8448	8549	8354	7760	6848	8422	7181	7175	7115	7436	7196	6751	6254	7204	7943	7071	6374	6291	5956	6421	6229	6211	6374	5907	5863	5523	5648	5769	6053	5555	5672	4912	5265	5093	4987	4623	4834	5197	5096	4874	5261	6451	6879	6803	7331	6756	7668	8965	10338	9914	10800	11710	11939	13976	14296	16208	17824	14666	16512	16979	15754	20943	25101	23361	23897	27404	26420	28671	23451	47729	32662	30466	25089	26408	26560	25858	18764	17225	16498
15	13	13	53	0	16	2	13	51	31	278	145	46	40	105	229	173	95	27	16	0	26	23	26	18	30	34	27	85	63	0	48	18	23	44	1	12	28	12	13	0	48	0	1	1	4	1	36	13	39	1	17	39	5	53	26	1	6	1	0	24	0	2	1	13	13	0	12	33	0	34	22	13	17	1	1	1	12	24	0	21	27	18	1	3	12	0	0	40	0	0	33	13	42	30	1	0	25	1	0	1	0	1	1	0	0	11	0	61	90	25	312	648	45	0	0	0	12	0	1	0	2	35	84	65	77	41	0	14	0	0	0	0	0	0	0	0	1	13	58	23	23	0	0	0	0	0	12	2	49	13	0	0	1	0	4	39	35	0	13	25	36	0	6	12	0	1	2	2	1	9	12	24	1	1	0	0	0	24	1	1	0	1	22	23	1	2	1125	468	0	12	12	1	0	12	0	0	2	12	0	1	5	2	1	5	1	0	0	0	0	0	0	12	12	0	1	17	0	4	14	0	12	0	15	3	24	0	12	1	0	13	0	1	0	0	0	0	0	0	12	12	0	12	12	12	0	0	0	2	0	2	0	56	12	25	43	13	13	14	15	13	0	1	26	2	1	1	1	6	1	0	8	12	1	0	1	5	14	1	1	0	10	6	5	1	1	2	1	0	0	0	23	1	1	1	0	54	1	0	12	24	7	2	0	12	0	12	0	1	13	1	0	7	12	0	0	11	0	11	2	0	0	25	1	0	1	11	3	0	0	12	0	0	1	0	0	13	0	0	0	0	0	24	11	1	12	0	0	1	2	1	12	0	12	0	0	37	0	11	1	0	1	0	0	0	12	0	1	0	13	1	0	34	0	0	4	0	11	36	0	0	0	0	14	10	0	7	15	0	0	12	0	13	12	2	1	19	45	13	24	2	48	15	11	0	12	12	12	0	1	2	0	13	1	0	5	1	1	15	0	0	1	0	34	12	9	1	23	1	0	23	0	0	0	41	13	26	9	14	0	0	0	1	3	35	0	20	1	1	4	6	0	1	0	0	2	0	0	3	18	1	1	0	2	0	2	0	1	12	16	0	1	0	6	0	0	1	0	0	0	0	1	1	13	5	0	12	13	1	1	11	5	2	13	0	0	0	0	12	3	1	12	0	0	12	1	40	12	2	1	2	1	12	12	15	0	22	13	12	55	3	0	0	2	0	1	2	0	1	1	1	1	0	0	12	1	0	2	0	0	1	1	2	12	25	3	1	2	24	0	23	0	1	3	13	0	1	13	1	18	2	2	3	15	2	3	0	12	0	12	1	3	2	1	1	7	16	0	2	12	0	3	2	26	61	13	26	1	12	0	1	1	14	7	39	41	44	32	7	10	10	6	20	6	5	9	7	6	16	19	6	16	6	5	8	4	2	2	37	1	2	1	2	2	2	1	11	16	7	9	23	5	21	10	19	5	18	19	7	12	9	8	20	8	8	3	3	5	7	11	13	0	1	25	2	5	1	17	11	14	13	41	93	146	29	13	4	1	7	0	0	24
0	1	12	1	0	1	1	6	0	0	0	0	1	56	47	12	0	3	0	0	1	1	1	0	1	0	1	0	0	12	0	0	5	0	0	1	0	0	13	12	1	0	0	21	0	0	1	36	0	0	12	0	0	0	0	3	0	0	1	63	60	13	0	0	24	2	24	36	1	2	0	0	0	0	5	14	0	13	1	0	1	19	0	0	1	1	84	439	88	0	12	0	12	0	8	19	15	1	23	0	0	0	0	24	1	1	0	2	0	12	1	0	1	1	0	0	12	0	0	0	0	0	0	13	0	0	0	0	0	0	0	2	0	12	0	0	0	0	0	1	12	0	0	0	0	0	0	0	1	0	0	0	0	0	0	24	12	2	1	12	5	13	41	1	12	13	13	6	26	1	0	649	360	23	25	308	2	1	1	3	15	24	0	5	4	35	35	34	0	47	25	0	0	0	0	12	2	0	0	1	0	0	0	26	1	0	0	12	0	13	0	1	0	13	1	12	0	0	1	5	12	0	0	0	0	0	12	1	0	12	0	0	12	0	0	0	12	0	35	0	1	0	0	0	0	4	0	0	0	0	0	0	2	1	0	0	0	17	1	0	1	18	13	12	0	23	0	16	34	0	24	0	0	24	0	46	4	10	28	10	24	5	2	0	24	100	1	5	12	12	12	4	14	14	16	15	14	13	11	14	14	12	16	14	13	20	16	14	12	18	17	15	12	14	18	13	39	14	12	14	16	18	13	13	10	14	14	24	15	18	14	15	17	16	12	84	25	13	16	13	15	15	10	12	13	16	15	13	13	19	12	14	17	2	0	0	0	1	526	829	525	755	1281	1446	1288	877	71	1	0	0	3	2	16	305	396	378	198	12	15	22	11	14	18	12	26	12	38	13	14	29	29	16	11	12	22	25	25	41	16	25	13	40	16	10	17	14	12	40	17	24	8	0	1	11	0	13	0	0	13	0	1	0	12	0	0	0	0	1	2	25	0	10	0	12	12	0	4	1	36	16	0	0	0	11	0	11	0	0	0	0	13	0	1	1	2	12	0	0	0	1	1	10	0	27	3	24	23	1	13	0	0	4	0	12	1	1	0	3	1	0	0	13	0	6	2	4	0	0	0	0	12	12	4	0	12	0	1	0	0	0	0	0	0	0	12	0	10	2	13	0	0	12	1	0	0	0	0	3	0	0	0	1	1	10	0	2	22	22	13	0	15	0	0	0	24	13	0	14	1	0	12	11	13	25	0	1	0	0	1	1	0	0	0	4	3	12	0	0	14	12	0	12	0	0	0	1	0	12	0	1	1	12	1	1	0	1	0	5	0	25	0	0	0	1	0	0	12	1	2	0	0	23	0	0	2	0	0	12	12	0	2	12	0	0	12	0	0	0	12	1	12	1	0	12	6	1	1	0	12	1	1	1	13	1	0	16	12	0	12	13	12	15	0	1	0	35	1	0	1	0	1	60	0	0	15	49	119	410	318	860	13	27	12	12	64	13	11	0	11	2	17	13	9	1	11	72	48	12	1	44	0	6
14	39	73	11	4	1	27	17	5	29	1	5	5	9	19	5	17	6	1	6	7	3	17	5	7	12	6	15	4	16	14	2	3	18	2	16	5	7	3	4	2	14	17	0	14	2	0	15	1	2	13	14	5	1	2	13	16	2	2	0	25	12	7	6	6	6	3	1	26	2	2	4	7	14	2	15	18	15	12	35	3	1	16	1	3	3	2	3	15	1	5	14	25	1	30	1	3	1	8	50	52	37	26	21	25	22	14	14	48	26	14	4	3	84	6	0	2	4	2	3	17	3	3	5	13	1	3	13	13	5	11	2	1	13	4	1	10	3	14	15	1	26	3	1	3	3	12	0	2	17	14	2	1	1	2	3	3	2	14	2	3	14	14	5	11	29	31	21	68	23	47	13	43	69	20	13	37	22	30	32	21	14	7	19	18	50	35	12	3	17	152	98	0	2	2	17	0	16	12	12	23	0	3	12	8	0	0	44	31	22	56	110	13	63	13	12	27	2	115	0	61	53	68	107	14	33	12	0	12	35	38	23	35	0	0	13	14	4	1	26	1	1	0	12	25	0	12	1	1	0	0	26	1	2	11	0	0	12	0	1	5	1	1	1	13	47	28	1	16	4	1	32	57	13	41	13	14	35	12	59	27	15	29	65	80	385	490	166	52	0	1	24	1	9	11	11	1	15	0	3	24	1	0	0	0	12	12	12	24	34	13	25	15	14	4	1	26	0	4	20	13	0	4	1	23	1	12	12	12	12	0	12	0	12	1	0	1	4	24	1	1	12	13	1	35	2	45	72	28	27	9	1045	1351	1314	123	41	18	37	48	60	74	49	48	25	53	14	2	2	25	0	37	2	38	37	18	27	4	5	12	0	23	12	28	14	2	15	11	24	1	12	0	0	29	114	1	12	2	0	36	24	1	1	1	0	13	0	13	28	12	5	0	0	1	1	15	22	4	23	12	12	1	53	37	36	12	25	1	0	24	1	0	60	10	0	5	29	24	24	12	1	4	1	1	11	0	24	0	0	12	3	12	0	1	14	5	0	1	25	37	5	4	1	1	27	1	12	13	0	1	13	5	1	31	10	12	0	0	24	13	24	0	1	1	6	3	6	13	13	13	28	14	11	0	25	0	20	11	44	13	2	0	12	24	0	0	0	0	12	0	0	12	16	12	0	0	0	2	1	12	47	2	14	4	5	12	14	0	13	39	11	14	3	15	5	13	2	0	23	24	0	11	2	1	1	0	0	0	24	12	1	12	0	11	1	12	1	1	4	11	12	0	25	11	13	0	13	2	0	0	1	12	0	1	0	1	13	12	25	12	0	0	11	12	36	25	25	13	0	23	3	24	0	0	0	1	44	21	34	45	0	0	35	12	12	0	24	6	23	13	12	3	13	4	0	46	36	23	25	12	3	35	0	16	0	0	1	0	0	12	14	14	1	3	0	12	32	43	23	5	12	6	25	1	27	10	53	68	24	40	66	90	41	139	101	122	99	63	83	23	8	81	49	1	50	74	152	221	5	12	28	0	12
1501	355	136	50	74	57	125	84	22	183	116	9557	1225	214	561	69	2093	2269	2106	2353	25	271	245	125	426	271	1520	189	80	77	1425	84	740	3779	4471	3551	8268	1514	2504	513	74	75	76	104	94	135	65	35	71	101	62	16	21	28	159	62	52	28	57	104	96	27	25	245	89	15	232	199	73	64	85	162	72	133	64	112	123	30	5426	9333	2521	224	237	58	96	83	31	14656	272	179	27	70	93	23	645	722	170	1060	741	1087	601	216	125	114	168	229	270	190	159	212	239	173	148	110	105	157	30	148	540	1084	190	277	552	1000	92	86	230	35	96	121	1276	653	758	92	105	1040	843	893	50	1426	271	2899	1055	47	1145	1080	1236	32	104	301	455	485	902	913	243	969	371	312	1042	257	727	1551	813	256	472	309	4205	7463	3393	971	1431	231	1329	680	870	967	1576	281	164	117	1790	881	993	657	1131	1554	2046	1136	413	730	2456	4633	753	541	758	2839	1825	636	811	2434	1625	1138	394	305	1211	861	1607	1240	1142	1261	522	1275	952	116	551	1949	423	190	1024	490	695	608	513	346	232	522	197	522	1886	983	2431	1133	424	212	510	340	46	136	273	584	53	2168	1004	1030	116	186	358	240	553	115	384	2576	1431	691	488	260	1177	1583	1817	1165	2091	1139	219	535	1154	613	3018	2751	825	2059	2818	1240	2436	2505	2328	1196	2163	1736	2313	3483	1270	1166	942	692	1207	1309	1776	799	2290	1903	664	49	147	605	431	170	252	106	214	473	118	187	165	1101	252	292	781	1425	1294	2202	1286	450	712	834	92	116	677	481	66	1519	643	361	148	105	158	356	419	83	162	477	1227	597	498	1338	823	1700	220	849	757	864	487	497	420	622	414	597	401	86	90	229	102	482	472	117	959	113	658	1393	875	77	462	477	566	610	1269	1731	1459	649	61	607	1314	519	1517	200	530	1213	925	416	740	72	800	440	364	87	397	539	102	68	329	273	894	349	531	385	804	368	590	951	989	396	13023	2431	1264	1281	3302	170	373	1618	1785	294	3857	665	166	202	94	1041	547	1029	117	631	691	1649	667	120	120	1450	2174	819	329	489	2269	1141	394	372	323	442	2052	132	99	217	973	707	504	779	839	879	83	83	468	641	58	1383	471	684	88	668	2268	373	377	97	68	757	1058	364	411	629	2639	157	1245	79	920	880	57	819	79	87	678	1577	70	454	53	472	66	60	85	150	451	159	177	91	135	402	157	117	63	137	23	79	322	222	34	32	31	157	405	164	116	150	33	396	20	106	662	115	100	481	465	293	85	1693	2783	4928	54	1960	2038	3792	2130	9532	4292	3295	496	3278	777	3629	2216	372	1118	1205	35	1071	6865	2161	3008	1504	1000	824	64	842	75	370	1098	828	606	977	419	127	373	541	1142	390	53	136	45	417	851	689	352	28	481	774	193	80	563	136	149	128	29	62	99	565	62	85	53	48	2161	1366	123	2920	176	1949	94	13743	22765	13256	17968	20636	19596	7608	11078	10399	10013	7560	6068	4668	52	3476	1233	2620	3053	54	606	674	967	1030	1727	1779	2089	1441	2050	678	3310	3707	6215	3263	5837	3208	9342	4862	4026	518	2015	2695	2772	842	1388	33	40	911	2075	5240	971	1552	1621	608	1021	1625	1153	1068	1888	738	184	80	1357	581	2493	973	1829	757	1034	2553	3805	2005	1293	327	579	544	142	116	587	2200	506	585
16	172	164	57	228	74	236	41	21	124	16	65	11	25	20	13	35	39	50	25	20	4	53	118	94	66	73	87	181	184	170	152	238	187	129	187	94	189	182	211	104	263	179	153	126	161	163	191	40	74	207	207	454	234	1	13	25	63	3	352	50	371	629	363	474	17	325	2051	1088	200	817	22	671	979	810	249	256	564	231	356	219	317	117	43	16	715	216	45	121	463	26	250	367	31	64	65	44	32	32	15	63	87	88	27	20	34	86	85	34	90	182	109	67	27	78	47	231	8	89	75	17	21	5	344	16	365	355	41	492	1144	532	845	683	1613	1123	1214	544	1085	1467	1462	750	648	1195	494	1202	258	224	342	42	88	20	41	34	76	236	88	79	70	36	99	30	32	21	45	26	28	287	21	17	51	16	8	13	70	119	76	358	93	139	171	63	14	30	14	89	40	20	146	582	43	26	13	6	90	74	2	31	620	58	471	657	29	548	313	21	363	51	182	87	43	137	42	17	23	369	56	391	73	41	447	385	150	352	363	411	302	601	508	506	410	567	402	623	433	398	306	459	666	497	554	532	446	482	394	406	595	702	546	589	506	481	474	504	642	393	488	698	438	273	466	386	522	820	716	53	11	16	35	135	433	137	107	84	28	83	340	502	407	318	264	31	96	269	65	454	344	279	263	52	18	8	81	101	62	306	980	334	111	208	122	81	49	40	144	10	89	29	38	29	63	1	70	29	27	67	99	52	29	16	674	327	18	18	22	42	46	154	445	228	32	14	26	18	55	53	62	36	1	104	23	25	12	28	4	5	154	215	112	44	51	31	43	34	54	140	259	24	82	125	803	29	64	67	56	110	18	122	16	36	32	105	72	22	377	35	108	85	169	1088	1490	1127	422	58	32	54	65	32	44	22	56	6	52	24	10	28	11	33	97	44	45	46	37	41	58	33	126	88	43	9	22	29	69	4	40	114	42	6	54	563	447	247	283	387	386	300	404	476	358	461	505	324	320	75	1	19	14	26	15	15	30	20	13	50	4	40	5	49	55	26	5	386	15	26	31	363	16	21	7	11	408	19	28	44	57	29	6	74	42	25	26	161	39	89	51	31	55	18	30	104	89	64	66	7	42	74	50	110	141	86	81	88	35	129	218	38	160	99	90	145	179	414	736	27	28	49	81	41	10	18	44	16	17	51	27	272	18	163	268	23	56	65	567	71	282	3	28	76	328	14	14	38	788	554	665	535	357	506	422	735	421	829	2	361	1793	627	39	73	13	4	372	3	374	62	66	71	29	15	13	81	69	43	66	35	21	78	87	61	15	27	28	4	6	13	14	8	12	41	15	55	41	27	31	27	55	33	6	54	40	34	20	16	24	17	35	74	33	59	66	66	69	22	29	82	71	29	24	43	297	217	25	78	79	36	27	23	15	20	19	75	71	64	69	99	54	63	14	66	77	56	41	32	18	36	61	25	31	41	55	3	38	12	46	33	141	83	68	87	63	69	39	19	23	16	36	100	49	39	5	44	44	83	38	112	12	83	24	18	8	23	47	72	63
96	38	24	29	46	1	22	37	0	60	17	36	1	18	72	12	28	48	15	13	12	35	23	48	24	24	25	25	24	47	24	21	25	4	0	1	0	1	23	35	12	49	25	12	28	16	2	27	16	27	26	11	37	0	24	37	27	1	38	14	36	0	24	16	26	25	34	44	23	36	36	25	36	0	49	23	12	48	28	13	14	24	46	2	38	54	17	52	52	0	39	40	56	0	17	62	63	53	15	28	36	24	23	4	25	16	12	12	7	76	403	183	101	146	153	135	169	131	121	73	158	132	145	75	93	119	39	119	141	83	225	203	50	104	25	48	47	35	53	13	51	15	25	24	24	1	12	12	8	13	71	24	18	48	24	24	150	31	40	1	14	3	53	36	18	12	1	48	1	23	1704	1200	1321	24	0	29	1	11	37	13	31	54	16	11	21	18	12	18	107	52	38	47	13	19	13	25	17	35	28	11	25	24	35	35	36	12	25	13	5	12	12	11	16	13	25	27	32	26	62	14	24	14	61	25	12	25	23	1	13	24	35	14	0	39	38	23	12	14	15	11	24	1	61	27	47	4	47	12	1	11	7	7	24	24	47	14	37	24	14	45	13	12	7	16	131	24	35	13	25	95	41	42	89	14	36	25	14	24	73	24	49	0	12	24	61	42	30	35	4	30	0	23	54	72	13	81	17	61	42	23	59	2	24	5	36	24	81	72	55	61	52	23	36	35	47	47	28	45	34	59	47	64	24	97	29	24	55	24	12	24	5	25	30	37	42	47	48	107	72	41	33	107	61	37	87	71	12	36	63	49	51	50	15	63	67	16	25	29	0	49	25	12	45	31	28	14	68	26	0	276	73	3	42	108	70	36	24	11	51	70	84	51	37	39	15	99	137	24	48	45	88	39	56	15	65	13	12	7	50	62	35	82	36	28	50	28	25	27	60	39	28	75	24	64	35	48	40	36	13	24	36	43	37	46	28	65	77	49	36	48	25	32	32	23	55	19	35	52	8	37	65	25	74	46	36	24	12	50	24	11	38	60	190	48	142	17	87	35	25	39	35	25	24	42	13	50	60	27	21	35	36	38	24	14	59	35	47	12	23	39	70	25	28	2	73	63	32	47	52	13	12	34	37	28	52	47	12	60	12	13	37	36	22	13	75	19	36	37	1	48	14	4	13	31	39	53	27	23	46	31	31	24	16	3	46	35	11	12	50	25	25	27	34	22	35	76	50	12	45	37	36	12	23	0	27	24	24	27	12	41	24	81	41	6	35	37	48	29	13	13	24	14	76	0	59	13	37	25	37	60	14	39	13	64	18	59	28	52	47	36	17	15	42	48	12	34	38	28	50	36	36	36	73	36	25	4	14	37	14	24	41	51	24	49	24	24	42	23	35	31	36	15	25	36	40	49	16	0	49	35	83	17	46	20	35	12	25	53	26	25	63	38	36	36	1	26	24	12	29	23	47	203	87	27	12	12	59	24	73	130	52	45	38	23	21	47	15	32	83	38	25	53	35	31	24	10	12	48	80	21	60	20
426673	420331	432227	431184	426917	422180	373435	365309	406392	406561	393863	390629	333498	360840	352377	296364	392082	369673	369752	365424	378858	353009	329507	328997	400661	372071	402367	397222	379422	418813	418695	383491	411147	398741	321324	406261	425720	402124	406780	365499	375993	367332	369694	368023	362436	356029	347834	331729	339238	389079	292640	357904	368869	354004	365006	364632	382516	344570	371160	363492	326831	343634	343411	371352	357029	343028	350647	382993	407737	349162	370484	390133	349047	373658	394440	360702	339363	338217	402619	401197	357327	348392	361747	355922	376736	361891	392234	358312	375124	352089	351284	393589	384197	390072	370485	384992	363580	355921	388479	361456	381277	388177	349809	364578	327860	333369	335607	291528	357748	299758	354901	369138	335253	352229	368205	404958	371639	357030	390822	356104	391590	383628	357179	354006	309050	344169	347247	311880	341302	281318	333692	326701	333785	396710	364936	374424	396640	356594	376958	368577	392702	410400	384278	359049	355383	322085	377249	383389	348425	343914	361494	363491	410148	389167	371993	340222	390704	333196	366689	314722	323658	277948	288321	285640	369494	378464	344816	353745	303563	370975	330141	358337	346887	342905	357973	358857	378446	342771	353380	388826	359196	396896	399310	360751	399075	406614	417708	403176	413462	299322	324166	373644	331643	346473	339663	323372	378432	361448	363623	360169	392191	366861	378676	349489	328137	352178	383554	421331	402823	398698	417967	373344	394388	404691	374049	383749	413410	408315	401345	413631	384823	399509	361368	352801	407710	384787	364591	312498	376379	371554	409691	384627	348908	293393	351254	363349	357128	317882	352736	368560	384409	409889	319070	362831	300909	357342	342567	398123	354279	354094	352819	363636	342180	58660	348755	325918	217061	304443	202047	373579	383166	320471	354701	369768	312456	340272	365432	323259	360710	367099	380945	327208	344261	385176	375587	351029	362525	366602	333019	362328	367290	359025	386552	325256	333828	290310	369145	293104	344441	355002	384029	384354	369949	353992	386175	407809	385600	338841	352994	366281	368641	379899	373497	360355	335402	374653	385773	412211	374197	423381	401665	375878	386672	368962	383437	407684	411574	393668	370767	355926	389858	378489	286651	375249	346974	331929	414201	374733	368675	358129	349960	400500	352097	386405	378671	322808	377352	406005	382707	363471	382885	345869	377978	345864	353129	344910	366885	336252	385337	376263	309054	376507	351238	391416	236370	333170	335940	330851	325937	263577	299481	324666	340039	301169	284336	267447	323011	289453	272715	269134	301927	242735	252222	275619	258207	211031	234384	230709	195941	186708	158922	211990	204500	200157	170429	211423	237486	224412	231977	249079	158026	197597	231090	221319	237831	241941	242616	221663	268924	265708	283719	244274	233660	198728	200776	215050	295607	202767	219401	239746	207392	217131	245809	244790	172684	250724	205551	153053	191773	160746	184331	175838	198108	179535	192288	156857	236980	347184	340941	364985	359734	280376	370155	343321	377257	346036	388961	363792	374465	309913	385758	317773	343007	322755	343652	354594	372621	354930	367636	366902	387768	390244	371649	374694	383850	371862	381197	371252	377734	380161	332787	322687	358076	352108	364673	366941	373209	333102	341737	376282	371123	346864	374469	351155	345303	358776	376505	341911	338187	362389	365139	378239	374292	361248	389409	387183	365803	349663	359245	409475	372094	384775	371983	376079	342545	346073	370118	404447	333760	355562	346044	407832	374247	290241	353761	387069	377492	313868	366707	349031	349279	361932	371254	306051	288568	377429	376274	361178	356769	343281	344147	386369	383947	363044	367719	377831	371589	322257	413912	350529	402514	361137	365831	358275	397974	358133	351581	394865	357622	400945	377206	378750	383973	382862	369569	383292	396533	351604	395067	391470	401788	398231	383649	326608	341028	324136	336676	319245	394632	311193	359819	348978	367599	326668	376409	345193	375265	327345	367802	343399	336198	345611	381356	360331	357500	338886	376485	357957	377620	349100	328521	361133	404066	316050	341789	371488	378170	309526	348020	324445	339044	323624	277741	351493	360886	266706	337246	331572	330484	342609	344613	326988	349842	337180	307951	370297	343487	291830	374067	214935	323127	321077	367603	333042	349945	333349	376968	321914	289066	312108	351714	314939	306199	316723	342628	340671	356937	339545	376836	294122	373784	299852	331271	333294	360031	316626	341558	332034	324515	311897	335358	327748	357106	306800	299440	336657	336806	339366	357477	264221	95638	31695	33830	27424	30863	28996	26898	25876	30602	29111	30230	29574	29191	30698	31396	30863	33361	38588	38362	29265	29370	27356
105179	98556	90572	89959	86303	87330	82496	85313	83277	98136	94939	85666	83196	81605	92981	90209	93665	92625	82689	99701	94541	93960	90077	85352	86209	86563	79258	76232	76764	78097	75394	70230	82019	71995	70804	65634	67512	76247	71386	66086	61957	58156	60352	63220	60159	60781	68431	66671	65724	63682	64188	64127	61381	56668	57884	54586	57500	63670	64379	66187	66908	59277	62901	67259	69441	69554	75053	87075	86378	79168	87535	98596	91619	105020	97132	96827	89377	95642	88665	101432	110616	110733	106749	113991	121375	117890	129044	124955	126373	121829	118157	113595	115261	121277	140204	142235	122533	120082	128854	117202	102271	101093	101502	99095	100101	99554	108192	106156	106537	112092	116131	122983	121344	116520	102685	96164	97657	102688	102619	103574	102933	113929	92651	84039	84317	82932	85303	85334	86261	81269	77475	91047	81950	81017	76246	76727	70808	79409	83024	86378	79405	77592	67112	62823	72185	66346	61996	71490	71747	67383	63064	62705	65441	66975	70323	78140	75978	90280	79165	73529	74615	77858	86516	81167	88012	91036	98932	116203	107252	132219	136596	120741	111141	110829	107206	111695	111441	109814	113203	116804	121671	117861	110762	122148	123049	112419	134719	124799	126565	130538	123336	112515	122418	106779	141182	130609	130047	122767	121703	130606	130498	129645	111606	132519	134330	99012	107222	104701	101953	101413	100873	111202	115845	132733	106364	91213	97429	107532	83430	88642	100733	83987	93291	86649	95375	85279	75942	81122	71481	95603	83074	85339	82791	88025	93990	99982	102046	103290	104459	95538	95683	102889	97533	92696	97982	114235	97109	102751	83458	100767	122219	114891	103477	99049	119258	111969	90986	93481	98770	102394	94752	84337	91518	98461	113285	93840	94380	106932	83459	89296	93566	98682	106862	97530	105553	99762	100077	111239	109342	117845	121957	109707	109817	119193	128205	121942	120505	115221	110366	114276	123936	123355	110584	121192	111706	99575	104313	96962	92435	96469	105838	124561	110924	125857	114495	106416	99894	111278	131583	109426	108766	100118	84300	87867	82240	90895	86753	84670	75649	73142	74851	71516	64458	68909	64869	69556	65278	63648	60561	68549	66904	64264	71983	73928	75175	71442	81924	83314	79742	76139	65995	63648	60389	68858	62730	64543	79818	74688	71764	80060	77653	76726	71064	77275	77815	72539	76626	82289	81481	90263	81421	85778	86154	100913	97159	97889	100304	109410	108324	105435	100219	107101	110379	105754	105723	91404	91787	103367	120278	119173	121848	104820	100899	116831	119672	108477	99012	93311	93599	84372	84899	89151	88330	85895	84137	100750	97668	97753	96509	101968	92571	87376	82064	95122	94498	84079	90383	77793	74179	69055	66936	73549	75449	74295	75360	73618	77438	70981	65815	69768	62875	93897	67424	60402	70043	66731	59851	60267	60238	66707	61039	67348	70236	69646	66632	61493	69166	71391	53746	49250	50451	58061	59765	64613	66604	57821	56994	53234	64366	67010	64852	71662	66467	65410	68475	63301	64666	60843	60319	66596	64048	69670	61945	60262	57976	60117	61146	61216	53741	54816	65841	65438	65310	59459	52690	52927	59117	61968	62357	82839	73622	69422	63603	63445	59808	65144	69426	70302	72677	70592	66630	65828	67317	65714	68710	72891	99182	70079	64194	73554	77725	76256	69495	69043	72867	66994	61902	63407	68910	94960	79234	82961	72259	68624	66871	59633	62778	62603	56016	61614	52195	50205	43841	42912	45369	45808	43411	48268	47715	47805	48660	51851	45026	44795	46353	51583	44048	40606	49995	46671	48566	45813	43544	49285	47484	50391	49940	48707	48959	45840	50266	54036	56054	48638	48304	52986	53154	52054	47766	51178	56239	50987	48510	53477	51602	56472	62085	64159	62066	66570	70977	78091	70362	65273	68651	70603	65570	67770	65815	64713	62470	55507	58322	64180	63495	65537	65260	69436	63351	72010	67096	78163	69420	70028	71265	81696	81730	85568	84660	76713	66739	69893	65741	67215	69005	65938	77013	73263	74954	69134	58163	52770	53810	55143	52171	59094	55223	56920	56946	56586	52073	52463	50489	49625	40683	46314	47494	52500	52845	52405	43562	56650	53917	58950	60565	62619	55517	55239	55231	52500	51238	53849	77785	85499	82667	88302	95892	93287	85962	95130	94411	93226	97043	104533	108636	100536	106598	86946	98627	90021	101179	91217	83231	79877	86966	89915	88098	87308	86815	88128	88556	86395
7104	6434	3112	3703	3333	1347	2331	2545	2760	5459	2606	5664	5245	11968	6855	3295	2401	1823	2078	6626	1270	1464	1367	1450	1226	4267	785	1489	5516	7941	9710	5486	4367	890	3428	10843	13594	13148	6161	2772	3410	2933	13457	8173	11848	1312	1628	815	1025	10195	6662	8629	749	3650	11266	9891	4984	1304	3666	1238	7088	14326	9110	13236	3903	3601	3743	16145	4100	11063	8559	2925	18134	2950	5281	3451	3435	3614	2908	2725	5598	3896	2375	4180	3954	2635	3828	1823	1910	1779	3923	3883	4393	5220	4159	3993	4574	2781	4597	4348	3761	6159	3442	4093	5359	7779	7663	6410	3909	1632	2737	3831	2693	5853	3461	2817	1050	1007	1405	4422	3995	1447	1477	4133	5111	3626	3092	2431	3968	8136	7345	14947	5467	1910	2204	3074	11803	7398	11272	1811	1354	2153	7826	10116	2591	14496	5593	2530	4552	9666	7592	6190	1743	1029	7758	12523	4411	10270	3100	3373	8705	16370	6217	14747	2410	2552	2449	2651	4059	4595	4189	5201	4052	2747	3066	4689	5210	4463	5829	4739	2805	2462	5194	5783	7255	3343	2079	1911	1855	3680	3655	2098	9539	3618	3321	2367	3277	2713	1797	2173	1815	1513	1672	2101	1999	1546	1250	4768	1163	1426	1809	1851	1532	3899	3688	5240	2344	2152	2085	1979	2481	2935	2946	2986	13394	5937	12271	2238	2149	3609	7380	6531	7046	10419	6352	762	2961	9465	5487	13360	2991	2128	3795	7913	11906	4214	3389	1371	5265	3716	3860	7633	11873	1186	1281	4058	5601	5928	18925	7075	1010	2341	6061	14386	6365	8421	18984	2753	2901	2615	2371	2881	3020	3696	3777	3601	4225	3078	3826	5453	3201	2375	4307	2959	4946	4989	3815	7493	13997	13646	3394	3384	3653	2423	2011	2269	1925	2254	2573	1896	2290	2048	1830	1939	2152	2188	1901	3114	1228	1298	934	1780	3884	871	4017	1133	848	4799	9078	2784	10048	812	797	1297	6273	5112	7001	11061	2046	800	2622	3390	5580	3679	10979	7765	594	3645	3353	10945	12356	783	2590	10607	12076	864	796	679	604	3448	11245	13790	883	1494	2496	6301	9821	14484	6968	4276	19896	12073	8382	7794	6783	4269	4540	3534	9002	1303	1299	1465	1616	2805	2115	2421	5033	2682	6857	3453	3057	3288	2882	3281	3659	4619	3180	3898	4397	2434	2390	2000	2253	2246	5095	2021	2888	1911	4097	2191	3279	2268	2546	2600	2488	2583	2226	1414	6442	1894	1626	1620	1553	1512	1070	1425	1521	3218	7000	6187	5305	5672	5128	4559	5539	5677	13137	12050	9540	9324	3811	3088	5411	9725	6707	9431	2702	10951	6827	8048	6178	5660	2284	14249	8973	11514	1807	5611	1931	8096	13102	8059	6716	936	904	1146	4697	3253	907	1147	997	2257	1541	899	993	1068	863	1241	1394	1904	5462	1604	2907	2555	2434	864	899	1134	3153	953	989	1002	2254	2089	4954	776	3644	1375	2330	1080	1280	1531	1622	3262	3400	3858	3365	3596	1699	1629	2232	1667	877	4151	6552	1475	2782	1344	5579	781	676	1090	12787	3464	1113	2720	6029	9258	6252	7029	6608	2733	13590	829	1015	9781	8180	5189	5411	14827	6299	5889	10509	2983	3277	652	733	15554	5711	10206	668	618	729	9558	10131	13201	1061	994	864	2678	7006	15488	11284	5022	586	761	748	752	1008	1009	993	654	586	837	813	2126	2911	1067	3259	941	3645	816	734	7114	1526	683	2787	3108	7936	8732	8654	5330	1929	3307	1867	1817	1396	9107	2257	1506	2215	1919	2136	2075	2531	1593	3765	4904	1886	3383	5096	2170	2323	1534	2003	10355	6912	1403	12001	7563	2198	952	7428	9085	1349	8807	5547	641	1117	7676	13761	12663	3017	738	867	1967	13002	12867	1129	630	4186	3810	8303	11606	3334	737	2847	1081	15964	14911	3182	1592	671	792	12914	5669	15725	5468	10041	1881	1963	2698	2545	3007	2710	2283	1800	1567	2098	2705	4829	2570	4101	2441	3197	963	4060	3857	4084	3551	6194	2721
34883	37812	35411	37253	41038	34354	35966	34848	36234	30827	33383	33157	37180	38096	36434	33283	33798	34853	35888	35704	28602	31181	31228	32292	33669	32827	28473	38823	40184	44910	29520	26559	21436	26313	24332	26505	22720	21833	25384	24795	25172	23947	20683	24433	23416	22473	20581	19109	22228	23791	22195	20269	17954	17487	20290	24949	24358	24809	24120	28769	24250	19713	20676	22918	24021	25371	26001	27592	31671	29963	24803	21037	26036	27148	28858	33899	36899	42842	46273	42084	41309	45044	50402	45842	48737	47361	43083	39653	43763	44063	44744	43721	43712	41466	41671	42238	40763	44376	41496	45921	44127	39211	37795	36288	38978	35564	32920	34834	32263	31703	29788	39126	35498	35440	37475	39671	37532	31682	31609	33327	30303	30838	32127	32006	33704	31596	30164	30617	30264	31287	29221	26890	26661	23612	22253	20631	20723	21750	22724	26783	27234	29284	30962	24886	27528	30131	26946	21026	21263	22939	20629	22192	18027	19284	19348	19241	18883	18237	18944	20380	20948	25259	34123	33686	36120	35510	30477	28832	32019	30443	33038	34763	32781	41425	44002	37777	35791	38843	37432	31168	30755	30080	29751	32226	34497	32956	30670	44055	40349	31137	25782	27698	29349	32232	32599	34978	33009	31773	33945	29446	32229	30805	28695	27437	27588	30259	26015	26799	25860	29510	29386	29964	27661	30643	32133	28076	28057	29455	29664	25441	29418	29939	31638	32212	29772	21421	22331	25128	21283	23442	23951	22456	23264	24033	20722	20753	27832	30471	29622	20732	20555	24441	25078	22709	23987	22698	19427	17495	17710	17857	18287	21197	22881	20463	18717	16769	19739	25195	21430	22719	26336	27226	24506	24844	29758	26380	31033	30504	33905	27159	31472	30322	31413	35821	30605	24482	29080	29573	27438	24682	27742	23594	28371	27194	24561	27824	30737	35048	32347	32149	29692	27237	25110	26806	25331	28416	28346	26522	27848	31699	27547	29297	29381	30938	29121	31920	31235	29296	29372	30710	32120	29059	29804	30281	30297	30495	35516	31200	30651	25358	24606	25868	25921	23896	24533	24059	20761	19031	20683	21434	18914	18513	21760	21029	21517	21177	20843	19520	19114	17316	16958	15476	16865	25373	13575	16585	18978	18292	20367	18099	16309	25859	28167	24344	21426	18972	19482	18120	26800	35257	30063	27367	31354	34187	34969	39027	35217	33699	30649	32985	37125	37708	31943	30909	33148	31192	30503	27827	24985	26714	33867	32224	29929	30111	30434	31657	30690	33059	31844	29937	32684	31991	32418	28862	29476	28942	29444	32185	23287	21893	23064	23186	21445	29912	26419	29478	36330	35091	42698	41191	33250	26791	28112	29418	28641	28261	25595	24250	23289	23590	21059	21134	24643	20100	18109	18316	17665	19329	21901	20274	20754	20196	16049	19048	20458	16468	13810	11952	11475	11039	10762	11022	11449	14123	15351	15896	13330	15542	13736	11496	15138	15143	14926	16291	16876	14320	14860	14732	14189	13555	23352	19636	19171	18312	18128	22597	21459	17790	17171	18351	16944	14593	12625	14809	15704	14315	13464	16711	18820	19432	18150	23646	19657	18728	18324	23222	24876	22692	20251	19458	15063	15050	13062	18546	17847	14613	16506	17997	17629	18671	15491	18472	28438	25044	21416	19290	18196	22385	19917	19585	16056	14672	14125	16894	16476	15455	13296	12292	10967	9788	10823	11981	10998	13274	13135	12036	11615	13785	10433	12705	11363	11225	12326	13414	13617	13448	13123	16328	11956	14414	15848	15387	15214	16967	16926	16939	16947	16848	17415	20165	19363	21508	21922	19515	19094	24393	34491	28317	20495	21419	22969	31225	27285	20199	20048	18748	17798	20274	20263	20469	20800	21194	19036	23371	27291	23763	19226	22630	21545	24843	27370	24169	21545	21398	18863	17693	19539	19431	17127	17302	17952	17770	15687	16934	16877	12695	12838	15783	15440	19407	25776	27040	22459	20588	17386	18596	18556	16752	15870	27971	15245	15738	13835	16182	16627	17845	17839	15040	15038	16280	14064	18534	16098	15185	15369	12822	13280	12846	10681	12943	12488	16001	15182	15945	12447	15301	14242	19196	18196	18686	15816	18266	17080	19317	18046	22099	21955	21105	25281	28420	26997	26260	34257	30515	28181	30270	32941	27301	35751	31703	34021	34751	37499	39455	32313	16098	29840	28899	25401	27071	25921	27080
6775	5350	6587	7960	7521	6204	6690	5109	6240	7982	7998	9433	8929	9641	12121	8627	9026	9657	8703	6017	6429	6162	6125	5883	7374	8557	6668	5644	5436	5782	6220	6832	6367	6251	7142	7634	7396	6555	8676	8030	8539	6969	7123	8487	7703	6663	5432	4134	3565	3679	4357	4892	4726	6495	4697	5724	4954	3798	4714	4092	2520	4715	5624	5089	4294	9869	10863	11539	13086	12753	13694	11007	12691	7509	5724	6126	6139	7725	13268	7167	7861	7620	6917	7493	6529	5716	5541	5994	8802	6494	7279	6408	5920	7916	7162	6431	5902	6715	6707	7167	8048	7619	7427	6250	5605	6550	6263	6600	7727	9986	7500	5832	6329	6492	7314	6828	7688	7628	6864	6432	5859	4874	5698	5235	6146	6195	6652	6806	6252	4413	6023	4702	4652	4495	5025	7097	8750	7100	6409	6295	6353	7650	5592	5051	4900	5022	4819	3980	4029	3655	3084	3774	4498	4352	3876	4006	4172	4096	4310	4700	5385	10281	3490	8974	4236	10276	5226	4546	3927	4674	5127	10088	4084	4258	4072	4244	4643	4356	4391	5562	4828	6012	5753	5068	6424	7316	6870	6208	7523	7952	7726	7077	5355	6448	6685	7817	6923	7366	19864	25392	6251	12296	6216	6323	8059	10709	11399	8398	8047	6733	6377	6293	6426	6706	6605	7258	8015	8095	11487	7112	6533	5475	6116	7149	6415	5521	5702	5848	7452	5434	5929	5229	6298	5437	6396	6635	6812	6259	5708	7463	6927	7597	6906	6154	5053	6758	5364	5980	5212	5740	4567	4959	5174	5059	5411	4585	11989	10448	6216	14089	7029	4073	4642	6202	12632	5070	12700	10671	7948	8917	7018	6688	5638	5407	5238	6807	5952	4572	4455	5290	4829	4288	4902	5426	5870	8030	8053	8043	8966	7295	6774	8876	5819	6606	6196	5918	5128	5816	7643	8121	8112	6343	6741	6212	6341	5345	7112	6076	7073	7902	7632	11279	7068	6851	10312	7004	5812	5299	6925	7139	5389	5157	4191	3944	4404	3958	3751	4201	3636	3902	4782	4726	4451	6507	5153	5607	4033	3986	4369	4553	4978	5828	6450	4713	4504	3692	4185	3521	4919	5368	5647	6542	6590	6035	6009	5597	5965	6219	6140	7701	13876	8883	6484	7454	7160	5678	5258	5999	5684	5963	5684	5580	5835	4819	6227	8665	9482	7865	8427	8416	9264	7645	8057	8030	8802	8160	7106	6899	6452	6692	5676	7411	5869	6017	7398	6804	8118	7519	7589	8268	7389	6913	15110	14588	15614	20473	21928	25974	22235	22679	21673	19892	22210	17233	18534	19352	20544	18023	16288	13633	13098	12385	10918	10700	8328	7645	9553	11054	13329	14178	8617	8182	7921	7500	11016	7976	8088	8682	6693	4573	7135	6343	7201	8511	8491	7167	5465	5617	5742	7234	11429	10589	10189	12010	11844	10925	11841	9719	14141	23396	23067	23448	22587	16055	14838	11108	11610	14387	14073	14293	13941	12284	12483	13564	18631	13100	11607	11958	13174	12540	17242	16970	15328	18277	23384	33597	16911	12724	13379	11535	7759	13734	20237	18983	23387	19350	13100	11566	12397	12827	16763	14598	14247	22794	20561	14403	14452	13398	11160	16620	20353	24414	21562	20834	22113	15917	11990	16791	15859	9324	10043	10295	7681	7798	6594	8486	6459	5850	6749	14015	8952	9520	11615	14114	14930	14100	10058	12853	9638	8399	7551	9994	10264	9103	9852	9657	10011	9562	10755	14423	10604	9678	10245	11930	10483	11285	19304	18325	15376	17687	25378	23559	13376	15007	12156	12810	17774	17149	16084	15162	15087	18074	18542	17641	18531	20477	19470	18676	22698	23532	20424	19922	21944	31437	26223	22997	19865	22804	16229	20287	24066	18077	23663	27100	29354	27339	20818	19018	21803	23780	36355	34706	30529	23331	27025	18662	18421	15532	20935	20457	17462	18472	14622	14772	15350	16304	18703	19531	14365	14463	13085	11524	14627	13360	12573	11146	13056	15979	21635	16156	11471	12233	13409	12038	11834	10090	8522	9198	8275	9270	10255	8689	7663	11912	10358	9849	11204	8429	12185	14129	18611	19789	16540	12312	16980	11747	12620	14802	16649	14853	12953	11906	13987	11541	9738	11582	11866	8733	10348	10856	13629	13999
632	404	447	527	276	270	407	621	338	300	197	261	579	353	516	536	493	557	374	308	323	256	310	772	1258	1107	912	599	970	997	1227	1312	1471	1424	952	735	548	254	263	306	285	427	304	373	439	307	370	318	202	277	277	292	298	156	78	109	192	123	22	191	296	176	129	179	190	151	346	278	319	293	288	304	300	320	232	524	298	500	287	347	345	466	447	288	445	419	254	353	457	381	338	379	375	496	580	479	453	478	633	424	791	1839	727	380	340	545	451	366	272	319	376	512	524	498	372	595	529	347	443	607	574	706	515	907	1085	1707	1291	1465	1323	969	794	930	747	1922	1205	309	286	621	249	296	370	345	261	347	418	354	1427	1565	1201	739	196	239	327	355	533	648	374	393	352	443	346	446	407	263	429	497	424	412	458	526	503	596	858	436	504	321	407	391	477	638	546	348	388	553	299	272	455	421	316	501	459	416	429	391	448	419	321	360	345	290	279	287	239	173	174	213	185	323	222	253	189	326	239	239	262	380	276	155	158	339	983	941	1167	840	953	556	328	180	194	115	165	284	229	159	178	115	48	83	59	62	138	128	120	110	129	77	27	36	47	80	108	64	130	95	103	117	146	76	97	118	211	180	166	236	428	248	284	435	202	362	443	277	172	332	391	365	343	353	309	253	264	312	397	393	463	442	208	307	533	842	591	342	245	264	161	201	89	151	169	235	249	107	174	162	174	100	263	190	246	128	181	225	260	253	165	451	765	973	778	740	786	735	499	158	86	123	90	41	173	144	107	69	140	109	90	66	65	40	71	116	119	114	100	107	81	100	101	111	76	119	57	107	110	118	169	243	253	152	124	451	239	225	397	283	275	285	218	218	265	331	303	449	427	287	272	214	367	335	437	311	342	159	122	286	380	391	507	336	191	178	267	200	114	270	150	173	224	161	133	121	163	131	123	127	192	146	179	193	134	86	150	1063	1283	1119	1216	1214	1406	1431	950	694	258	111	175	275	266	204	135	113	77	95	118	133	110	155	91	392	90	80	75	106	67	150	115	81	111	113	139	204	104	94	189	197	218	143	255	344	191	297	180	271	224	162	256	315	227	267	309	201	256	277	266	121	338	234	124	313	305	273	245	273	189	214	106	111	103	180	356	212	121	201	244	185	197	54	132	168	220	267	305	203	207	273	131	253	307	313	214	632	345	1036	787	984	719	148	226	208	232	346	298	368	450	294	113	197	190	197	114	263	223	162	234	260	112	138	73	84	279	205	102	103	86	61	146	108	57	62	84	145	148	84	70	37	47	42	86	48	38	167	175	162	161	109	145	77	155	139	106	161	103	177	177	160	113	158	105	104	198	225	231	195	196	142	198	282	191	235	247	260	204	248	293	249	488	272	285	283	184	165	183	245	319	212	315	428	289	182	164	151	214	177	389	159	101	201	194	204	85	231	215	331	156	118	117	88	177	223	146	177	260	243	157	130	81	43	114	137	118	158	193	72	201	131	294	312	288	423	245	299	547	446	296	356	297	232	270	376	472	296	343	323	338	465	404	448	575	287	357	811	665	420	634	760
21663	22133	21032	19093	19594	20745	19384	21486	22416	32367	25462	17518	9296	9928	10189	7873	9594	8199	10701	12025	9265	10594	14350	19910	15164	14707	14771	13892	12653	15392	14469	13423	14752	13058	11110	12240	12648	13550	11123	19921	15451	12720	12280	11083	9086	10146	8786	7062	8923	9833	9543	10727	10637	8877	6733	5900	8428	9184	7305	9257	6967	6874	9003	8571	8008	9967	9684	10246	12239	12360	13430	14002	14729	13272	17332	15785	17298	11759	9931	13697	13777	13403	13384	14405	14729	14948	14308	13308	13738	12301	10825	11211	12966	13741	11948	14422	12100	12921	12415	17146	16533	12355	11806	11065	9538	9283	10208	9966	9325	12796	9169	10223	11254	7951	7617	7460	7565	5467	7490	8558	7955	8694	12901	11789	12295	10825	9717	11212	12910	11616	11892	11834	11833	10875	10242	9671	9296	6374	5760	5586	6813	4956	4807	7004	8059	5228	4816	6376	5933	3931	5114	4153	4236	4151	3794	5496	6773	5425	5546	5480	4208	3938	3894	5232	4975	6103	11445	6672	11728	8657	8795	8485	9149	7349	8557	7879	6674	11591	10115	8054	7589	8506	9772	8470	8729	9940	8662	8592	8829	8888	9610	9536	7774	9498	9678	7891	7695	8593	8948	7599	7491	8617	7306	8446	8742	9443	9933	8976	7111	8794	7933	13569	8741	15818	16548	17638	20272	17373	15766	14865	18470	18471	19203	16716	14121	15067	16525	18239	14860	15822	15554	14350	16025	16124	13311	7568	6096	5552	6955	7821	6752	6918	10443	7245	7464	5815	6381	6646	6646	4943	6131	7556	6451	6956	7484	8771	9883	7546	5231	6883	7837	6306	6541	11692	10243	8076	15042	20379	22003	17980	22792	20735	17803	16517	16415	17611	16492	18078	14245	7788	7900	8064	9562	9621	9343	9976	10010	13011	14440	14872	16008	12722	9773	11414	10979	10361	8049	7981	8189	8466	8538	9782	16193	12533	10466	16312	15758	13070	15878	16181	13231	13869	10669	17552	11888	11335	11647	9707	12092	12154	12564	10455	13331	11480	11274	8062	8453	9499	8995	8267	8367	9097	9752	8546	5034	6994	7249	5824	4437	6714	7101	6499	6083	5561	7215	7041	6956	6395	4981	6770	5205	7988	5373	6206	6902	7905	6799	11689	10696	10515	9848	9815	8577	7627	8849	8533	9922	9801	9075	7761	7228	6405	6487	7446	7765	9121	9994	7847	10477	11594	10044	9498	7997	10076	8601	9650	11145	9614	9577	11044	10727	12041	10923	10206	10317	8731	9359	11011	8697	10945	11961	9148	12354	11483	9458	7444	6679	6330	7515	10664	10306	8408	8754	8297	9100	11735	9003	8774	10336	10257	8570	8100	7372	7107	5114	9136	8304	5301	4683	3288	3785	5092	5165	3978	3538	7455	8955	9840	9707	10660	5773	5777	10580	11064	10615	8629	5591	5297	4472	6537	4423	7120	5223	5008	4975	9137	22195	24646	6348	5401	5651	6404	5043	5013	8205	6502	7145	5697	4998	4693	5198	4636	4584	5075	5130	4729	4031	4209	4572	5944	4511	4614	4734	3621	3770	5150	5233	9173	6210	5630	5376	5184	5440	7157	6259	6166	8562	4254	5013	5037	4270	3957	4715	4190	4703	4383	3650	5196	4467	4356	4453	6422	5116	4035	4390	4034	3477	4305	3214	4398	3776	3262	3009	3087	3461	4624	4947	4568	6628	5970	8484	8372	9123	7815	5071	5619	5180	6219	5430	6760	6360	6606	4365	3544	3904	3703	4010	4734	4184	3725	4026	4256	9956	9730	8884	10080	10408	9256	8662	8194	9808	6143	7079	5586	6790	5650	6665	7011	6669	10518	5495	4968	4591	3877	3769	5274	5711	7661	8021	9562	8760	8937	6146	6995	6140	6315	5773	5094	4692	4935	4631	5326	5988	6957	7882	7864	8065	6553	7554	7204	6239	5417	5550	5288	4641	5702	6090	7225	5228	6188	8451	5043	5569	4576	4583	6530	4744	4280	3790	3751	4236	4225	4834	6839	5163	5070	5152	5092	4606	4824	6705	8603	6976	8274	6614	9002	6690	7887	9477	8304	6507	6912	6857	8622	9523	8440	10238	9539	9870	10288	10943	12366	14303	17710	18557	16042	16871	14853	14674	12964	13387	14615	13845	13297	14825	12237	5366	7198	7599	10413	9280	10015
4559	4035	3921	3752	3391	3046	3168	3696	3627	3271	3722	3637	3366	3265	4189	2691	3281	4081	4480	5113	7272	6570	6423	8292	7904	6767	8021	9062	9795	10640	5964	5193	5544	5049	5094	4265	5011	4231	5100	5300	4609	4756	3487	3158	3316	3656	3797	3699	2884	3811	2892	3112	2572	3339	2807	3207	2974	3568	3343	3703	2906	3513	3175	3810	3659	3699	3320	3345	3939	3166	4408	3252	2582	2879	4637	4935	5082	5150	4996	4433	5995	6290	4942	5037	6271	6705	4689	4980	5337	6103	4724	4829	4967	4800	4946	5344	4057	3724	5641	6202	5647	6151	6202	6290	3924	3633	5127	4983	5401	3712	3276	3510	6282	6991	5721	4839	2939	2719	3446	3353	3229	3047	3631	4008	4149	3903	3269	3914	3791	4119	4192	4349	4157	3988	4214	4859	4654	4455	3697	4120	3571	3967	3574	4356	4335	4281	3126	3881	4144	3283	3303	2893	2768	3025	2976	2692	3418	3479	4286	4194	3622	4273	4437	3359	2576	2775	2918	3516	2488	2683	4062	3259	3937	4077	5462	5710	4982	5344	4824	6794	7861	6103	5684	5814	5632	5516	4705	5257	6882	6223	6076	4673	6058	6699	5679	5326	5453	5328	6652	6334	6615	5781	4951	5885	4465	6249	6303	7341	6329	7817	7950	6836	8296	9332	8714	7216	5965	6267	6286	5196	5703	6285	5607	4325	5177	5213	5349	5024	4457	4556	5788	5249	5077	4632	5337	4909	5333	4723	4330	3875	3630	4530	4872	4319	4812	4238	4440	3995	3719	3032	3336	3953	4229	4843	4715	5308	7706	3857	3537	3963	3860	3320	3559	3743	5843	3969	5154	4779	5532	5658	5095	5096	4997	6019	6445	6719	8707	5623	5289	4330	4680	3942	4356	4005	5304	4450	4315	3846	3787	4683	4807	4611	4472	5341	4974	4117	4371	4929	4761	5340	5115	5607	6079	5774	5412	6450	6541	6236	4581	3700	3714	5241	4858	3670	3787	4148	4306	3720	3988	5013	4702	5462	6121	5999	6361	4638	5275	5937	6487	6411	5552	4930	5639	5093	5257	4541	4886	5005	3958	4773	4057	5106	5813	5289	4177	3509	4000	4189	4263	4053	2910	2151	2704	3102	4286	4908	3542	2993	4595	4251	12651	18661	6894	7931	10494	4058	5406	3651	3974	3699	4548	3727	2980	3536	3066	3685	4369	5205	4774	3247	4491	4233	6599	5656	4853	4507	5264	4476	6250	3962	5737	4550	5386	5675	7304	6696	7070	7145	5741	5715	8248	8648	10885	10157	8253	7793	7724	7109	7197	6688	4820	6469	6335	6465	11365	27862	8779	6704	7222	7693	9954	9263	6914	5849	5694	7561	6225	6668	6294	7643	7338	7729	7061	8132	6480	7603	7756	6158	4512	5814	5719	4634	5611	5070	4432	5360	3950	4750	5031	4615	4347	7088	4556	3943	4893	5235	6900	6956	6587	7175	5577	7572	11446	9429	8891	7696	9279	7759	7996	9401	10154	9987	9896	6153	7265	6599	6076	5016	5728	8304	8080	7268	8449	12668	12205	11442	12032	9474	8280	11609	16559	20398	19630	17543	13218	10200	11528	7574	6975	6687	5587	9433	7035	11180	9830	11191	10355	7969	6038	5526	5865	5442	4919	7343	8758	21197	10262	9668	10541	7142	6941	9508	7144	7402	7736	7273	7842	7278	6576	7386	6583	7094	7762	7000	6996	6814	5627	5340	5138	5551	5672	6455	6516	6384	5699	6916	5609	5266	6319	6902	6424	6578	8812	7990	6863	4991	5277	6627	6635	15968	12455	5769	11085	7164	9077	7480	13471	7957	12280	9932	7372	4498	6210	8751	8927	9578	5321	6318	4971	4432	6092	7394	11568	8162	6991	9089	6093	5013	5873	6054	6153	6004	7841	7048	10824	10246	8618	8753	11314	10690	11997	11707	32047	30637	14826	8892	6431	7024	5123	4631	5093	6133	6213	5128	5181	6415	4606	4834	5153	5048	5759	5698	3784	3206	4674	3458	3742	3300	2970	3630	2845	3822	5178	4319	2705	1934	2387	2410	2807	4260	1925	2406	2187	3265	2801	3009	4161	3846	2679	4403	3929	5688	4972	5602	9098	10600	7243	7971	6433	7820	6676	7071	12996	20904	22047	14872	15495	15074	5899	7805	7382	6522
13090	13117	16682	12975	12373	11515	14075	12098	12584	13099	14023	12559	13616	13638	13957	12577	14902	13832	14598	15474	14816	17088	16537	14966	12707	14756	14210	13840	14055	13007	14412	13989	14898	13828	13153	13080	14530	14891	16649	14565	16660	17346	14623	13334	11574	11851	11685	11272	11654	11334	10984	10101	11994	11333	11804	8814	9974	11795	11380	9896	7736	9793	9559	10749	11028	9061	11304	8411	9656	10289	10559	8914	10456	11868	10343	10271	10387	15788	15054	12040	9986	10558	10394	19837	16475	16127	19128	19863	16060	18927	20294	13290	13586	14144	15681	12109	15925	19086	17300	13970	14453	14637	16465	16810	16180	15709	12162	13760	15809	14736	14845	13623	16022	17887	23965	13572	12921	12992	17632	12525	13426	18514	26726	18777	19907	20553	23205	18299	16715	18242	19245	17408	17810	18878	18983	13600	10278	10861	10675	10474	9573	8325	8768	10391	9255	9289	9113	9916	12757	10675	11982	9452	10665	10593	9812	9754	10108	9942	9115	13284	17327	15837	9253	10883	10717	10565	10558	10478	10180	11028	17969	12095	10996	17537	16537	14958	15471	16241	13756	16196	13481	16254	17628	13443	12920	20837	13722	13612	14543	15764	13567	21839	10876	12400	13757	15398	13311	14726	12202	11665	12607	13323	12755	12880	11588	11759	13380	13075	13667	13264	13769	13421	13508	13933	14256	14961	14768	12564	13097	19357	16571	13704	12351	15476	14305	16166	13519	11211	12570	11954	11664	11405	11493	12847	10909	11572	11480	10860	11020	9823	10464	12307	12566	11453	11239	12163	10305	8924	9099	8078	8614	7253	7796	9809	9685	10842	9092	9876	7940	8608	8821	8829	9805	10431	11196	10816	12233	13273	10916	11686	11716	11506	11918	12423	14151	13409	17190	15283	14132	27610	19015	12018	13454	14465	14666	14954	14898	16265	14556	14742	23794	34492	34564	33198	32731	31814	32384	31612	30719	25953	18573	12306	11823	13859	15227	11676	11602	12274	12854	13103	22706	14225	16217	14379	14223	14545	13821	13868	15593	20248	17676	14240	14452	21273	16811	18928	19844	21325	17359	17628	15759	14530	14516	13734	13847	12555	14299	14242	14257	12164	11337	12891	14167	14973	15686	16709	15921	12967	15887	15826	13596	12684	12630	13286	13765	15858	15126	12267	12996	14407	15851	17131	14706	17012	15501	18166	15990	16630	13976	15366	20084	16579	12999	14015	12352	11138	11200	10250	10068	9317	10393	10560	9150	9278	9925	13004	10114	13588	12449	8325	8820	10388	9635	12468	10340	11608	15697	14016	11483	11043	11867	14333	24642	27076	26073	28329	26970	30889	33702	28633	23590	26928	28763	30201	27078	37846	34438	36273	37181	38215	31752	33531	34208	35206	34727	30267	29165	30490	29177	25555	28940	15767	15064	15364	17553	13152	15510	10616	10664	7841	13025	14013	16788	18615	18610	21666	18444	17769	18849	17841	17971	19959	18207	19130	19007	16726	15292	15284	14010	22156	18835	18412	22412	29766	32235	25086	30228	25377	27322	22871	20720	21665	28132	23743	24305	20256	27299	25752	25187	23718	21231	22259	23040	26562	26944	24671	24635	23473	24360	26000	22867	19637	21936	23944	26292	25824	27403	27465	29705	28548	26804	27226	29794	32343	33616	23796	21537	21047	23960	28692	28527	24535	25548	24858	25212	30586	23271	21765	17884	18979	22172	29941	24667	19726	19870	21212	19259	18784	18259	20124	21798	20247	16444	15551	16500	16361	15785	16709	15547	14792	15873	16444	16627	13444	13685	14749	16221	17901	21621	25137	26194	17800	16549	20187	18352	19640	26534	23697	20635	18967	32607	30981	25346	24416	21015	17433	20005	27872	31688	33545	26229	27665	25316	24882	23958	29053	29306	31079	28586	24506	21556	24390	21103	21954	25029	24256	25552	27020	24750	21386	25752	35040	23494	23561	26152	22143	27320	25629	28586	23924	20847	22135	24282	25771	22802	21898	24659	25107	30675	24284	24053	22266	21170	20208	18324	18373	17526	22410	19075	17371	18814	18656	18759	19746	18859	18518	17287	17275	17755	16903	15634	18327	15751	15772	16521	18350	18899	19984	19585	16114	11473	10565	11746	14186	14172	13494	14875	16564	16658	21449	15891	20405	19193	18381	22494	18300	19293	22348	20132	20208	24440	20238	19672	19253	24409	17864	19133	18710	18939	23567	24824	24377
6874	4737	5072	7224	6494	6941	10767	14726	19555	7791	5283	4397	4776	6595	10049	10649	9322	10167	10596	10090	11278	10857	10335	9840	8309	10657	4802	2540	1908	5517	3949	5209	4219	5241	5482	4872	5041	6790	5619	8155	8167	5718	4631	5050	5060	3860	2463	2556	1755	2209	1978	1332	1205	1219	3102	3732	6838	5521	5502	5388	4684	3343	3835	8286	5161	5944	5429	4054	4024	7494	12414	22673	20497	10257	28246	23576	19877	20223	25540	17983	27656	28119	22360	12178	14351	17133	13012	13820	9471	9619	8867	14764	12891	7838	11155	17523	18505	16258	22581	25952	21403	16585	21270	23911	20028	11545	16076	23269	19943	10443	9877	12512	14348	14530	13197	13608	13671	12262	10381	9764	9320	17246	20817	17295	22136	23261	13698	21019	16602	4245	11408	18161	15213	16527	17543	5368	4085	4272	4854	5974	7142	5869	4856	4079	5254	4770	4839	5553	5253	5589	7859	7765	9876	6860	4493	3589	5477	5221	2919	2889	3707	5641	4897	4540	5434	9450	23371	25021	16543	17233	16915	18163	18570	15753	16350	15123	14481	10813	14527	12855	16907	15784	13282	11672	12166	13576	5864	0	0	3956	9908	7068	10840	6580	6926	7032	7001	11030	7779	7313	10949	5815	4782	5540	5703	5042	6663	6335	5902	6631	6060	5889	5279	6016	6803	6719	5295	4654	4320	4144	2390	2532	4487	3984	3854	4152	5272	5162	10031	8213	7641	4795	5234	4514	3839	3678	3707	3727	2921	3349	3046	2748	2699	2653	3425	3793	5505	7472	8537	3282	3048	1857	2293	2172	3569	1977	2938	3093	3567	4434	4270	3492	3153	4783	6994	10411	11353	13180	11054	8836	6484	6712	5841	7476	12145	10457	8860	7538	5763	4202	5539	6504	5583	8669	6475	5263	5131	4744	4996	4650	3389	5187	5155	12284	16085	28151	22720	8455	5327	8500	3753	3770	4274	3830	4364	6836	3295	4569	3772	4212	4807	4011	2720	2570	2956	4043	3623	2986	4518	7586	7617	7243	6540	7608	6599	5581	3609	4821	3039	3688	2134	3172	3368	3293	3083	3883	2346	2986	2146	2216	2112	2213	4390	6270	8683	4827	5129	5218	5317	3736	4350	5461	3886	4124	3309	4697	5921	8647	6091	6843	6933	11620	9786	10407	7980	10217	10435	8904	5985	5736	8018	11601	9779	9432	9343	6922	6600	8803	9749	10636	10743	14639	11086	10126	6715	6275	8989	8877	6440	5883	4430	5620	14871	8282	5139	3942	4141	4089	4455	5318	4268	5713	4349	4874	4363	3398	4325	4740	5677	5546	4220	5097	4936	4936	5103	6375	6045	6823	8761	9714	10770	7418	6224	7561	8003	5479	4816	5298	5858	6449	7728	1883	1238	1422	1521	1323	1166	1486	3144	4588	8895	3348	2742	1300	2428	1761	1091	1335	1396	1474	1114	991	1488	1070	1520	1934	1652	4172	4306	4558	3742	4979	4024	4328	4433	4600	4938	3991	3979	4007	4221	4581	4169	5265	4067	5201	4137	2691	2171	2085	2176	1827	2136	2362	2042	2084	3372	4596	10470	4581	4441	3875	2764	3133	1774	3996	2369	3337	2964	2926	2221	2491	1749	4398	5590	2400	2473	2347	3221	6316	5320	5497	3679	3938	3840	5173	5351	4378	4016	4585	7509	6092	5209	5170	5598	4653	3858	4867	6456	6660	5693	6448	7685	5543	6840	7382	12064	7577	7225	5870	6018	5492	5799	4097	4139	4343	3522	4211	5783	6418	5611	5573	4876	6846	8015	6727	4697	4485	4687	4823	2297	2691	4078	2106	3580	3116	3103	4067	3560	3896	4052	5124	3737	4700	4295	3499	3286	4451	7013	6491	3745	4136	4101	5739	11351	5182	3641	4195	3155	3452	3443	3898	2629	2459	2998	3619	3350	3466	3994	3452	4101	4724	3714	3627	2701	3166	2008	3550	3781	2919	2095	1809	1497	2952	4396	4129	3141	2191	1001	1989	3213	1455	943	3015	2871	2826	2827	3484	3783	2166	5671	17487	7444	3272	2965	1958	1815	2183	1750	3291	2380	4205	5741	3099	3392	3949	4363	7462	4623	9868	19881	13517	7623	7749	7805	12246	10703	12900	11334	12489	14361	12790	19458	14136	11227	12112	15229	12835	10676	12677	12187	8438
18934	19422	18476	18198	16707	17694	17539	16676	19401	19180	18330	17561	17343	17375	19004	20405	20019	20439	21735	18991	14697	17503	15884	15129	14671	14693	16047	17092	16995	16780	17140	15529	18177	18853	16765	16323	17105	15141	14732	16630	16251	14821	14474	13807	14244	12826	13468	13168	12986	16998	17128	15806	14067	13475	11860	7281	11502	12599	11345	12227	11253	11116	14698	11754	14699	13719	14334	12056	13573	17488	15332	13899	14079	15887	18296	17776	19902	21068	19857	21537	20304	17388	17449	18499	19204	21355	19118	19850	21401	20343	19873	18267	18390	19145	16049	17036	17076	17384	17587	18897	17522	18858	22288	23184	21165	20473	17527	20182	21756	19801	17741	16915	18616	18625	19239	19495	22953	21451	21405	20887	17742	19315	19243	17357	17844	21668	19303	20200	18848	18018	18017	18934	19553	18328	20419	19304	16962	20546	17980	17960	16861	16767	19205	19228	17548	16327	16450	13292	12982	13024	12407	14371	12526	11559	13333	11682	11180	12789	13718	13912	13915	14182	12648	16401	12700	15992	15559	16674	17819	16482	18322	25406	25275	25433	21099	22549	23340	25510	19119	18436	20291	20179	19593	18471	21051	21131	21019	19586	21346	22268	20043	18520	21520	21596	22059	21531	23622	23619	24754	23232	21722	18986	19718	25416	23781	24266	24629	20539	19311	19479	19640	16695	18550	19961	21815	18423	18976	21128	19754	22377	21743	18596	16996	18201	19055	21537	23148	19424	19680	17276	19123	17947	18174	17690	16677	17765	17575	16699	14705	14729	12812	12912	12569	12288	11113	11606	13672	11520	11029	11147	11852	12395	11230	11307	12323	12361	13397	13798	13435	12868	12759	13413	13617	13065	13803	17562	15940	12834	14942	14996	14479	16421	17251	18870	18877	18511	18597	16482	17781	18601	18001	19089	19405	19168	21108	21132	20715	21982	20744	20637	19385	21663	18634	18993	18434	18217	19453	20474	22292	21210	21294	21654	15869	15547	16343	16347	17500	15274	14828	16695	21854	22443	18864	20743	20930	20131	18449	20420	20465	19517	15765	15118	15521	14428	14783	15365	14316	14067	14099	14884	15596	16308	15291	15013	15450	14323	14773	15687	15625	14796	16061	15981	15610	16025	13980	14809	15671	13700	12830	13051	13821	14362	14182	15490	14550	16019	18736	16813	16362	14724	15977	16743	15867	16810	17154	17510	17718	15999	17352	17985	18163	17435	16318	14953	15997	17308	22356	21393	18640	16369	16281	15125	14610	15675	13167	15174	13739	16797	17458	14840	16737	16857	16059	17225	16451	18121	18148	16606	16059	16803	15177	16075	21810	21452	23673	22562	26592	32478	30452	26923	26731	27950	28816	30577	29769	33198	33316	29488	26770	29098	29521	30293	26335	23992	26575	28382	29813	27465	25243	25942	32211	30221	29842	25774	23899	24841	26219	27203	24502	24187	24964	25959	25529	23989	21805	21860	22132	22751	25705	23713	22354	23123	21298	19950	18209	22854	21702	23170	25240	27313	27138	33095	28370	30831	34878	27353	26225	32327	33084	27844	28248	22916	24455	29623	27690	25075	33211	24156	24211	22059	21977	23540	18341	18649	20122	20595	23390	24497	26332	24981	21937	21735	20488	19947	21638	23298	21654	24358	20260	18977	20437	19130	25261	22219	32778	22785	20929	20000	28077	27929	29891	25787	24693	26420	23951	25663	22943	21517	24528	24877	21873	21386	22956	24350	25401	23454	25302	21186	20155	19032	19038	19501	18849	17553	16981	17316	16111	16808	18394	18892	17033	14465	14026	15891	18922	17442	17081	16481	14785	17066	20785	20842	22614	20628	22150	21417	20763	23972	29060	33943	29306	28854	30409	27833	26804	27314	28746	33837	29534	29232	32143	33071	30375	28640	26778	25323	23313	22670	23953	26102	26931	29887	27763	33850	29386	31548	32300	34465	39949	30496	28900	33565	30441	28887	28029	24412	30960	33449	34500	30065	28688	29579	30206	26860	28638	32926	31889	27031	23276	22819	22542	28675	27264	28328	31466	23820	30033	26949	23737	21660	20524	19586	18824	19571	19667	19135	20714	22775	20038	20764	18110	18943	21914	22237	18813	16050	14647	13317	12694	14027	15636	15387	17429	21449	21092	21713	23420	21576	23424	21860	17956	17653	19209	19853	24943	25161	30122	30639	31341	28979	32146	38872	40130	28848	24077	21363	24808	26893	26499	31831	27711	26470
344095	329471	342511	331272	319769	312325	321160	305002	310058	308350	297524	311919	307188	317695	327868	340813	340808	338557	335168	336706	343876	347439	347263	348447	334217	325721	308831	313668	306068	314547	308898	301544	312106	311303	304911	304988	287663	283865	282446	287801	291056	286871	285648	285649	274520	269660	269025	275127	280902	266829	270591	261808	255222	257610	256008	259825	254488	255175	283871	289445	272212	284824	301875	309640	300591	336737	330352	330563	330936	317679	321370	334999	334636	345688	338911	339628	341112	347450	353527	350074	357873	361719	360697	356888	371927	354081	358264	361519	358710	355906	355214	363161	357015	350518	358210	338999	337206	335525	339747	330244	332985	340654	336785	331278	321893	338235	349265	350549	328741	319379	308065	315257	337832	323939	320080	327224	335605	328251	326297	333107	320311	326521	325328	309006	306004	293419	288870	284156	276802	265785	269542	264937	270582	266738	266334	261795	257799	266144	271575	270889	271644	278102	265536	260570	260403	261759	254492	250718	253121	247332	242703	244494	245368	258093	231614	249046	259986	270020	291744	298528	312695	305187	300919	304750	311073	318192	333654	334412	335972	351142	344368	329571	327703	349273	347022	343797	350409	348286	333464	341627	353142	355329	350953	358323	379408	386480	352563	360996	363382	370571	377624	369675	352634	339288	350000	348634	348804	365908	355741	346230	333537	354187	346691	368521	357396	345799	369514	339229	339828	329562	317391	328443	327083	325593	324182	321188	324797	331865	306701	295243	305237	304522	301628	310987	294745	284499	286541	279491	281446	291652	292531	290656	287144	297316	283212	270547	255952	253568	260250	258765	255896	257270	259603	260516	271050	262029	262164	253034	247822	240245	257605	259549	276653	274940	271735	295607	271937	273323	267490	288440	273799	316275	326396	312477	331421	327574	332640	347011	336126	338642	330445	330805	333484	336648	329523	327910	329168	346219	346580	357728	355542	340383	351205	337067	335361	336690	317419	304024	309580	318259	312995	308836	313930	311455	298789	297857	308572	309059	304208	287892	293164	290572	281604	279769	294521	281135	282650	283692	336480	289916	296653	297781	296556	275380	275882	280309	272403	268621	264431	287520	283636	280120	274094	262795	256592	259332	263342	270327	264423	268818	272696	260024	248980	245238	233610	245436	251358	254007	250701	245962	251289	250235	222386	227584	238007	231019	239916	248800	249972	252803	256950	267315	269608	265843	269278	274264	295438	301737	300525	300975	304711	311028	309346	317276	313561	315628	294500	309546	317854	292000	290423	295023	298515	275890	281436	294491	311320	318574	314153	310535	301419	286865	272431	280488	283190	279447	297813	317844	303511	306501	307920	309593	301915	304999	301655	285311	283925	300573	290737	290130	306088	289061	269451	265105	266164	258153	284724	264529	257258	249152	263661	271907	278641	275386	266532	259326	255515	256202	253384	240063	239546	248277	239711	260422	280714	257415	245613	229371	232577	237571	243198	237959	235255	240797	240192	228283	236196	248510	216870	217801	206333	200450	193040	188883	200977	205404	218220	219809	214729	208297	198958	194489	197771	201982	202346	200114	195342	207025	208359	213189	228883	218932	223335	213368	203039	204222	216392	213551	219986	208362	205828	211186	229735	234336	238667	217666	215194	214155	207318	208663	207605	231232	243019	235276	232783	234508	237985	233320	233168	235233	246867	240951	246185	239005	248021	231779	225645	231332	229050	229737	227021	225862	233940	240269	231961	235247	221148	223958	250270	261540	265962	244349	241581	247890	226496	220117	216743	210137	206591	211634	210493	206554	203799	194071	195592	196200	192628	194016	192924	188540	187853	197291	183225	182526	178124	182847	177459	168395	168226	166515	175124	172899	177694	179727	177153	171518	177407	194617	201090	189982	194023	190121	194959	190434	201354	197619	193665	184525	194869	199047	199338	197995	195735	198346	208983	215607	229655	225540	240545	236737	221991	238833	235139	252680	251234	231895	237706	240889	242727	240734	253401	254630	263453	278668	258193	264513	257491	263368	259075	256963	256953	279056	254254	262717	254298	257611	271062	278516	263071	298516	260977	253295	246591	238910	242505	247411	238705	226568	227311	230799	217870	211390	217883	220696	208777	214557	212834	218520	218189	231761	233197	220795	211157	216356	208250	213270	213453	208819	198479	192743	191923	190593	191114	199654	193877	205837	214668	216175	222585	236527	248783	264748	267689	283895	271963	272689	297832	284152	290574	303767	310344	331468	334265	331152	340207	332336	321180	320202	329081	330177	340248	346758	347449	322254	320407	323720	342737	341679	327519	334846	325339	332223
20165	28641	33330	48044	45509	39745	34750	23856	29676	32410	33161	35553	42042	28174	13092	18719	13395	8916	20564	24090	21986	17941	17130	8261	12838	20008	21409	30074	37667	35970	36119	32116	36491	36922	33102	16432	15062	13572	6618	16174	5148	6162	4276	4972	3307	2762	3276	2896	2944	6806	5139	2696	6506	7282	6625	6258	4740	2698	9951	11281	13646	14070	12034	9094	8591	13216	13196	18392	14008	12405	10766	17879	18286	14300	10663	17639	33877	39820	30076	29520	30258	27798	29609	31509	38701	27244	27607	20971	24595	21396	20474	19875	18888	21632	33258	48609	64269	55492	44804	31105	22611	20476	14024	9919	10083	13498	17167	11459	12436	15516	18517	16981	12920	13750	23143	22074	21412	20420	19758	16822	22692	14818	12440	18639	22710	17715	15762	14345	20395	15404	13168	17245	27406	26901	26665	22446	16368	11919	11086	10759	9364	10579	14769	13032	8981	5767	5220	5730	3720	3974	4907	7525	8224	5867	5553	6066	9723	4593	6364	6337	5062	6331	9430	9064	10383	6201	7219	9710	12252	9476	7957	8700	13792	14059	10829	15189	14597	22229	13456	16924	16307	16698	12406	20856	15033	19476	13020	14939	10670	10526	10029	10691	14015	13585	9760	32195	8775	12246	12809	25692	17158	16905	22066	19993	13091	12869	13110	13475	13232	19079	29832	29072	20659	18109	20600	22729	31639	26178	17259	19301	15601	19986	19227	18617	18248	19969	17754	12824	7137	9482	10080	7100	7564	10511	10554	6657	8158	7426	6626	6387	5609	6727	9955	7366	6361	9998	7499	6305	6121	7058	4879	5437	6875	7028	8634	9043	8934	9653	9742	20063	22836	16018	12058	21051	32463	14651	20502	19445	22743	22614	18865	14077	15423	16146	13856	12450	10920	9556	10381	13584	16952	24364	17341	10897	12152	11357	13259	14298	17826	13943	9221	9009	10650	8260	9086	10184	9268	11716	20251	15956	11255	10483	13051	11560	10905	10636	11132	15295	19066	21043	16671	13230	16057	16048	17982	13603	13027	16036	17764	14708	10020	12393	8137	10439	7471	10179	9208	9003	7699	7242	5459	2260	1524	1835	3674	4712	3946	2427	3785	6196	2428	3017	2989	3133	5957	5966	3545	2203	2065	2739	4786	3969	3501	14254	12238	9590	9879	9525	8266	7226	10669	7567	10463	7433	11318	10626	11600	15302	12555	11721	14732	13584	30641	12095	13449	17099	18874	23210	29387	32206	30736	26463	25626	21156	20981	16747	12912	6131	14793	13865	10048	10002	7175	5548	5447	7245	6505	8901	7025	6556	18385	19347	17088	15550	13671	15436	16476	13430	12545	10390	12564	31078	30904	19685	29734	19778	19291	16778	16808	15017	17229	18171	9722	6946	6654	5809	6325	4337	4659	5738	6517	10531	7434	6520	5023	11044	7652	8740	11416	5220	5133	3805	4634	4368	4278	5885	16626	8713	4268	4491	4716	5622	7275	5941	5072	5942	10744	13834	19578	10741	7654	7472	14061	9989	9706	18590	14187	35008	25336	26987	23665	21766	18722	13367	9618	11484	14443	14170	12148	15710	25229	21744	26359	19932	7458	5476	7831	5624	5049	12106	9125	3777	3483	9246	16900	23935	25664	18164	13791	10493	7053	9916	6123	6764	6569	14452	14466	9753	9821	14507	20122	21564	23770	21207	18154	23834	21520	20116	21970	20421	14635	14414	12223	11097	10246	10512	11817	12571	10547	15002	13680	14578	15161	7431	6185	5866	5909	5231	4915	4324	4381	4420	3763	4587	4588	4961	5377	6267	5899	8332	10383	9028	14835	10753	11279	17023	10568	6287	9607	9978	16763	10986	10337	15350	16434	18006	17619	27773	34862	29099	27679	29525	28991	27719	26765	28799	27256	26182	27482	26571	26610	27600	24880	28646	29851	33010	29066	28234	37827	36064	32980	39387	33698	25193	17554	20968	20491	18842	25839	28272	20042	12681	12104	9260	15128	12528	14498	16107	25989	16920	26837	16792	6766	28793	24123	9714	10178	10622	11886	8211	21374	2961	2855	1969	1992	2235	6125	2603	3260	2126	1356	2725	2221	3582	4086	3907	7832	5288	6354	7179	5193	9420	9170	11758	11678	10024	11298	11557	20168	19878	17135	16709	16586	15645	15357	11400	10514	13427	9055	14263	12518	12744	15983	18649	16720	17164	21743	23424	20293	25249	17858	18792
1004	962	1036	724	798	833	684	935	1070	621	732	684	600	620	494	491	504	453	410	460	455	458	689	512	743	552	651	510	459	514	393	473	389	287	582	434	371	219	442	329	284	286	387	381	243	287	260	398	350	244	327	383	327	220	549	167	302	362	519	430	389	301	414	500	733	796	566	812	659	451	506	476	351	481	644	475	551	406	621	933	845	749	780	716	815	645	770	767	1182	362	752	652	354	470	322	509	391	384	412	441	407	330	427	562	308	1077	741	395	353	458	394	679	562	498	494	703	577	1068	495	531	518	483	450	395	677	473	454	854	426	1141	1016	860	891	1117	680	313	235	368	639	553	696	552	675	373	506	290	211	346	347	193	325	341	249	339	200	239	282	221	431	359	337	489	330	584	836	1165	1244	1177	1050	1278	623	1043	859	500	703	759	558	878	822	719	837	943	935	692	742	937	823	1099	758	645	594	862	461	737	1145	804	624	877	627	813	583	524	470	665	1234	676	636	592	599	687	488	597	1451	302	507	680	609	460	406	973	1220	1196	826	1131	1447	1127	1321	1105	1291	1054	1133	1213	594	556	440	522	887	1041	807	807	884	997	1227	1106	1083	1193	1078	1027	1170	986	206	295	590	594	762	463	439	771	360	411	510	422	375	388	576	610	440	596	966	592	866	435	689	704	596	652	647	782	717	669	979	563	510	496	578	648	419	569	715	671	648	457	513	565	737	369	629	1362	893	470	518	477	518	550	617	849	539	498	575	486	540	868	581	753	457	428	689	677	823	569	304	499	374	570	474	250	415	344	170	299	364	231	444	467	403	397	240	284	267	351	419	709	256	277	419	300	341	294	247	263	482	386	340	411	1312	687	450	566	1153	1371	305	368	566	634	556	590	668	915	615	665	791	2482	2827	1133	759	1013	930	648	817	543	582	500	669	497	533	414	362	354	239	303	856	376	405	280	354	657	450	556	394	311	397	469	576	543	574	362	414	1611	2201	2405	2765	2288	2446	2734	2516	2231	2468	2447	1974	2546	2048	2092	2599	2069	2338	2083	2282	2254	2204	2086	2404	1112	444	513	461	449	660	525	490	726	620	504	473	689	551	421	446	452	300	256	494	347	255	318	427	606	529	445	329	355	371	333	401	388	605	623	466	519	541	558	483	466	447	505	1616	349	353	505	360	593	717	809	727	414	532	629	526	516	719	744	553	501	1112	666	549	703	623	472	469	412	498	391	463	412	531	489	414	571	661	272	481	238	233	169	324	258	748	418	406	282	494	218	315	444	299	520	306	374	263	335	201	248	225	222	168	302	194	125	175	172	183	458	546	436	302	409	403	279	325	408	689	503	259	538	630	772	930	780	542	441	432	320	779	494	879	637	393	304	526	351	643	345	482	499	405	727	667	682	484	557	559	931	1294	957	842	664	747	696	551	810	507	810	594	526	593	504	505	1500	2924	4383	2677	1741	1678	907	1010	720	684	613	248	261	273	553	499	455	363	615	298	234	367	344	392	437	445	336	273	363	314	337	412	382	343	214	308	322	248	439	462	593	465	452	307	795	705	642	475	577	817	603	459	522	864	774	1809	1866	2046	1457	1339	1701	1863	1054	969	1329	2029	1917	1315	1356	1743	1114	597	1435	1541	730
968	926	794	1045	959	806	663	836	865	706	795	713	513	650	710	411	566	547	488	395	499	172	86	143	186	109	112	78	80	73	1302	79	64	113	128	171	280	138	182	233	182	168	132	133	104	58	67	10	43	14	60	10	77	157	34	21	43	22	17	62	37	55	778	808	150	105	212	46	115	321	354	468	536	451	948	1717	1566	1639	2047	4170	3560	430	380	379	771	413	340	337	589	470	295	209	361	453	645	916	664	929	724	554	567	495	1250	1220	1076	1309	839	869	1061	799	454	352	480	1333	2676	1061	1666	736	1537	2214	870	110	230	1765	723	672	558	308	432	480	471	1507	377	407	753	306	478	298	280	443	426	344	286	355	217	50	77	84	62	33	20	25	39	25	41	14	44	61	52	155	26	79	65	59	96	348	203	52	88	119	62	184	48	62	210	582	183	285	87	36	395	288	545	731	740	739	563	376	622	583	630	691	524	1293	1792	2942	2577	2877	6489	2897	2968	2995	3075	2750	773	76	3130	2942	2405	2095	2573	2531	3301	4157	3483	3941	4520	8334	3517	3096	3287	5030	5673	4043	3031	3076	2329	625	35	34	76	90	26	31	4	341	29	58	53	21	12	12	2	10	74	1902	412	18	112	312	93	23	106	255	101	6349	22	2850	44	50	104	2492	13106	12982	11048	214	722	927	568	147	3079	1544	302	264	168	139	197	531	350	245	442	1511	588	181	177	168	206	284	291	206	337	102	105	105	1267	5187	5881	1116	51	182	364	158	203	1432	2499	2121	1664	845	520	69	334	827	159	156	174	194	277	152	209	294	224	88	140	221	273	317	158	299	89	122	117	454	369	337	227	280	272	269	297	377	299	293	315	310	315	111	39	91	105	144	121	476	3130	2405	5260	2872	353	2561	7231	6516	1458	510	1237	1007	740	704	728	1022	835	908	963	897	166	1341	225	384	402	324	383	342	212	202	85	109	72	115	75	116	32	70	70	197	184	132	203	90	154	315	173	173	224	219	358	279	137	102	29	59	48	28	49	105	121	141	66	78	35	23	5	21	5	8	20	18	5	22	31	105	18	37	21	24	310	372	243	284	212	17	47	63	57	37	31	41	42	37	45	67	823	119	24	25	668	433	443	245	68	189	63	60	27	22	38	53	26	89	44	71	52	48	40	35	142	176	209	154	99	78	89	228	30	30	637	2989	2876	2731	2361	2344	1217	133	161	156	183	202	174	72	156	148	93	164	92	49	106	77	146	114	114	191	69	71	92	168	1391	1617	97	112	111	179	96	121	109	129	51	189	89	97	150	105	63	84	117	64	149	61	83	59	55	66	89	34	65	105	88	175	179	109	61	83	158	48	62	133	114	108	104	120	172	279	341	368	321	224	202	229	391	110	171	282	5048	4553	238	2946	365	171	3516	1086	1311	259	6840	6149	12514	276	102	9479	23961	16750	277	78	229	1124	2752	2828	2888	2988	1613	234	176	81	102	22	70	50	17	24	46	120	91	94	143	90	157	107	88	123	77	83	106	85	96	149	70	42	44	34	41	32	32	17	23	20	15	22	66	81	92	97	92	91	79	56	128	91	158	115	168	235	200	189	295	496	194	101	135	495	212	104	89	108	133	254	571	399	626	737	594	434	1193	656	256	508	192	322
222874	219321	206707	205280	195640	190354	195619	194459	187447	180848	169530	162728	161122	160647	162325	155389	148385	145749	140856	139777	139962	155375	177227	154357	148118	137242	138689	140954	134748	133814	137283	139085	133949	122750	124662	123859	120953	113243	114049	113730	110854	108508	107397	103337	100181	95526	91498	94875	97950	87791	86865	84503	85948	84275	80277	81277	80951	77181	85032	86786	91421	96348	97206	115689	123445	135636	142723	131685	139647	159447	178304	172905	174293	183257	199375	210270	220363	227427	232666	248013	239705	242850	249559	242368	256660	248708	246922	240606	233255	232262	240689	252332	254125	239510	228200	215188	209527	205128	196792	198492	190578	209422	191992	192709	188879	185140	164987	167288	172301	170574	177701	166632	164104	165724	155592	138207	147020	145217	139634	138424	137681	135407	139988	149462	141562	136306	135859	136748	137623	139498	137685	131720	123784	125120	115064	108898	114581	112788	113782	111075	105335	101563	99625	98972	105946	102434	106289	101428	97501	101297	103776	98064	95326	92717	97381	105449	105638	114806	113642	117260	123067	132027	138074	145688	153164	164047	168879	182971	201394	197310	206145	210007	230097	227466	241492	239190	245840	225805	227286	246104	250701	232338	233749	225572	235250	233763	233167	239466	234566	229641	230747	218981	216918	215273	213451	218835	207282	206157	192198	193721	194898	185202	175728	173075	168477	174364	164221	163928	161732	168890	160589	181366	159124	153326	145583	134958	147514	135725	136078	137683	130493	131085	124384	120441	119162	121736	112659	112592	113792	113809	107496	115983	117983	111756	102133	106177	96471	93607	95569	90196	89509	89942	89412	86278	85556	85594	85013	83239	85409	91921	102471	105900	92206	92787	104121	116445	122307	126324	135948	146675	148941	150668	159951	176627	183210	190392	215448	202447	214557	214038	222985	229256	228248	233949	234832	233731	213807	207280	205851	222821	219653	235106	215231	215466	214066	209717	213761	211377	202972	192232	182553	174409	182002	185261	163705	169602	186921	166089	168357	171686	159178	162997	155271	168731	161044	155744	160521	145447	146188	145100	137253	136730	145515	137522	126634	127134	126938	133572	121306	123439	123629	116872	114808	112131	110810	113375	115559	119327	112121	102619	105065	104386	95441	93433	93345	88394	91592	93523	87191	93062	92249	91506	90859	91411	87643	87239	91998	88789	95167	94129	102516	107123	109236	117951	132574	139236	156816	161161	165237	178917	176660	194018	189124	187508	184175	178051	184415	182927	194711	195165	202801	212860	227834	195390	198852	206412	199337	191584	181809	195503	189831	177360	181562	182112	183839	176910	192986	159568	181343	156466	162334	155047	158129	154588	151882	146014	127652	124841	130513	121691	124320	121950	118063	114934	112525	113769	112944	118514	113884	110300	115525	118193	116745	110029	107656	122323	112762	107234	112822	107599	99411	96104	100278	95913	96858	98046	99303	93829	93905	92813	90944	87303	89101	92863	87280	81343	79855	81082	80874	84738	77586	87882	82385	74754	80624	82454	83527	82723	84156	85092	89492	93503	88180	85115	83558	81937	87929	90628	86917	92074	90951	93800	104940	101439	110857	96250	96951	97239	100954	110611	104188	103721	102131	107155	102264	101985	101071	110516	119826	115387	103832	116612	107741	109346	123753	118121	108012	109935	110076	116785	108168	111656	103175	105741	105154	102059	108142	95899	102805	110708	107083	96694	111684	133155	109527	117585	105772	102117	98491	93627	89434	91481	88622	94642	94753	98803	89191	95278	88789	101738	120200	120645	95100	78838	78561	76382	74441	71020	68283	64853	71401	70007	66692	65140	67994	63653	67946	66319	59132	60551	58839	59444	59287	58938	57098	57662	63367	69600	73026	77564	79541	72474	79112	85085	86814	86004	93262	88296	94192	102412	110244	94672	92195	103216	90328	96074	85108	79186	80508	83654	89412	90656	93231	96614	96704	99687	99812	108494	99588	100055	98620	105639	99655	109515	95571	94310	92691	94478	91722	93652	95226	91895	94462	88101	99630	100863	99148	101482	94221	83989	87878	86984	94654	86313	94815	99944	86924	91238	79812	78078	80888	75780	75089	75903	72367	77285	72197	70449	71702	66399	62531	63914	63699	63646	57022	55272	53407	56113	57412	58077	56054	55236	61780	61283	65681	66448	69556	72360	89881	74548	83491	95125	101531	105310	106411	113730	115997	127512	143232	142406	151094	160557	162290	170639	182722	181404	175542	175703	184256	187243	183613	187350	154441	183884	190100	178015	178969	175086	168050	162692	163740	152588
131411	121489	119567	120050	118374	114935	113344	123907	111754	113204	109553	100680	95335	94859	89361	86586	89317	88034	88545	85128	83890	85916	82460	89585	92644	86964	89152	88286	86575	84420	84788	79417	79161	77521	81625	82731	85394	80406	75685	69842	67352	64540	59923	58073	58104	57129	56628	63463	65086	62957	66583	71241	74488	69160	73730	58552	61137	59572	59359	64766	55676	60586	70782	65258	65097	72593	72563	83013	87058	94582	105242	107055	98996	100476	114441	119863	138576	130132	139710	150006	154857	161548	152683	154143	150705	156997	155924	155127	145657	138029	153418	158825	147550	137806	140614	136642	134571	120451	121992	125035	117285	121550	121826	123673	123195	123792	112103	115575	111697	107095	110823	106690	100410	91590	92968	92329	94154	101954	98726	97460	96274	92268	94379	97967	89512	88288	83777	88790	93012	90624	85683	81479	82791	77911	70805	68180	65191	66438	62498	61501	58391	61889	64093	82278	68592	63907	64291	69028	74307	73950	67123	72172	70808	60975	54516	59221	65105	64706	67724	70463	76115	95148	93503	91414	92460	91250	96012	101291	106824	114055	114624	124589	123446	126790	128443	131275	129814	129207	127827	128380	135997	137704	140465	127162	124343	128712	127021	132186	126229	124877	125658	129629	126505	116060	126813	119787	117384	118343	122247	127856	121407	115999	110094	110459	103410	103985	101746	103983	110128	106049	105895	105141	109898	111899	104600	97081	100512	97728	92821	93617	97818	93618	91434	86080	76619	75179	75343	78097	76048	68970	68964	69146	69048	63297	70381	66306	92237	61332	53229	58116	59703	57462	58626	55009	51935	50871	54405	56430	58809	58143	51811	67087	72130	78702	69825	78220	80173	87578	97631	88242	88462	94970	98186	105779	118595	111931	120086	108136	114316	110954	123873	134884	138566	132451	173144	147448	131636	129162	127932	144735	142480	134960	144182	132798	131735	133758	131665	131464	128710	127564	122731	122388	115819	109325	111736	113600	121523	108294	107293	114318	117631	106932	106669	96870	87362	90119	91879	91010	87972	90839	89690	85769	85586	86256	90225	83150	86258	84560	84522	92906	77385	77310	79224	76128	72928	74780	76537	80879	79244	71060	67723	67642	64700	64299	61667	66089	70955	66212	68300	59472	61769	60167	62502	60639	57595	60784	62472	71508	73488	76510	67711	75778	76307	72847	86915	97699	106948	114151	117133	122679	122973	132120	129065	138354	147314	148635	137815	127347	131507	120485	132524	138969	121537	112875	114088	118372	116263	114523	114995	115598	120891	105608	110822	111905	109377	104674	110823	114831	116492	113112	109704	101467	107443	109597	98328	98346	92438	85185	82422	83401	83619	87602	85994	83932	75929	79448	80106	77253	78516	80866	78946	77946	74190	70971	69291	68376	70050	74371	71514	73364	66607	67145	67113	64607	62025	60199	57065	57659	56722	56876	53743	53234	51726	56019	53587	55829	53781	64674	52722	50948	57243	60240	57439	68159	61186	58306	52904	53574	53560	54888	58099	63989	64510	64671	64749	60767	57806	58626	56634	64441	68744	65223	63968	64816	69111	68503	67767	71826	75089	75394	63903	62316	67830	66295	66751	71215	66259	64461	65863	64123	67374	68739	74692	74778	73672	87226	83472	77882	78050	80101	75516	74177	73721	71035	66016	69365	68030	70389	69073	63879	64296	69309	66292	72305	74144	70447	69504	71319	69319	67704	66740	65123	66081	59833	61045	57905	52810	56674	58647	51511	48201	54304	48435	48016	47512	47962	44322	48096	44915	39518	41275	49270	49258	43752	43945	52099	44609	41778	40524	53892	46522	49984	45502	39402	36837	38283	40429	40927	47170	45723	45649	51900	55273	57810	61997	51792	52782	57656	55912	56853	57392	57479	56911	52728	53248	51285	56035	52042	61736	61171	56052	59146	60356	57076	57663	64128	64223	60640	65301	71767	72355	74752	65260	67972	68733	64617	71059	73519	67671	71100	62279	59935	58582	60190	65446	64606	65994	67862	73366	72382	70347	68588	67414	68389	77817	79944	81583	82206	77600	75290	74204	61501	65201	61314	69564	72195	80546	79706	69197	64734	55999	47782	46709	47363	38577	40410	39242	36353	38210	38893	37885	38685	44105	41801	39938	54731	51997	47062	46576	48875	50737	58947	67835	71088	66537	70758	73896	81678	88226	98979	97866	91031	96046	104283	106401	104738	112174	119476	119020	115506	113502	118170	95149	116709	120933	103695	108137	99648	99527	104282	102956	105020
152944	153188	151705	148966	155423	153332	149970	149071	154334	146692	149038	148961	150820	158266	152263	142027	138225	130330	128216	125445	127187	123379	123226	119113	118757	119293	122063	120913	122280	118300	124666	119960	119205	118488	116552	116915	115838	114367	116991	116960	118797	117421	116321	114363	113910	105771	105119	104819	102157	103033	102298	101851	103386	102548	106063	107133	104456	105072	108985	113450	112757	109972	114513	107236	107031	114154	112102	116593	119581	126272	119751	121057	127991	135163	126902	138967	141316	141353	142218	145111	139344	141692	148268	150633	157466	145338	150054	148394	147285	153524	149177	148980	146252	150539	152003	150949	159040	156345	155122	172518	167833	165989	168704	174085	168856	157634	159694	166568	161974	161730	157767	154639	144240	147294	151081	156144	150557	153089	151782	154460	145423	151456	156069	154951	150548	133526	138528	136843	134695	134518	123973	129120	125309	125432	126432	124533	123838	128595	130855	132433	131155	128190	128814	127400	125195	128051	129994	124272	123847	125205	121342	121461	118165	116895	117804	118431	118662	114657	115782	115362	115621	118329	117574	111914	115755	111813	118657	124167	123757	131328	130824	133289	143912	145026	144432	135796	132314	130926	135863	133600	126285	94371	118187	144034	151834	139794	140676	140923	138576	139616	142918	146853	146034	147297	150117	145577	144676	149683	147051	138964	131508	135520	134501	135006	128379	129356	130744	131955	127659	127079	124207	115152	119917	112780	113598	112959	114785	111815	107298	105772	103419	109611	109088	106886	105243	111065	106595	106712	104460	108201	108543	113932	114368	113457	114073	110387	110946	109443	109808	108709	106302	103223	102512	104311	104034	105275	108520	108661	108389	107192	105254	105395	98913	98548	102244	100035	104091	103559	100585	98586	98118	101804	99563	103675	102592	108127	108851	108278	105898	106185	112866	115255	115515	117504	122494	119666	121335	114775	116508	116643	119338	119619	116894	118342	118261	117009	123377	129970	123090	128575	128602	130289	132586	130597	140428	142047	143831	133726	138007	143394	128878	129319	124286	124514	120562	122223	120565	117337	115784	109093	112885	114855	113657	115172	111866	120395	128744	127025	115009	115948	115853	112721	112892	109428	111568	111365	113019	113525	115775	110233	107193	110297	107055	108588	109305	106903	108075	107563	102209	109227	107396	104602	105808	103393	105658	106422	110319	104534	104691	101947	102503	96337	98546	88609	90147	90116	91406	88691	101048	101647	100028	101363	103885	91030	97316	107612	105534	109840	112641	114567	117348	116326	121468	132938	126841	128606	122187	123045	122254	118516	116466	118870	125214	127196	123084	118367	136119	138994	140300	135831	138663	136018	133208	123820	121149	117773	119260	121059	116438	118742	110602	113435	108809	106151	108460	104346	102783	103215	100032	108390	108159	98854	99070	100229	102800	101381	100587	98304	97349	95361	93517	90368	89701	88614	91731	88289	87800	85326	82024	82058	80336	80484	80178	79000	75490	77558	81893	82580	76623	79936	83708	81494	83254	84667	88277	86794	90369	91236	91104	88393	85014	87440	80632	83935	82274	85374	80898	87118	84651	84623	86258	85100	83334	79080	78637	80954	80626	80962	76502	78734	79995	84850	79435	78467	80095	81797	83097	79865	82014	85578	82451	91403	91223	94557	92752	84219	83119	84928	84941	87083	83657	86588	84107	77041	79355	77898	80012	84289	88092	81014	83308	82852	78672	80547	81050	84642	83330	79946	79872	80344	78702	78805	73680	77959	77090	76952	76216	77930	75661	77401	77198	74634	72713	78320	79517	75968	70135	70145	71911	68599	73125	74635	72053	70029	72649	69017	70880	69005	68310	66912	71213	68451	65545	62966	64833	64358	64034	62724	65053	66700	67285	67090	69949	74242	71401	72997	72044	73944	77206	74862	77396	76158	74344	72224	72215	74368	70907	70973	70364	69863	72455	70982	67882	66478	66527	68131	70165	68796	72866	74719	72104	71352	74286	73713	79030	82327	83299	92047	88893	90129	88965	86195	82902	86738	85075	84723	94147	85456	86280	82561	80062	83904	83075	83371	80718	79216	79563	81935	83851	84171	83844	83740	82704	80899	71506	78832	76135	76706	78007	81201	78411	78203	78184	75747	77206	71957	73544	75367	74758	75871	74711	77608	76910	75698	77913	78916	75114	77973	80828	82476	81876	79170	80088	77176	75718	76467	76779	80191	79874	87343	95778	106289	111042	109094	114849	109628	109512	109889	111784	108176	119447	118730	117405	119418	124018	125880	123364	126695	134894	129460	134453	130310
23976	27130	24033	18602	25732	25360	26855	23089	25679	17556	17285	22635	21949	18394	20811	19457	19482	18651	19150	16918	18086	19257	18409	18276	20763	20835	21632	20093	25987	24946	20902	18264	21093	19864	21189	14066	16703	15896	10093	16961	19726	21137	23088	21131	20972	19766	18333	16957	17813	19792	17616	15767	16776	16570	4692	19310	18734	16871	17747	17761	18908	19358	20122	20200	19635	18684	18736	19632	20027	20096	19031	19747	20806	21011	21979	19361	21017	20387	21625	24746	38989	20400	33243	20419	20789	20915	20660	20542	19902	19104	19965	19988	21062	21438	22415	26080	27114	26311	26889	20345	15477	18853	18677	17372	20785	19260	17806	18449	20351	19186	18336	18017	21201	21377	24254	30936	23177	22021	21335	21966	23299	21420	21436	20635	18708	17053	19429	17159	19401	19661	18180	12652	17765	18953	21076	19911	19257	18215	18270	18594	20689	18058	18000	19123	18906	20225	19612	17730	18777	17715	18989	19000	17837	18177	19158	18708	20959	18758	17575	17851	18496	18323	20810	22345	23874	22689	22589	23457	17174	20036	16638	18699	18085	16636	16324	17850	14435	19286	17981	15927	17113	18247	18203	17190	18626	20041	19672	25892	30616	18142	23782	17968	19555	17478	18657	16975	19255	17327	18469	20331	20666	20527	20835	21117	20472	20903	20249	23460	25660	21979	21819	27574	32863	32211	35309	24508	21449	21561	21586	21437	22322	22696	23170	21159	24048	23267	23693	15864	21280	22914	22424	20868	26064	20357	22654	25840	24810	23238	22696	24219	24507	26155	25620	24846	25159	24116	25329	24797	23757	22253	24566	22529	21958	21969	22288	19874	20954	21754	21770	22453	14571	4589	3773	7388	5672	4014	4513	4663	5155	3461	5238	6372	6293	5256	3941	1732	2293	1817	2748	9865	13707	5736	5538	5419	4253	3281	3794	14236	28299	33599	29057	24740	27417	22544	23610	21841	24400	24501	21784	19827	23151	21830	22459	19468	21952	21364	18326	18629	24206	19954	25613	25185	20169	21259	18741	16942	18768	19026	20026	18344	21109	20625	19888	14159	19296	19035	20685	19838	20101	20085	19514	19164	18370	20268	20354	20102	22083	22741	23297	21305	20299	16012	19624	20669	20785	21765	22092	22676	21820	23923	23558	23456	23356	22846	19950	18696	18617	17992	18754	20517	22856	21735	20213	19000	21251	18485	20471	17141	18368	20494	20120	17633	20448	18739	17992	17169	19102	17463	17763	19106	22336	20879	21684	22883	27183	23963	26055	21849	22067	19365	18225	19204	18122	21131	17764	17510	19291	18958	24335	25412	24372	22174	21748	22768	20217	20301	22118	21921	25592	23999	23756	23131	28414	27336	23289	22530	27694	25363	25629	20092	26401	24418	18968	24900	27230	24044	23102	23600	25454	24203	26722	24021	24641	24082	25471	24262	25719	22888	23379	24063	25276	24599	24077	24097	25916	24256	24328	24850	26063	25977	24980	22522	25061	24194	22163	23008	23952	22904	22236	22609	24825	24556	24855	22041	21826	22401	23644	23418	22774	22721	24842	26338	29713	31405	25260	22427	21586	22709	24741	23685	27498	39773	34385	23936	26395	25920	25411	25391	28320	26586	26953	23752	27686	26826	26601	26037	27146	25388	25809	25570	27771	27357	27416	25590	26560	24589	25534	25230	27197	25125	26532	23664	26043	24213	22577	19714	23692	24244	25680	24960	25560	25167	25531	26628	26130	25004	23368	23236	24100	25233	25176	24828	25505	24156	23468	22326	23715	23183	26941	26110	26639	26426	25784	25658	26356	23548	24990	22224	25031	23409	24096	18540	24473	26571	26034	25351	25379	25471	22596	19230	22276	20799	18313	20677	23160	21150	21020	18249	21162	18406	19432	19938	22647	21271	22498	19430	21895	22142	20176	20937	21915	20628	19231	20646	22455	19783	20155	18653	21081	21834	22457	19128	18788	19663	20293	21301	21523	21050	22318	19484	21085	21603	20145	19702	22776	21502	21727	20983	25335	22575	22628	18250	24751	22570	26265	22836	23651	23215	25442	24247	25148	23668	23644	25049	25624	25416	25619	23847	25125	21356	25800	22494	22074	23269	21928	21158	22772	22429	22505	23465	21037	22250	20784	20929	21704	23023	29189	23969	31103	23109	20930	27533	22464	21440	29168	26908	29808	26162	27990	28441	25144	20320	20682	21884	25008	30090	31755	31273	34099	34657	33458	32667
2493	2294	2941	1948	1932	3855	1796	3867	3632	864	2166	1319	1733	9695	2329	724	1400	1427	835	885	635	1603	978	829	473	439	255	574	593	1162	968	1186	864	2086	806	434	520	440	448	253	248	2913	1854	419	281	442	223	203	80	432	286	633	136	503	385	546	598	1646	9111	422	433	511	2285	520	1082	11646	3243	1252	2188	1921	1332	1659	1682	2227	1657	1445	2656	3193	4587	3605	1978	1447	1415	2343	17027	1849	696	449	1969	661	604	696	642	1016	1238	934	814	1756	692	841	1788	829	1424	887	1455	3722	1815	875	1257	1082	521	2351	4955	7579	1743	554	810	777	608	824	937	8646	1503	638	1074	438	500	529	680	1354	1927	759	735	889	683	433	390	2484	4098	5196	4448	4455	3033	1598	1044	5873	7173	11189	13248	13143	12133	13030	10343	7491	7320	9106	8151	7885	7619	7539	7339	8344	6796	7258	2780	2520	2158	1500	1272	2955	1314	3826	3762	2909	2380	3867	2160	775	911	695	1061	602	557	379	1146	732	1904	649	554	430	425	2249	8014	4555	3259	7727	8098	4488	1636	7513	1687	1313	1397	1461	707	1634	1876	4443	839	578	589	661	1062	889	2490	3281	1401	1169	857	711	810	430	1638	352	273	1602	142	143	231	414	70	171	3675	2222	3497	41	101	577	201	396	177	497	543	4638	7156	10967	10210	6629	7088	7628	6772	7530	7543	7425	5838	616	1239	1255	2684	1146	413	345	2762	877	2439	2348	3976	1130	2092	2129	1143	1325	2988	10435	6092	8090	2665	5569	4611	1684	2045	1952	926	1204	4634	3051	2604	4216	8073	9070	1662	1447	1750	259	687	480	1093	788	366	163	413	460	265	436	1836	971	3610	1011	21842	2637	14412	866	2912	1736	2343	2732	1274	1099	2733	1383	1400	857	614	5158	5782	881	1406	1020	670	2455	6241	7501	4708	830	368	593	2035	3332	1199	5151	1364	2653	2560	1959	1620	2066	3315	1061	1463	675	532	637	969	3434	645	687	1018	971	1062	2948	5650	4252	1147	693	705	587	2281	1438	1947	1801	15048	1018	1342	2705	1299	1617	1216	2171	2044	1072	2976	545	609	1280	1047	1464	1699	1001	3194	1470	2890	2015	1270	1276	2365	2472	2129	1221	689	1059	779	1191	3446	1674	383	350	1075	2278	1749	328	275	248	586	606	418	2920	6555	16379	12159	6901	3510	1246	3516	2808	1246	2613	3819	4538	3438	436	506	1075	2035	8090	8360	12301	13239	13436	11718	11884	13001	5365	1575	311	321	1641	224	253	92	133	136	234	696	750	783	1056	1135	2247	11705	5253	455	1234	1226	2357	2369	2045	1962	2335	953	858	1213	809	846	993	809	882	13861	17803	10945	859	446	320	240	286	243	162	261	269	2354	6646	1830	1572	1903	1954	1357	3690	7420	316	10896	215	314	1194	149	21	3	15	20	27	185	8038	2657	41	45	198	310	299	231	396	1455	178	298	3411	4232	4151	1655	444	272	286	328	479	963	1187	180	139	210	147	63	170	133	312	191	185	323	271	448	422	244	193	77	226	200	298	529	941	451	368	398	343	196	498	1251	1001	6831	6502	75	416	4002	4125	1073	183	1642	4021	9974	4449	151	178	266	1391	6203	10939	5308	3061	1146	1348	1423	1428	620	1242	1352	2846	2393	21151	3775	2673	966	660	1733	3583	5912	792	16362	1325	387	374	187	150	14581	3307	9119	2056	1871	687	1087	802	1506	220	294	1833	75	85	35	99	32	91	116	477	251	6331	47	113	147	108	131	179	76	159	58	192	510	317	5766	3501	532	979	810	1560	1229	423	618	778	1387	622	821	821	1527	2432	3589	4693	2916	2004	5708	7666	8800	7187	7072	5065	3620	4933	1517	3852	3050	2969
4366	4162	2077	2097	1950	2268	2330	2013	1433	1365	1727	2304	1681	1366	2100	1746	1492	1468	1441	1198	1413	1186	1547	1384	1235	1322	968	830	1086	1153	1118	1355	838	799	881	1129	737	856	745	825	802	893	1196	1055	859	748	412	363	591	525	614	614	653	800	711	850	592	604	665	583	882	998	849	654	913	1367	2389	1182	1263	2715	1412	1774	2089	1707	2301	5094	3187	4381	3598	3610	5069	3889	4080	3159	2514	1822	1576	1609	1382	1731	1663	1793	1375	1925	1715	2506	3138	2230	2049	2034	2126	2328	1568	2615	1958	1497	1429	1507	1473	1249	1450	1353	1962	1604	1765	1616	1987	2159	2207	2262	2176	1994	2191	2253	2056	2082	2150	2298	2384	2190	2510	1976	1751	2028	2180	2059	2011	1804	1845	1905	2372	2295	2835	2181	1561	1121	1194	1524	1378	1557	2019	1661	1418	1279	1426	1128	1315	1337	1599	1151	1267	1647	1683	3005	2622	3339	3029	2033	1814	2068	2179	1966	2044	2680	2472	2989	2915	4163	4104	2962	3698	4821	4230	2527	3439	2610	2469	1948	2277	2438	2491	2185	2141	2265	2697	3440	4407	4612	5505	3667	1715	1673	1764	2041	1421	2253	2713	2414	2406	1991	1699	1293	1469	1498	1006	1195	1163	1868	1614	1298	1095	1471	1118	1150	1758	862	816	1337	758	809	1138	974	793	912	1002	471	654	794	882	982	1182	918	1203	769	808	1001	1015	736	890	828	649	731	761	603	769	1319	979	1195	1341	1022	1825	1911	1689	2440	3286	2740	2693	2669	1279	1157	3299	1261	1225	1896	2724	2311	2405	5499	6660	6806	6188	5511	6649	6145	6547	6164	7855	6898	2495	1998	2237	2027	2545	1996	1341	1423	1634	1702	2952	1605	1120	1309	1786	1981	1907	1738	1700	886	1142	789	1427	1559	1363	1368	1221	1135	1296	1342	1563	1092	1318	1247	1212	1649	1149	1139	1163	1066	1144	712	917	915	1284	909	762	763	1051	1214	775	748	805	771	658	1002	1035	1201	754	1079	952	815	727	802	1002	1150	1452	658	1393	1319	2714	955	1412	2049	1941	1342	1879	1483	1856	1845	2340	1413	2034	2055	1710	1759	1799	1264	1319	1580	1729	1843	1994	1636	1379	811	1185	1115	945	1037	1602	1381	1036	994	1230	877	1936	1121	959	1027	816	889	901	753	683	727	989	561	577	3683	3316	3476	3502	2939	1337	1126	1179	1837	1298	653	945	718	638	461	1065	1032	626	445	522	490	494	520	379	341	396	444	433	366	538	582	384	459	535	460	552	333	474	356	252	390	478	469	316	330	237	427	354	373	5331	5848	1869	469	494	439	412	427	694	682	578	829	777	891	1237	869	804	791	813	489	690	700	793	699	919	1165	731	846	768	437	2859	4111	801	760	661	829	1279	1141	770	855	618	862	586	1015	926	1228	896	542	893	1067	2500	2275	1022	1003	1036	1045	1192	1347	1094	1039	1174	753	692	758	1082	1052	980	751	896	718	886	883	470	468	2453	1433	2175	2149	1795	1816	2140	2924	2595	2873	3270	3148	3499	3217	3516	3482	3633	2976	3210	3463	3729	3000	4528	3441	2906	1623	705	479	763	510	882	1366	627	574	565	789	705	842	696	1124	688	961	508	596	476	582	688	417	742	693	910	1025	1709	2973	2658	2580	1199	1098	1009	1308	1271	836	1065	746	1011	1131	1108	1116	1512	2006	2185	2244	2065	1836	1975	2021	1681	1613	1599	1588	1919	1727	1761	2047	2016	2109	2008	5175	5700	1386	2380	2932	2638	2402	714	789	648	993	392	627	551	655	417	607	645	696	542	344	405	1814	572	848	888	1329	882	896	885	1087	966	1370	1493	1234	1354	1441	1468	2166	1753	1217	1146	1204	1978	1887	1830	2127	2331	1270	3066	1664	1583	1597	1489	1548
14571	12006	12364	8859	8933	6535	5726	9654	8874	11841	12148	11656	10950	10957	11901	19435	23954	24805	24180	25465	24390	22763	21813	20448	22168	11281	10595	11241	12016	14829	15501	11124	9673	8767	8494	7480	9867	11357	11469	12077	8702	11055	12271	9042	7653	8055	4236	4594	4548	4066	3570	4715	4658	3611	2673	5330	4866	4128	3833	9403	8453	8289	8549	8093	9196	8315	9750	9329	8462	8861	9141	7405	8628	8633	6491	8307	8159	7246	5990	5653	5320	4947	6958	11550	12681	11920	10365	21345	12413	10015	6178	6568	13251	8110	8126	8886	9780	12260	11702	10634	7680	6802	7349	11194	9976	11142	15108	10800	11021	9400	9805	7940	11263	20289	14573	11813	11478	7623	9944	11647	27275	21227	24501	8283	9589	8579	10438	14859	15906	17648	24981	16189	15677	11097	9508	11088	8782	9611	6480	13331	6520	6364	6988	5157	4394	8050	7139	6696	5442	5756	5237	5082	4578	4356	4397	10824	7163	7309	9073	5855	5722	5063	4319	7158	9114	7606	9566	8942	5752	6156	6646	5734	7174	9383	8682	11105	13697	13295	6619	10094	15860	15481	10085	8889	12030	12908	12583	10068	9108	7142	24833	7444	11421	11180	17378	12196	6295	8863	10605	11390	8094	8019	6500	7521	8810	10625	11296	15174	10417	11729	16652	23284	22576	17565	14494	20344	12597	11445	9606	15016	12971	9380	9884	16073	14042	9498	10509	13320	16059	8832	7337	7837	12455	41086	6384	5921	7183	5274	5285	6281	8101	9315	9027	8683	9463	20945	10285	4959	4329	13637	4861	5385	5000	4985	5939	6330	6710	5552	5453	6413	4757	5078	13107	11490	9446	9344	10673	9038	8182	8866	7885	9210	9283	13175	12297	11896	18920	13236	12877	18012	20725	14999	12027	11372	8852	11859	10861	9191	8825	10620	11698	18601	11238	9294	9659	9169	9944	12100	13938	13267	12501	9937	9478	10610	10902	15122	20677	18715	21316	14668	17339	16954	17721	13209	7897	9566	16883	10306	10114	10318	21429	18201	15881	10730	7053	9185	9463	8428	9379	12109	8723	6407	7472	8273	10051	9531	8593	7621	5425	6561	4437	5667	5523	4872	4581	6773	6793	7343	6757	7827	7166	7192	6653	6489	6134	6723	7144	5416	6444	6693	7663	14962	9883	9693	10425	7429	8031	10463	14966	14803	8950	9856	17708	6347	7690	7229	8541	5266	8874	5257	6115	7454	8534	14264	12890	11159	10271	16950	15045	13413	11759	10333	11197	8959	8728	6166	7504	5542	5634	6126	9665	8213	5990	7206	9638	9359	11147	8192	7040	6499	9574	8511	7066	7523	7911	5920	6214	7567	6586	5416	5208	4932	4592	5396	4813	8146	8228	9088	7249	4781	5504	5215	4083	4469	3767	3887	4244	4547	4285	5259	3302	3771	3664	4322	4213	4706	5036	3781	4159	3749	5586	6432	7656	7612	5821	6160	10782	26670	5796	8674	6746	7599	7062	7765	9452	9242	8902	9835	10518	9995	8505	7459	12402	11194	7349	8801	8150	9782	11593	11721	23966	9886	8926	9113	7613	8252	8243	12694	23475	27005	15512	17722	14184	18608	20436	16792	18972	15083	12437	5237	12433	15420	16171	13976	9668	6071	5210	7136	7056	3805	3168	15595	28490	3880	6247	5958	5504	3444	3242	3538	3313	4772	4220	5346	4368	3840	4106	9279	9224	9424	13339	7283	3686	4531	5183	5025	5184	5826	7576	6538	5968	5982	5158	5919	4309	3320	3676	2574	2671	2577	4301	5823	3839	3093	2154	2902	4816	5065	4357	4330	4551	5228	4952	5636	3469	3156	4791	5435	6412	8016	7822	6485	6148	4311	4103	3058	3480	3767	5133	4186	11914	6924	4220	3669	4176	5884	5021	5032	5011	5556	5168	12134	7120	6019	5174	6460	4171	5798	7170	16319	9860	8769	7196	5863	5215	4244	7512	3230	6910	5258	5039	4698	4238	2923	3258	7518	4442	10394	4815	5365	7280	5435	7331	5064	5422	7869	3413	5315	5416	7474	8646	5914	6598	7521	6367	6090	5385	4793	5256	4039	5392	6202	5917	7011	4632	4270	7336	4288	5453	5528	5271	4926	7177	7202	7148	7440	6597	5153	4085	4962	4589	5111	4792	4558	10689	5775	7029	7573	7644	16297	11928	9419
1497	2992	5664	6355	7443	7219	4691	4361	7218	6546	6099	3103	4257	3535	10221	6442	4851	3883	3612	3417	4527	2788	1956	2767	4793	2455	2544	6766	4284	2959	5135	4519	5192	1531	1731	825	2823	2755	3771	4703	899	507	1066	1402	841	832	1720	2364	1486	999	3125	4969	3576	1794	742	9106	4157	1509	1201	1501	526	3063	1336	1785	1784	2874	2810	8527	4540	4254	1098	1858	1256	848	4851	6570	1644	1796	1745	1563	7143	3159	6189	3347	4335	4294	1491	4128	1576	2212	1406	2437	3036	4329	4374	5641	2793	2103	5815	5533	1724	2875	3233	4006	2553	6710	1457	2440	1553	2007	4547	9785	11574	7241	4777	5540	3978	5147	3577	4266	2961	2175	1706	3762	5648	3478	2605	2782	1493	512	1253	1183	1216	1528	1247	1583	2129	2150	2781	1733	1377	871	709	637	818	922	2206	961	1057	429	947	562	932	1701	1013	937	540	1104	1873	1202	2071	3251	2781	941	1053	3435	1871	2035	1775	1684	3726	2278	2099	2755	2523	2025	2081	3615	1408	1608	1917	1624	1519	2957	2789	2274	1338	2137	3148	13726	10296	8067	3154	3265	2371	2482	2860	4541	3823	6188	7577	9119	2341	2156	4112	2810	2985	9307	10436	8352	9052	9953	5524	3858	4153	7097	7061	4010	5698	7931	5799	5728	2243	5063	2882	740	1474	862	2007	2136	2328	1264	1850	2058	1614	11105	3805	957	1583	4022	1653	1195	460	1049	2358	3077	4484	8119	6822	7049	928	1943	3062	4045	1362	2588	4520	6631	1598	2949	1908	2109	765	7866	2373	2359	1341	4007	3970	4093	1828	5100	6700	6273	7834	7912	6501	7450	2459	3447	2047	1851	1332	4383	4960	2005	1074	4740	5014	6691	8404	5735	7879	10658	11348	5548	7320	5188	6143	5899	3721	4602	4841	3769	2958	2098	1706	1662	1453	10442	9333	6288	6572	6740	8485	9383	11166	10142	9507	5726	4769	2443	1600	1665	1692	934	1219	1580	5357	3935	2530	3887	5947	5023	1194	2027	1258	693	1397	2526	6904	5734	3839	4059	537	868	1775	368	767	405	624	1131	2342	6428	6170	1263	1682	2108	1678	7245	5112	3809	4463	6685	7187	8261	7109	6018	3969	1451	1297	4827	770	899	634	686	2212	1563	1036	1926	3799	2719	5004	3443	3068	6430	7399	6551	7695	8762	4147	4003	5098	7298	9658	5671	3962	2160	2581	3783	4989	8976	7522	7899	2708	1204	1519	3556	1886	1353	2483	785	1284	1588	3005	2039	7298	3684	765	1829	775	1474	854	1318	3347	3981	2903	4337	3283	1585	1387	3407	4668	910	1654	2504	2478	1029	977	1318	1205	719	980	772	622	355	524	1206	3776	7548	6058	4406	3458	3203	2092	2324	3023	3342	754	2707	1021	805	868	1449	1889	990	850	1119	3237	637	463	395	1128	986	2378	1045	942	475	2153	2187	1017	2159	1987	504	3246	1467	943	718	2280	3189	1836	1615	756	592	938	469	548	2134	937	839	478	1888	618	1072	1275	1868	2104	4037	8820	10170	7239	15139	6638	4709	6856	8206	5437	4516	3190	249	2202	2758	431	769	241	344	309	585	568	324	198	179	179	310	195	233	424	218	184	426	394	620	173	240	1543	1950	1687	723	663	1101	1307	905	655	622	291	826	556	585	3224	3423	1181	1732	1929	667	798	662	3201	1452	672	539	480	335	336	601	401	486	735	440	1615	903	1009	778	5659	2147	707	1429	2307	2309	909	791	1462	2390	1322	794	985	1488	2186	698	426	1425	1239	1166	5261	10363	10789	1535	1031	784	1259	545	305	1404	558	570	263	182	1140	674	506	550	1360	615	788	852	1832	2107	1059	725	597	691	1381	503	704	398	622	868	834	652	455	971	3995	4428	3601	4452	4838	2395	2962	2614	3730	2281	1478	7301	1982	4147	1902	1919	2631	1544	1307	1319	2798	4448	4784	4409	6300	7276	2730	4077	7982	3487	1968	1483
7929	3768	2606	5767	3726	4643	14628	16099	18405	21873	25138	24178	28338	28607	29917	32916	29624	14616	1912	4825	2025	1530	2030	1797	1243	1423	1358	1178	941	1275	1149	2457	3067	3045	3629	3633	2379	1390	1676	2574	1376	937	797	1297	1272	2162	2569	28077	2308	1893	1655	1982	1805	1489	3436	1552	1118	842	837	910	1047	911	2564	2990	2346	1090	1351	2179	7358	10709	13280	11433	6161	4768	3138	3213	7125	3160	2765	3318	1607	1306	1469	1772	1282	4761	1612	2051	4543	5653	7941	5765	8604	5165	5889	11539	5848	5552	4656	4117	4547	5087	4620	7855	5866	4354	2379	4226	4389	3993	1557	3325	3821	6512	3104	2513	1707	2008	2159	1450	1689	1166	1479	2528	4818	1799	4796	3839	2262	11040	15546	11959	16181	15943	19161	20514	20322	20564	18676	20120	18566	22401	21339	21324	25252	24495	22073	19440	18885	15170	17030	16937	17199	18169	18824	18397	18756	18299	19731	23370	21839	21482	23341	20749	20820	21532	22235	20863	23794	25379	20650	24619	28157	28502	26959	27592	23775	5013	3959	4478	4667	4297	4177	4507	5680	4539	3016	3498	3386	5896	6885	14641	6754	6513	4943	3022	3790	5146	4629	3152	6877	4120	3004	3691	2520	3260	1386	1071	1154	1360	2072	1855	4317	2666	3357	6692	13113	22380	22741	23108	25832	24156	27609	20684	17791	26603	28280	30121	31164	30865	34159	30411	27822	17834	39306	31557	33307	33294	33845	31874	32314	35181	32983	34367	35073	33310	33494	31432	27511	29827	29997	30581	29575	33770	27087	24767	22185	20031	19957	22310	20366	15197	12831	10430	8254	7481	5726	7491	8371	11212	4971	4552	3788	4565	4024	10360	12337	14727	11153	12093	10350	6208	3390	2591	4058	2784	3411	3786	2852	7964	3081	2159	3385	5941	3625	4092	3225	2569	5995	4354	7825	10031	3282	2927	6168	5689	2896	6198	3171	4042	5138	2357	3322	3514	2274	1677	1417	1229	1065	968	5421	1753	1128	1057	1058	684	1151	1752	1496	576	775	776	891	1559	2647	2884	4147	1300	1446	1341	1736	1180	1274	1705	1093	1769	1208	1894	1160	1121	4402	3403	4194	3439	1308	4166	3946	3776	2435	2579	4538	1839	3235	5409	2213	2303	2413	2088	5331	2680	1277	2158	1787	1724	2162	3763	3698	4109	4858	3705	3116	4425	5153	4321	3749	7901	6434	4922	2503	3344	3007	3172	2798	3224	2661	4309	3023	3643	2624	1862	2953	3395	1359	1475	3278	1684	1765	1786	1102	997	3374	3904	3563	2193	623	945	4337	1360	1880	3939	3519	1917	1122	2497	1915	1094	1805	1379	2066	3458	3540	2999	2946	3301	2392	2998	2501	2649	4568	3905	2374	2619	3019	2508	2708	2909	3326	2783	2822	1684	944	1461	1163	2596	2376	2027	2733	2174	1772	1116	1412	898	759	1207	3511	3660	956	1009	1020	4758	1019	704	528	752	725	1005	820	1472	1648	1272	2235	1489	2310	2098	1826	1825	2036	2309	2593	1954	2153	4427	3305	3045	2972	3065	2987	1424	1046	944	980	987	980	874	583	1228	706	4401	669	559	663	698	440	491	677	754	394	1836	786	1061	1194	975	3170	744	642	1205	875	782	1837	996	582	507	377	1592	316	984	734	420	1227	2394	2081	2507	2403	2811	3227	3170	2134	3089	3285	2624	4799	3245	4903	5083	4026	2422	2567	2207	4471	3025	2548	3158	2106	2596	1990	1565	1359	1309	735	687	644	2335	719	1099	1571	1366	2987	2705	1668	1019	1252	1218	970	1495	1976	1885	1276	1496	1447	1106	940	2636	3466	4689	1919	6812	2385	1178	1005	1236	981	617	888	780	452	510	624	493	4012	1845	833	1960	2329	2212	2104	2967	2919	2300	2253	2095	3176	2461	2265	2897	2436	3626	3901	4071	3144	2152	2090	2736	2536	2853	5361	8042	6172	7541	5151	5563	5864	4383	3551	3347	2775	3578	4348	4148	3433	3733	3312	5874	6986	4000	3885	1432	3389	1053	1763	5677	3512	2504	5026	2454	2262	4232	3011	4429	3515	2420	3216	11740
17022	15799	27492	30405	33368	43078	25928	19256	20183	35186	37441	25351	26483	26485	27918	55106	34269	30388	28720	49811	38127	34685	23617	24447	24640	24206	35421	32520	24766	35557	40780	39959	33518	53914	66376	75634	64640	52817	45872	32145	27738	23741	16883	22997	25161	37392	36762	16009	17543	17010	15907	26162	28235	21926	20370	14087	12338	19949	25589	25550	25093	24195	15968	14621	13949	12867	26890	36727	41398	32061	45707	34036	24212	24448	23355	31236	35004	39588	44309	39329	38496	53795	54643	51297	69884	32633	29819	28102	25028	26227	33787	62052	51547	31093	29832	25205	26813	26480	24705	37125	46313	36892	41836	39348	33905	46707	48977	50032	53604	34778	38902	50664	35769	31591	48614	35887	38804	37024	35917	33840	33259	41075	29092	27577	33125	37151	38467	34996	36704	28778	55596	39320	54835	24368	24497	23763	23766	21076	22745	20958	20052	27205	25774	19992	19310	15934	14495	14722	14211	14293	14843	16804	18606	17602	37836	32804	16949	25774	15878	16213	15177	14346	17085	18557	19895	23017	21892	30270	25412	27382	26872	26267	21104	28435	41492	38882	32820	29741	24592	19285	21298	28299	34560	41233	39767	32066	33841	30791	31226	32804	37830	50996	38448	35971	39547	40865	35843	32375	42021	37156	37419	31719	31785	33504	30071	32570	29650	43548	30685	33281	31526	29508	33014	32516	37376	28531	32348	31852	28979	27546	40944	43924	42823	58598	63889	55697	41873	29748	27292	29370	21228	28071	30127	29218	18041	19878	19316	19412	18361	51136	33683	34335	30060	15490	11653	11760	20298	27277	25339	28160	35521	44642	22666	25542	18229	28109	42966	49168	53379	42102	27780	19029	22543	20921	26239	32871	36840	28093	26375	21260	19933	22290	59825	35690	47962	55525	39677	22038	24633	35736	44530	40226	53720	59870	47480	36480	40463	29835	35252	31925	40474	38144	36655	47221	42753	42127	41279	24208	22336	21108	22873	19123	18744	36402	32189	28851	28387	24461	29353	24433	21113	25336	30363	32899	26961	22408	22802	26815	30163	34722	25710	16582	17885	35774	33135	20158	17212	20001	19852	35138	32309	33790	29260	20657	23166	20390	20245	19303	18970	20099	19210	18514	18671	15708	19615	20743	19404	18320	19081	17049	19761	18870	19186	16210	20886	23327	25498	23140	22367	27795	27332	30569	31324	28421	36307	38125	41064	39890	36932	49964	35813	37834	29596	28829	31482	37155	39714	31957	39058	40486	29455	25103	27590	59814	38286	43383	54200	39217	38779	33323	32828	46053	44918	48735	51754	39515	42313	40673	49060	57669	66474	49486	51286	49677	56415	46020	64428	50453	38959	32631	31120	27707	25301	30824	38151	34946	32390	25243	42899	68469	42422	32686	21941	25191	22998	20599	22474	20988	21172	21204	20351	27209	20502	17734	25140	38094	28033	21020	22183	14228	13669	12720	14859	20074	24931	17441	13858	12022	16631	17143	20043	25141	26896	20303	18890	20384	19396	22890	19267	18780	23342	28542	24743	15579	24134	35884	30965	49446	53030	17037	24787	28901	29547	27300	22737	36359	37961	31059	36618	30231	22508	26504	29350	60304	41744	45535	28888	30106	27782	36195	33913	46222	47176	30758	31533	48152	31608	28874	28674	33432	34350	34140	32878	29992	33527	33274	27087	30851	34304	42459	40936	42463	53467	38281	28593	30659	41658	34045	39004	27981	19402	17389	18320	22408	24724	24752	21358	19280	18462	19369	18214	28256	45079	22700	40392	32720	19888	19382	20150	18453	26599	25559	20447	16348	18863	17662	18383	21168	27391	25960	28032	21984	19696	18772	18451	19908	29264	41152	46484	43403	38002	21174	26840	27054	69879	69686	50044	41698	38564	30539	30499	29803	36212	38168	61186	57527	64459	29486	23648	25485	37398	40218	32808	39889	36271	34794	35765	36561	39509	49092	51183	44903	36463	26985	23714	25884	34295	43844	65086	47515	57006	53323	51626	56246	41546	51880	48800	37032	33220	20457	15289	15790	17728	22923	23392	24381	17435	16697	16920	16710	18580	27734	40240	42199	27868	15249	16335	16580	17509	33458	43365	36098	45176	20193	21887	15033	13427	15810	20672	22621	21276	25870	32548	27279	28941	30152	37164	45503	47294	28577	21702	25763	27172	33471	38052	46025	56921	47913	44547	38062	45130	47357	81839	78846	56561	42964	37424	42105	42525	41005	82450	58405
71925	73871	102166	119606	115196	111676	114073	113973	102142	119437	126044	119162	90852	47678	41229	25758	15035	15465	19772	28507	15253	34097	31781	19435	20212	35802	30936	35197	33909	10542	11338	16343	16774	25338	31109	34578	35003	37286	17796	33146	38853	37386	38503	21396	10363	34871	20766	26279	32816	31146	21824	28697	32450	32220	21738	30244	28825	26445	19211	30710	27580	28590	25691	24845	32844	31122	22922	30510	31076	31078	35146	30067	44598	34502	42198	31139	40261	43046	31220	59444	52822	45405	23224	41123	55107	61980	59550	53444	64565	62130	61846	37820	35518	42351	34388	38685	54841	37175	41473	37298	36006	17046	32288	34781	25669	34706	33772	20237	37607	43958	40169	28384	35139	35815	45741	46528	28653	39886	56823	33154	30580	39850	39467	40458	37641	26363	17196	27912	45670	50068	32641	29140	29082	31863	33294	33580	50796	38476	32565	40123	40993	34951	41758	46298	51731	52393	26381	43783	51319	46585	25016	42246	62077	56755	33737	19083	19686	34784	36357	28434	36342	33461	32243	36667	21980	38348	50538	31229	13965	37524	30009	20077	45989	42130	45045	37673	25488	41238	68159	39254	41937	40705	35126	42686	43029	22948	32768	48155	39750	26040	32234	45381	66403	70020	42330	47213	51988	21996	23381	41477	68156	39158	28806	41754	44745	56092	36920	37862	58246	56819	40970	25059	48715	61105	43916	25829	33323	37794	42253	22203	13546	32913	46513	48268	28002	44034	41734	35253	37365	38969	39660	14040	23165	23865	20171	6324	3151	17092	17597	20329	37659	28687	22625	14555	10905	20285	6043	22231	41472	37474	9888	23026	36965	38431	42791	37556	22722	29119	11897	18645	24651	21576	20842	21783	19930	25527	39608	25910	21037	31642	31436	33831	38160	30850	47632	45012	35859	43820	30285	22119	35763	41016	24469	26007	41888	38353	27733	32608	20407	11022	29246	35826	34514	48137	25556	41252	19092	12809	28261	29743	24420	38696	33549	34019	48961	38185	25823	24093	37133	22163	25539	25399	35370	43657	17364	24834	46213	37497	34499	32214	27794	33601	25152	21471	40481	45872	24627	21748	47784	34111	31400	25589	9060	20684	20801	9720	25621	32629	29107	22128	32877	31171	46878	42212	32248	30145	30431	31843	40033	24681	19894	31012	38924	31597	25291	32953	37254	31604	49285	43258	8884	26210	26896	24928	47606	10910	29953	34652	17718	40076	38364	37327	39407	52737	34006	30942	47344	56559	49165	28567	37470	35097	34165	20606	36041	17653	4983	19847	40480	24157	4627	20552	37493	44297	21653	24678	18603	21417	18768	5844	31133	74066	64461	46497	105341	66857	41310	108731	121552	84037	109845	89824	87331	95770	110917	103221	94685	86592	80975	77631	107138	101181	97002	70794	83722	87096	84372	63450	70165	75602	108930	83636	62901	79176	108644	91009	91031	83977	97262	89106	89809	135519	85245	92908	114417	112990	108207	93577	83450	67685	55547	68043	40761	28963	42231	57909	61301	36843	36939	51102	73117	73340	38930	39208	51304	52329	68524	57985	70506	95719	80700	86819	120732	95546	94412	97629	112245	99398	93927	85177	73054	87456	95718	101329	123658	112391	125260	113398	131483	100061	82874	97391	90876	81528	75086	99550	100255	75012	41384	29394	31259	27850	43460	25689	4919	23076	42069	25388	43763	28574	2374	15839	49790	40976	29323	29884	51716	29366	21739	34740	44395	54009	44113	41133	43333	26267	33073	33393	26704	33178	33166	23187	49078	34045	23146	20625	43232	15600	26575	24771	44441	18229	16252	7217	22771	42747	44319	8282	11459	22867	18589	21021	22025	22243	11457	1229	23571	36088	28670	5251	8797	23805	15165	4225	22255	24839	22944	2189	21370	43060	23844	2733	1836	22176	19022	3012	14918	20832	29386	17917	20071	24275	11916	14085	3428	5704	28628	6741	2831	23929	37196	23410	12162	21853	28621	17289	1769	24191	23682	18608	36898	22884	5085	21477	41586	39877	22047	17045	39245	27121	26464	10790	26674	26955	41411	40260	44321	48134	49146	38690	41652	38629	16161	17954	29503	25640	27516	23945	43109	34097	5443	23330	30614	29185	7260	2712	16620	21974	18379	18105	23551	23230	38866	24073	24028	4313	2969	15820	38167	21507	28375	30186	45967	45688	35852	50293	56817	61125	52294	49377	53590	59883	49705	37273	49306	44571	37973	52994	56631	44135	34276	43010
16	28	50	16	43	209	5	201	12	3	27	13	2	14	10	4	27	23	15	8	1	3	4	6	37	4	4	8	13	26	43	5	12	12	38	12	10	5	39	23	5	18	27	10	10	4	4	6	2	4	11	5	13	6	28	5	16	5	21	9	11	36	6	15	17	14	11	133	16	8	5	1	34	5	17	14	212	376	473	125	302	382	507	142	211	343	15	26	15	4	2	24	47	69	35	34	41	116	78	64	62	18	35	7	609	238	111	83	8	5	4	22	20	98	15	3	8	2	4	17	5	3	29	6	128	7	96	4	6	6	4	51	8	3	6	6	4	2	2	2	3	3	16	7	62	3	4	2	3	5	4	7	1	17	6	7	5	6	11	3	5	4	18	4	4	3	10	12	21	55	44	7	7	49	5	7	41	41	30	0	7	53	30	4	31	7	15	44	28	100	5	3	133	11	65	8	34	4	9	14	9	3	3	16	7	9	5	3	8	28	18	66	2	1	5	5	1	37	7	6	385	6	33	53	21	27	4	3	4	28	52	22	10	5	3	25	8	4	3	7	5	5	7	5	2	4	15	4	19	7	9	19	40	8	8	6	7	2	20	18	56	41	19	33	48	15	116	37	2	6	16	7	44	37	67	183	127	266	8	18	5	14	15	18	10	3	3	4	15	2	3	10	19	17	75	48	17	18	61	12	12	10	9	30	12	6	4	3	107	15	21	40	33	43	6	8	20	6	6	8	45	6	6	9	8	41	29	16	5	26	5	2	7	2	3	12	4	13	6	5	3	9	3	3	211	4	15	6	3	2	13	6	4	7	9	86	7	4	9	193	931	753	814	411	234	93	2	3	7	14	1	9	64	2	2	8	8	39	12	15	3	3	3	6	8	26	76	121	26	3	5	37	6	4	2	15	28	5	4	4	3	1	19	12	5	6	4	2	4	4	28	3	23	5	2	26	6	40	4	2	3	3	2	3	7	0	2	4	5	4	14	3	4	5	12	4	3	6	7	5	4	11	6	5	6	8	2	1	4	4	15	9	3	6	4	4	3	4	3	25	7	2	4	13	17	42	6	5	2	4	3	16	2	304	2128	1915	1001	17	24	5	18	32	3	1	6	28	20	4	5	3	3	11	2	2	5	4	4	4	4	4	2	17	3	4	4	3	12	4	3	3	6	6	3	2	5	3	66	15	37	16	7	3	4	6	25	2	3	4	6	8	2	2	4	3	4	5	1	5	2	5	4	2	1	4	5	3	3	2	4	2	3	3	3	2	5	2	1	3	2	3	74	40	5	12	25	3	4	3	2	4	3	2	5	5	4	18	4	6	3	6	2	5	17	2	6	1	3	3	14	3	1	4	18	4	23	7	2	2	3	7	3	4	4	1	2	3	2	3	11	6	3	2	4	3	1	3	11	3	14	4	7	3	32	3	2	2	3	4	2	4	4	4	3	1	6	6	3	4	3843	6716	44	3168	3350	618	19	92	13	4	30	6	53	86	167	138	65	29	17	16	38	143	26	40	5	123	30	31	16	23	67	17	19	7
1030	1236	6171	2342	1856	1351	1494	1641	1815	1555	1018	1588	1269	3052	4790	3107	3181	3535	2992	5671	4805	1127	5034	6455	8804	2163	2235	2313	1227	3059	2332	962	1003	1545	3590	3187	1461	700	1446	1231	1084	803	945	906	663	774	471	714	795	955	493	652	709	1000	406	345	433	323	2422	513	813	578	530	891	1287	3002	2542	967	1143	975	1051	835	865	1091	1332	848	1306	1445	1925	3490	1816	1176	1735	6508	2438	1730	1282	1388	1658	3698	1665	2357	13432	4370	1146	1235	1294	1302	1643	1618	2453	1299	1425	1125	1441	1689	858	2098	2852	3611	3249	2500	1330	897	1282	1033	1184	1478	1996	1761	2507	1958	2229	2431	1257	1092	998	456	739	650	624	1438	1161	587	483	637	928	492	802	1972	3748	885	2413	672	1079	4826	1150	435	428	441	471	515	449	499	619	785	667	662	431	1266	2767	811	944	724	587	794	595	807	1246	1515	1597	1822	2360	1702	1742	1549	1227	1199	1184	2131	1337	1539	1420	760	657	783	1521	2821	3033	2826	1486	1141	1174	1341	1657	829	840	1137	1490	1190	1155	1169	1249	2221	2157	1810	1768	1299	1351	1770	1272	1500	1122	1449	1197	1238	1215	971	1015	1018	926	1435	998	1010	1791	968	789	1509	1810	2380	1886	1795	1652	1456	1317	1521	972	1143	1150	1466	1081	1772	3225	2780	1523	1528	1325	1452	1295	1052	2254	1387	1432	1388	1554	515	569	586	699	570	1343	633	1078	629	1793	619	641	1121	4800	4664	4876	758	1129	726	820	1055	1266	1306	1855	4713	5929	6272	5116	1943	2420	1759	1840	1957	1481	1125	1694	1571	1521	2099	1525	1681	5331	4417	3697	2506	1899	2096	1645	1384	3716	2631	2938	5122	5313	3883	1194	1583	1628	1027	777	1472	1681	2591	1585	1670	778	487	906	722	6146	10741	10080	13025	17318	11390	9154	9242	4203	516	868	1272	498	459	1239	326	374	2697	5769	370	1660	1340	1410	1159	935	869	857	919	1008	473	807	5947	5599	6284	6021	7644	5791	5396	5938	6107	4437	4364	3232	3796	1736	792	1122	1284	1454	1620	1477	1350	2119	1100	2128	5684	3517	3470	3325	5124	4919	4885	4422	4495	6112	6658	3441	5089	4375	5512	4695	5866	7553	5251	5328	6569	8486	19912	23029	14943	9314	4586	3819	2120	3306	3715	4645	5271	3800	741	854	926	1020	818	551	565	669	566	628	633	650	535	587	881	631	1574	666	725	524	804	986	1407	979	8126	4569	4552	2910	2206	2847	1407	1181	2337	7642	965	1297	1640	1239	2602	1227	326	254	498	549	1079	571	529	375	433	629	605	627	662	507	1174	698	711	716	581	1166	1797	1488	1153	1479	1600	1760	1095	718	849	993	1073	923	639	1010	664	1391	1105	832	847	1517	779	859	1201	974	1143	897	673	654	838	1349	1129	700	799	791	680	713	2278	2680	793	556	424	707	556	1193	1875	906	486	492	819	569	857	426	244	369	398	378	357	245	376	301	360	358	385	296	906	950	748	539	461	517	426	335	413	390	277	309	438	511	493	2454	588	1037	1405	3417	3576	1688	522	957	1039	937	738	1024	723	4530	4445	3663	1041	880	682	386	1284	1399	797	1136	1634	1340	3328	1731	1223	1144	1624	2031	1998	2567	2577	7621	8142	11707	9920	1245	1966	1682	1971	937	619	847	1028	859	844	1048	688	825	925	640	592	670	944	825	1436	450	371	289	306	984	1389	557	415	219	339	481	345	287	1093	1747	1719	671	339	401	282	955	443	436	305	303	362	509	428	437	1123	1625	6393	2785	2825	762	1196	1198	862	476	1964	3021	5419	2955	2973	2312	2725	3113	4974	3990	3200	1695	1680	1704	1804	1315	981	959	1253	3398	4460
273	127	106	167	157	154	119	129	98	84	80	23	25	17	45	43	15	19	34	57	57	72	66	65	35	14	32	23	16	20	18	6	40	49	21	14	14	16	46	27	46	63	22	32	24	58	40	99	27	2	17	39	3	12	24	40	26	16	23	8	3	15	31	30	5	19	9	41	204	63	41	109	183	138	188	251	214	178	250	73	60	125	62	76	114	104	190	57	74	73	51	125	108	81	148	8	40	60	49	2519	4014	65	20	32	40	28	30	38	26	64	71	31	75	96	117	41	93	51	16	16	19	30	20	7	4	26	64	45	33	14	39	19	6	30	13	41	78	105	16	4	12	11	17	2	39	111	39	12	3	18	2	32	53	13	4	25	14	4	16	25	59	125	42	72	53	25	57	74	30	51	44	122	98	49	73	68	93	18	78	120	131	94	220	160	106	71	185	168	95	77	192	205	96	62	74	119	106	51	76	52	30	58	35	29	10	6	19	54	40	34	190	183	142	68	44	5	12	67	40	72	21	20	19	10	6	66	22	42	4	14	5	4	29	52	21	4	8	23	32	3	16	6	36	2	1	13	17	3	7	19	80	51	44	40	22	22	54	54	46	66	18	19	145	43	36	13	96	38	95	80	102	27	42	39	27	12	50	9	42	184	62	104	174	42	64	43	64	25	33	137	37	23	35	14	22	29	8	7	24	101	113	84	40	43	34	13	9	2	18	12	18	18	77	18	11	27	5	16	4	12	7	26	39	38	12	29	20	35	6	86	14	17	20	9	30	13	15	1	34	34	2	33	15	12	14	5	17	17	14	1	1	22	24	45	15	47	30	68	40	29	18	15	5	38	67	36	122	43	64	79	23	42	35	73	50	27	82	52	42	28	69	33	101	157	58	49	77	28	68	23	5	30	54	47	5	4	25	50	42	20	62	13	1	9	18	17	25	13	11	42	44	25	2	19	12	11	27	32	49	23	38	5	4	20	4	70	5	4	18	20	8	5	25	170	72	14	74	17	2	6	7	16	4	4	19	58	12	5	14	25	14	5	2	40	58	43	2	17	4	9	3	29	5	4	24	49	73	12	29	2	14	6	17	3	4	6	59	45	27	17	47	27	3	6	6	3	2	2	4	34	24	21	41	38	47	27	44	42	12	18	14	9	2	3	10	51	21	27	9	16	5	3	10	17	20	8	15	4	21	12	6	45	7	3	6	1	7	4	15	3	44	52	45	20	24	4	4	4	13	8	60	35	111	19	13	2	13	9	15	19	17	27	17	31	15	23	14	62	21	18	5	16	31	11	2	7	24	22	18	11	6	6	3	29	54	16	9	8	30	5	4	4	47	66	27	13	48	6	17	14	2	10	5	32	0	6	6	5	2	25	2	22	9	5	8	13	33	25	20	4	9	23	23	4	2	5	4	90	13	7	3	3	13	48	30	42	6	4	2	3	16	2	6	16	22	8	13	9	32	55	56	78	18	73	38	25	17	12	40	24	26	25	75	45	93	39	79	47	107	64	89	77	37	69	53	312	221	231	165	126	65	21
25933	14790	44453	38521	7244	66665	72178	50571	52456	80856	64973	36425	6580	34587	11529	6430	7581	24171	17946	2211	3084	16619	30358	8194	3571	4787	22988	20440	16403	6840	7793	18412	22189	14243	9241	8036	21528	13772	1595	9730	7686	13474	9121	19306	8997	3265	1274	9920	5334	1979	1973	2508	7215	10034	2318	3530	2743	13688	1016	1005	1057	16710	34192	1180	26604	36899	34702	24959	35774	26221	42664	18582	15678	18360	42506	25146	29145	76808	91854	83918	79881	40832	21394	32585	4101	19728	20657	7723	18812	24630	19919	29574	16297	28352	13506	21456	11742	4072	24215	18219	3445	4025	2575	3297	6125	3520	3687	2899	23792	7048	18249	4725	25902	28564	22165	39030	8489	8785	42219	35890	7671	4610	5042	3587	7717	10386	23719	4659	4922	11128	1305	14709	29681	26019	9355	5695	5098	12241	14273	14644	24094	18707	7386	7421	21998	15885	29794	23874	29304	23297	85325	46978	12634	68531	68312	51058	73582	67249	4167	16927	20816	32299	20565	47008	77333	57281	55710	96915	101443	57794	69763	109222	96213	82952	65606	56246	64041	61075	49332	11523	16785	10679	22941	12277	28882	20493	13467	18566	23894	18183	22335	9875	18291	28783	16680	46458	15218	19961	18695	7251	28054	29071	80648	7944	62049	29162	20705	20596	33743	28190	28259	21888	23076	23278	19901	23051	13984	14833	17741	15427	5759	9574	16896	8985	3762	6755	12716	21153	26856	7138	11947	17901	11419	7647	2193	1820	13704	2135	2130	1610	1539	2918	8761	10715	13299	1955	1889	2434	1854	3213	13972	3983	16730	2460	3550	2208	62078	61948	80182	72249	60667	58368	60852	40832	4550	1951	31573	15929	3570	10007	13558	6430	5400	7688	18861	11034	10158	5449	8208	15128	18820	16281	14628	12200	20459	18817	11270	26884	24966	17118	17731	29220	21797	29309	22433	32618	25556	21275	17367	17008	23025	16472	16401	16579	14941	30874	23969	14847	28110	8505	6403	6820	5829	6524	5954	3540	4531	2694	3085	5445	6822	7716	8345	7983	11487	8934	3781	3560	2491	11977	7341	3335	11843	3740	4765	15427	11900	14561	3553	22987	25859	3688	19120	24838	14549	17177	3836	6637	20049	35420	14502	26435	6013	8194	18409	19804	32965	25630	17165	16625	21089	12036	12324	24927	17359	41986	18831	24647	12702	21114	39034	30236	32200	40656	8826	6480	26262	39387	25074	46917	43180	31226	20764	17415	12986	13862	20438	22964	20508	21384	45938	16992	21757	28947	37991	37627	50804	39075	5749	5674	20229	29930	34316	46864	29331	15824	31357	24043	16229	14969	24063	21293	3726	9300	10385	6549	15368	32563	33075	22178	10307	27664	35309	10617	34641	6545	8180	24388	27627	17203	12130	16943	10399	14366	8044	19620	16909	12824	25246	16433	18354	5473	3334	18459	10772	34668	22717	13184	6770	17949	19514	8942	17458	2003	9139	26100	2119	2349	10808	16790	3251	16036	9911	7021	21637	3063	14293	13958	7602	12328	2374	2110	12823	6050	7108	1766	1713	2337	2566	2684	2456	2500	2328	5604	11812	2782	3389	3948	2980	2477	2482	2547	3482	2918	13915	2067	1429	13097	2122	2028	1959	10153	16739	17443	37515	29269	16820	26763	14848	21645	19499	24569	16309	3755	23393	27748	15962	4352	33475	22492	6762	26685	25809	18410	14596	19953	4227	26295	12431	8884	10792	5810	2393	6798	11994	2092	2540	3336	13498	4292	2578	7380	6068	1686	1765	1311	1615	1582	1788	2623	3119	2207	1715	1440	2425	1672	1880	1832	1937	1276	1597	1934	3621	1518	3120	4785	4377	4676	2092	2225	1437	1937	1889	1735	1858	1963	5318	2259	1844	17425	32063	20698	24310	26265	22979	28847	24639	18829	26473	25889	20061	29005	25234	21969	26522	22840	20497	16117	19067	26009	28158	23624	28513	25809	30455	22888	29241	24921	22242	29572	22625	18758	23875	26000	22091	21752	27008	24010	22581	24309	18540	29236	33335	24653	26880	24247	23226	29657	24755	25509	18763	35375	22532	18118	29114	23008	29856	20431	26198	24999	22756	22498	16927	3465	3398	4646	5272	7929	4581	6261	4319	3896	3889	4581	17876	17982	19665	48589	32137	28582	34097	35051	35631	23252	34162	30903	36638	37653	36064	29877	28638	36589
558	820	828	613	592	618	384	509	704	554	681	458	582	392	74	131	133	133	249	130	164	245	272	2078	700	332	240	211	120	136	432	913	1068	1316	1276	1063	387	521	591	571	491	540	545	185	351	353	264	91	105	62	156	370	169	62	35	27	26	31	54	139	101	103	156	126	132	104	760	1004	887	34	52	172	122	341	346	258	184	400	644	322	314	284	198	169	345	1027	500	175	1622	2841	633	571	647	441	490	519	165	135	161	168	346	132	459	305	323	333	578	586	859	733	766	234	215	292	151	102	173	201	461	112	115	121	456	835	916	933	1110	989	1005	2402	4134	3308	2674	1057	837	895	441	342	252	369	555	297	459	222	406	264	92	156	252	178	251	165	209	537	441	271	222	331	252	334	336	513	305	345	216	2751	3450	3229	810	3141	1374	3297	2553	3208	1364	244	323	320	257	187	302	483	518	482	283	266	143	277	223	349	237	180	227	339	385	221	393	529	342	582	1101	725	212	244	238	183	160	133	303	355	195	362	1281	1004	1287	904	969	1360	895	1103	888	875	632	284	359	602	400	310	291	443	282	439	941	735	959	701	622	810	874	747	1340	1277	507	597	749	632	736	650	483	221	128	110	163	146	293	571	334	366	1635	110	173	237	333	845	970	897	397	4467	1115	226	198	156	134	238	393	282	550	352	132	203	200	445	394	408	161	2193	11171	11114	9754	9153	113	1058	2107	1667	2069	1687	1340	2074	2409	2280	334	252	402	232	551	132	136	246	473	1161	278	281	374	295	280	256	221	310	212	163	170	128	149	272	254	282	235	152	99	508	403	368	340	144	218	264	335	294	410	285	377	314	192	270	452	465	158	410	322	354	223	167	165	272	246	451	211	153	244	239	16654	91	713	710	70	100	47	587	3405	233	390	645	351	512	1036	737	1202	780	1862	2855	1685	949	962	1053	1081	1098	1008	1265	878	1010	999	906	740	1447	1811	747	1086	1373	909	899	998	1180	747	774	777	930	1193	1821	2284	2892	2705	2045	3241	2827	7461	9590	1863	1778	2000	2376	2859	3156	3485	3324	3265	3178	3894	449	58	221	147	89	96	276	263	87	226	226	213	112	158	375	126	87	235	275	405	218	364	271	303	390	249	356	280	500	301	154	167	254	651	418	335	76	93	258	221	199	333	208	80	73	179	185	330	299	361	341	481	344	346	479	500	469	581	383	424	395	433	332	802	159	182	300	354	252	309	416	556	514	615	890	589	411	1399	300	286	366	832	296	281	391	160	238	291	8623	3082	310	263	183	247	392	364	256	302	199	290	329	518	450	321	286	469	218	94	180	481	331	219	413	313	324	273	258	290	264	149	217	348	343	449	224	292	263	259	326	331	289	207	244	91	36	305	71	249	320	29	51	178	152	128	131	111	163	164	96	69	74	345	120	262	51	65	750	1010	499	191	285	1798	102	224	586	445	213	141	116	395	491	580	158	238	773	9628	12278	289	638	396	65	81	181	166	175	345	241	298	330	238	2047	3006	1178	225	260	293	264	729	154	71	1113	142	365	936	665	941	901	804	722	845	689	639	330	699	618	856	724	565	785	769	704	507	1003	1223	1002	917	1358	990	1007	2432	1771	144	2028	1242	250	215	218	1175	1719	2783	2169	1047	825	778	833
9453	9941	8846	9019	7083	6280	7599	8875	8016	5900	5796	4872	7912	5202	2238	3856	2397	1975	2523	2407	2529	2952	2682	2713	2161	2407	2865	6703	3709	5005	4035	9288	5339	4992	5092	3815	3439	3238	3085	5451	4312	1028	1953	2308	2084	2492	1244	3626	3040	1813	2440	1871	1921	1764	1484	1287	1449	1326	1486	5579	1856	1396	3557	3778	5400	5721	2053	3169	2899	2301	2762	2522	2488	1811	2354	2938	2079	2690	2329	5689	5190	5407	3951	4234	3581	4318	5012	5335	2898	3821	7078	14370	5764	4506	4403	5032	4767	3085	6733	3820	5387	6962	4178	3869	4122	4079	3516	4289	3782	4522	4367	4424	3827	4329	3839	4174	4620	4070	3852	4184	4548	4497	4581	5305	8215	8141	4963	4280	3372	6347	11103	8997	10589	10270	9303	5979	4513	5146	3542	3854	3628	4391	4559	2029	4506	2592	1933	2064	2046	1669	2123	2531	5246	5747	8064	9776	9048	6473	5369	3785	3031	3015	3471	4438	4384	4446	3531	4153	5511	5715	8450	5818	4954	6954	5769	5086	5340	5960	5696	6226	9963	4821	15156	4418	3490	3411	14783	3689	4253	4133	4316	5470	6716	3833	8524	4927	3059	6423	3008	3208	2827	4812	2438	3323	3059	2851	5469	5507	7382	6480	6272	4957	4017	3647	4026	3114	2532	2656	3780	3874	3551	3392	3582	7307	4294	3923	4478	3018	4653	3495	4128	3319	3250	3613	2764	3200	3254	2697	2409	2994	3185	2807	3931	4725	4208	5497	4630	4367	3755	4053	4512	1998	2254	2016	1694	1895	2229	2620	2619	3363	3132	3494	4443	4494	4568	5088	4248	4352	4044	2517	3035	11507	13433	13648	7990	3770	2653	2890	1656	3072	1467	2134	2901	4373	4544	3840	9825	10773	11106	7729	1656	8151	19414	4229	2685	2287	2036	3822	2975	2218	2060	1920	1718	2030	2791	3730	4181	3408	3505	3256	3339	1936	4917	9173	10553	9117	9526	10384	4831	1967	2342	3011	3284	2284	3099	2119	2085	2471	2444	1797	2041	1224	3550	4849	2217	1788	2393	2334	1962	2236	1750	1420	2059	5161	2234	1485	2475	1276	1571	2191	2545	2269	2448	2553	2597	2617	2419	2569	2292	4473	8450	6450	2809	3177	4472	5702	8278	9681	3682	3330	3464	2583	2977	2255	1929	2117	2348	3639	5462	6802	4630	2584	1779	2114	4554	4704	8587	6491	4511	1644	2395	3066	2312	3779	4820	3664	3164	2601	4215	3620	2475	3170	2814	3895	3047	2978	3422	3281	2409	2665	2408	2802	2729	3043	1995	1886	2074	2093	3653	1686	2267	2292	2596	2169	1119	2054	899	1005	385	1056	2255	1357	1970	2152	1589	1522	1495	1424	1556	1967	2088	3855	5346	2188	2438	2191	2753	2455	2506	1932	3829	2444	3234	2511	2058	2372	2348	2954	2260	7547	1534	1677	2614	1384	2762	2668	1634	2574	1498	2081	1145	1370	1655	6416	1053	1195	3521	3882	6404	7617	5971	6030	2947	2066	1982	1862	2617	2397	2138	2424	2066	2905	1615	965	1046	1259	1748	1493	1879	3845	1701	4003	1722	2947	1528	1892	1676	1322	981	1748	1998	2912	11665	2787	1998	1266	1152	1106	1392	1877	2232	2663	2611	2266	2311	1892	1567	1211	1100	1091	2139	750	948	851	1005	924	717	461	430	325	2862	378	382	577	439	367	531	630	614	596	645	771	2291	1421	10396	11220	1019	819	605	680	648	713	2232	4667	1916	1997	1737	1444	1263	2064	1675	1500	1522	2123	2212	1752	1588	1947	1793	1350	1564	5560	1484	1983	2394	2722	1671	911	1363	3399	620	4114	767	1727	627	603	955	882	1813	1833	2501	679	1518	587	1076	989	692	880	829	1313	3386	2039	526	723	1433	1687	1998	3543	1981	1884	1734	1741	2470	2269	6049	1711	1658	2154	4339	2018	2473	1515	1388	1295	1703	1184	1107	1353	1250	1201	2843	3596	3659	4558	5475	6825	10015	4398	3589	3721	3521	4182	3871	3357	4141	3153	7535	2853	1922	3886	2571	1876	3069	2810	3001	2901	2655	6763	4415	2293	9542	14177
426	259	274	443	370	488	707	853	1602	1482	635	718	1260	1125	1366	702	408	369	347	310	355	354	416	321	367	270	448	310	456	159	2	38	242	859	1169	763	630	1047	1059	1108	39	17	3	1	4	2	6	2	3	1	5	15	9	5	194	664	1067	986	505	820	807	904	1357	122	170	218	171	147	67	75	112	114	135	99	76	76	28	61	426	600	927	1242	1011	807	1139	1084	28	213	14	13	3	30	2	25	14	60	71	83	24	164	81	4	504	1041	1154	1166	858	1009	1310	684	15	50	749	575	4	30	3	3	4	43	4	1	16	4	3	19	42	3	401	1016	905	997	895	1304	1086	140	10	2	7	13	3	4	8	3	3	4	2	2	3	4	18	915	1009	914	650	425	1227	1166	711	6	4	3	4	61	15	3	24	5	15	27	29	5	27	25	335	452	750	1347	731	1106	1399	253	767	76	4	4	31	0	0	5	10	26	177	21	7	4	2	18	426	1121	1145	1305	628	928	975	1023	36	7	4	15	6	4	15	3	3	3	3	8	5	4	21	5	6	2	285	1234	789	795	1253	1095	1219	2	15	5	3	7	5	2	3	2	4	3	2	1	3	2	224	675	784	771	1122	781	1394	1374	737	5	6	38	89	190	3	28	15	4	13	31	5	216	365	79	293	1110	1390	1243	1208	5063	3870	579	26	25	22	49	22	80	4	13	13	74	17	49	23	114	14	39	202	810	1127	1248	692	350	1145	1365	310	13	16	30	7	2	16	20	36	4	2	14	2	3	1	15	16	1	273	1061	508	556	1086	1136	1250	1393	606	3	1	1	2	5	18	10	5	1	9	1	7	2	173	753	1090	1117	918	926	1159	1134	4	4	3	15	1	15	3	28	3	3	161	5	20	76	16	106	222	1216	1239	1263	1128	1558	1012	49	54	128	66	33	26	17	58	41	70	30	11	13	32	24	10	23	114	747	1149	1299	501	791	1172	1158	22	10	12	22	14	5	13	40	201	553	5	4	16	13	7	3	14	5	388	1237	1052	1106	1371	1071	351	2	2	1	2	5	4	15	22	4	6	5	6	4	7	3	126	993	1010	1252	883	871	965	954	4	3	2	2	5	2	2	5	3	5	3	2	6	3	4	3	422	858	1238	1358	1227	1515	339	15	2	6	15	14	0	3	276	20	2	2	4	6	2	1	3	14	76	902	1214	1153	650	688	1398	484	2	5	6	2	2	3	13	3	6	3	4	3	29	6	4	1	3	2	365	1000	776	1262	1274	1385	586	38	104	52	124	70	138	128	118	99	43	99	81	108	85	69	398	652	1162	1203	631	865	1583	1095	7	3	5	1	3	4	5	5	2	2	1	1	1	1	16	4	182	709	962	1406	1170	1335	1142	16	3	4	130	48	3	14	4	3	8	5	5	2	4	2	1	1	162	439	249	1361	656	940	1443	1229	618	4	4	32	91	13	3	2	13	6	6	6	4	3	7	3	4	3	473	1299	1083	1157	1252	1275	518	5	2	1	2	2	5	1	2	5	7	5	4	1	1	1	230	714	768	1323	358	531	531	868	1096	453	297	186	155	165	55	109	49	151	18	95	115	25	7	29	305	536	943	838	1226	1589	1318	716	12	39	84	86	72	89	44	39	10	136
3017	3450	3333	5938	3859	3040	3196	2651	3448	5165	5799	4294	4639	4648	3572	3077	2768	6820	4401	3943	3182	3322	4260	3303	2740	3551	3470	3241	3839	3358	2263	2616	2141	4766	3787	3782	2221	2760	2274	2163	2143	2246	2067	2929	2863	2142	1531	2053	1757	1656	1482	1758	2005	1741	1887	2252	1950	1705	2549	3630	3496	2367	2301	2667	2842	3448	4054	4742	3789	4034	3887	3684	2771	3356	2797	3499	3463	3121	2911	3725	4661	4855	3949	4330	3924	2915	3302	3595	3781	4299	3405	4456	4078	3902	4480	3479	4453	6047	7340	5877	5112	4206	4843	3273	3962	6436	2698	2663	3032	3697	3612	3411	3587	4106	3872	6673	10003	3027	2861	3114	3269	3069	2997	2748	3060	2943	2904	5583	5227	3263	2928	3710	4080	3894	2765	2408	2539	2440	1960	1918	1836	2155	2481	2462	2147	2135	2557	2252	1863	1757	1708	2016	1987	2319	2627	2531	2220	2371	3619	3200	3146	2895	1932	5872	3546	2724	2293	2368	2178	3348	2023	2741	4368	5870	4871	5282	4722	4464	3125	2989	2787	2344	2467	2668	2611	2611	2828	2313	3107	3468	3345	3061	4629	7096	4530	4115	3990	5113	3940	2880	2572	3197	3686	3804	3553	3308	3948	5930	4318	4380	4697	4578	3419	4151	3667	4740	4001	4510	5177	3792	3475	3824	3781	4408	2856	2966	2612	2442	2485	2146	1370	1643	1451	1363	1346	2469	3147	1887	1526	2782	2156	1789	2401	2608	1836	1692	1812	1759	1463	1504	1222	1371	2344	2465	2534	2303	1764	1831	1911	1504	1489	1527	1905	2534	1920	3188	2796	7718	5266	3255	2801	3260	2499	4215	2513	7205	4726	6136	5307	6438	9681	9037	4117	4300	3688	3916	5256	6830	4530	5782	4928	5549	5383	4669	4948	4105	5383	7145	5515	4019	4540	5698	4222	3257	3205	4287	2863	4094	3335	3801	4625	6231	3461	4103	5869	7320	8173	5612	3878	3091	2976	5510	4330	3077	3548	3819	4851	3435	2348	2796	2197	2054	2090	1593	1405	2518	3775	2232	2350	2681	2113	1549	2085	1912	1785	2107	2385	2754	2174	2367	3074	2653	2473	3407	3139	2688	2539	4662	4586	3455	3091	2980	2371	2465	3164	3869	3012	2184	2726	2707	2370	2590	3315	2366	3041	2663	2771	2748	3085	3089	3264	3312	3901	6464	6045	5221	3561	2827	3281	3332	2790	2949	2469	2902	3998	3588	3644	6412	5025	5269	6074	6530	5764	6663	4419	3571	5117	4867	5155	5880	4943	4339	3456	2448	2545	1966	2156	3353	1931	1354	1452	2368	1362	1282	1884	1007	1302	1801	1804	1655	2313	1604	1615	1681	1930	1897	1609	5915	2256	1774	1642	1197	1514	1235	1375	2314	2323	2762	3142	2647	2459	3228	3728	3163	2643	4275	5344	9383	14189	12746	10237	9235	10512	10045	10715	13784	9794	9631	12655	9943	9790	10030	10404	10623	11138	10297	9884	9238	9577	10289	10577	6667	7829	11325	6672	4440	2281	2408	3550	3308	4499	6516	4061	2618	2727	2826	2336	2259	2084	2051	2261	2742	2783	3530	1857	2425	1491	1803	1440	1699	1839	1592	2337	2391	2230	1641	1768	1661	2275	1675	1799	1905	1599	2383	2169	1930	1471	1482	1604	1993	1835	2008	1549	1851	1668	1101	1241	1090	982	1278	1223	1696	2064	1646	1630	1554	1979	1216	1975	1224	1525	1760	1819	2340	2038	2256	2343	2792	2655	2489	2544	3551	3790	3492	3385	3700	3759	3136	3707	4514	4236	4712	3754	3327	2797	3068	5589	3232	2559	2268	3123	2535	3736	2174	2114	2372	3175	2669	6796	10743	8370	8190	5143	5124	7515	4952	3558	4567	3968	2830	2983	3152	3700	3146	3553	2877	2534	2598	2742	2634	2863	3038	5305	9794	4814	2840	2807	3066	3016	3132	4262	4120	4306	7312	4754	3954	3601	2173	2706	2534	2391	2435	3261	2842	3116	3230	3789	3255	3439	2966	3117	3098	2791	3446	3838	3345	4866	2123	5896	7012	3436	3082	2784	2507	2849	2699	2576	2585	3656	5465	2341	3077	3526	3176	3106	3382	3390	3935	4581	4657	3919	3986
24850	28788	27146	28770	25517	19758	28392	24367	22912	21153	21236	23156	19907	20996	26312	28973	31637	27056	28351	33763	24811	21652	21543	27603	28603	22544	20411	20867	21745	20844	30165	28199	33979	30826	26099	34557	92871	36527	23562	20213	17015	24546	18812	18116	11549	14023	12862	13795	14502	16251	14619	16896	13432	12155	14861	13482	10943	10984	11240	13144	14427	12263	16389	17368	13799	17921	20445	18604	16980	22995	13625	15219	14061	15229	19398	32187	29895	31085	30446	36119	40944	25235	22624	23445	22598	16838	22010	25084	30257	25462	28026	44966	31401	40622	40313	28926	30431	35991	37478	37731	25766	29306	22467	22249	19419	19852	21186	23836	25862	27432	32975	31707	28712	30182	27892	31972	33385	28310	30556	36096	29228	27888	34992	31658	33038	29392	24975	32824	31676	31016	28682	22880	26037	25378	24815	22779	25450	25557	25318	27038	28054	26830	29587	28108	24945	20777	20891	24111	22355	18332	15653	25059	17715	14908	13305	15533	13362	12805	14973	22226	16645	17883	16274	17285	18976	18248	18797	22655	22157	21488	30175	27997	20678	21911	20963	21730	26410	30721	23318	20352	23253	24720	28850	28335	22492	25332	25017	28349	29160	23584	26332	26263	29448	28142	36011	21675	23284	26884	22261	23864	29315	35159	35968	38292	35442	33645	31590	35269	22655	23684	30485	29399	31448	24134	23351	28375	24828	23623	24173	31132	25855	22242	22670	22234	21904	22609	21578	19792	18440	14945	15109	14973	14236	19383	13492	11146	10760	10567	9617	13614	13708	11646	14172	13357	13514	21804	17108	16527	15397	11657	13071	15174	14602	15077	13802	14998	13554	15585	16458	26657	22452	23072	16169	22654	16969	16732	18490	22378	18464	17737	26698	27629	23469	27358	24207	29074	23837	33016	28664	37851	47626	44403	48157	46808	39417	36180	35159	34179	46543	39064	35578	36253	33188	35583	24209	32777	26889	24810	21462	24094	21591	21464	24921	22746	27125	33213	34267	37922	37711	36811	37936	27757	34233	32233	27106	23728	19602	15682	21541	30990	30024	26386	26702	21132	20755	18854	21656	20533	14056	16820	16227	17845	13495	17561	13568	14061	14094	15448	16705	16088	18831	21027	16223	15657	13798	11737	12075	13480	13957	15050	18301	18112	14506	13840	12705	12411	12988	13608	12195	15487	27402	14955	12415	15379	16613	13819	19256	24401	30967	32451	32597	25186	28690	30305	24177	24622	26923	23043	26484	25322	32525	37017	28350	25870	23483	26186	27141	26859	26392	31575	28912	28727	32262	27994	35626	31149	33048	32992	30414	30069	35779	30783	29253	31269	32829	33531	27308	27893	26347	23741	21600	31181	20169	20679	19134	18225	17659	17207	19508	21333	18178	13909	14155	15109	24115	14402	10716	12500	17710	11389	11066	12833	17191	20952	21091	20365	20471	22450	22600	19024	21298	18701	17495	20298	17632	16224	16254	20649	20281	19886	16392	15717	14179	14904	19344	19577	22026	18431	13486	14757	15122	16613	16900	18054	24516	22085	20912	20056	23624	26389	24412	24843	24532	26217	20150	28079	24639	22648	20620	27578	22749	31097	19498	19988	25838	15538	15199	19148	14977	13595	16909	15257	15442	16843	13615	16559	16169	14265	18686	22358	18729	17816	17813	17256	16652	14547	13314	19113	15235	18337	19083	18036	16169	13795	14341	16840	13509	13708	12974	16630	17167	17547	12911	13044	12606	12297	13202	14797	15313	17087	12382	17053	18005	23531	13502	14825	14425	13476	16769	13756	14990	17131	17054	15263	14334	14639	14578	17492	19741	17121	20293	16481	14511	17719	21450	25952	25758	27199	19547	16049	20118	20471	20783	18119	18706	18239	16848	20112	21039	23907	21280	24988	21589	21492	21486	25312	18688	23311	23749	23318	19386	19671	20563	23160	16629	20762	17184	17336	21071	14564	23792	23049	23989	25904	17096	24270	27706	23065	18275	20112	17977	14816	18484	18609	18306	22845	27161	58251	25065	24309	21934	20041	20603	17170	13867	13451	13980	16083	14693	12186	12657	15441	20299	14391	20288	10723	11458	11767	16539	16331	18459	16316	17047	13492	10710	12644	10850	14817	12206	13301	15683	12826	13855	18180	17808	18934	19521	15354	18100	17606	20418	17433	17888	17469	19980	19121	23679	16745	17652	22510	20825	16906	19206	27970	19756	17602	26974	24132	20491	18575	22815	23284
132	27	39	61	59	107	35	85	64	43	57	210	97	48	26	193	51	121	41	106	55	174	176	312	98	5652	6391	6020	6427	6366	7130	2024	60	232	219	18	39	17	39	100	357	133	108	100	59	113	131	29	56	45	96	70	46	165	57	104	113	170	55	161	47	37	69	129	152	138	170	138	95	82	40	162	606	70	215	87	135	156	190	98	326	160	120	94	167	113	302	22	232	1379	236	98	145	148	317	105	124	158	172	331	248	430	556	631	330	285	248	133	164	120	107	352	244	102	22	183	136	134	88	171	133	113	67	108	162	182	41	83	40	65	85	81	52	49	55	90	296	384	150	32	106	89	98	70	55	85	175	112	142	76	49	80	76	620	118	144	62	93	27	34	91	127	179	130	138	159	22	135	810	126	120	208	176	171	36	74	105	73	148	95	189	309	159	69	78	296	744	728	216	259	156	116	148	180	195	127	121	51	332	241	43	110	47	62	110	503	217	115	129	148	110	118	81	208	335	69	262	346	114	88	190	594	995	24	76	596	994	119	54	44	42	468	318	72	107	32	90	55	231	50	22	14	123	25	49	41	213	38	60	124	156	37	861	78	116	69	134	366	380	386	514	413	310	151	808	522	574	630	733	721	638	980	636	299	304	600	723	709	584	554	790	1064	858	668	587	320	235	157	153	587	169	326	839	896	742	719	135	60	157	248	126	228	202	553	154	40	69	119	68	318	130	85	102	77	74	103	128	198	88	109	147	112	111	254	107	80	97	186	395	139	100	65	146	87	91	215	268	115	96	213	223	140	107	112	86	281	196	71	150	61	149	423	399	615	298	396	417	1072	295	114	720	354	321	279	401	582	405	422	280	317	418	345	617	663	305	562	388	307	1311	657	665	1076	919	1766	390	938	896	333	633	250	215	165	103	17	53	69	228	29	129	81	29	75	14	164	55	121	3823	6704	5910	6943	6533	6110	1094	22	1033	5639	5529	1211	12	457	144	163	196	280	53	422	83	4	53	53	176	57	53	68	34	54	48	60	31	35	91	281	133	117	98	47	106	43	12	102	164	208	459	428	161	296	558	192	63	78	56	46	36	40	7	1028	182	126	121	70	57	71	43	77	138	67	181	58	65	198	162	186	48	258	65	43	33	179	43	41	157	70	115	414	29	103	85	106	21	11	63	7	79	53	43	28	19	36	50	54	109	86	61	69	150	136	288	177	114	164	503	416	105	146	71	52	54	56	77	15	19	27	54	65	58	33	123	58	87	235	113	38	19	44	30	205	153	15	19	8	74	83	536	261	16	79	21	79	24	175	61	19	81	21	55	100	108	61	21	92	111	153	77	40	72	87	65	197	37	81	53	67	147	51	76	25	89	47	208	321	104	123	172	119	80	123	142	129	119	174	135	99	68	97	115	41	120	110	56	171	253	333	246	336	325	278	503	247	313	220	241	261	127	309	405	243	232	239	256	374	549	216	330	446	437	310	288	521	393	248	347	162	177	206	108	90	128	115	823	950	199	541	980	227	146	717	1793	1781	1018	1096	993	409	189	439	1183	161	115	116	124	189	157	222
523	468	1162	1051	1291	1365	1160	402	299	215	1238	495	1158	1092	1190	1348	1297	1524	1858	1478	1257	1058	1475	1304	1588	1338	206	204	583	565	374	243	140	360	139	244	225	138	74	129	270	147	122	262	99	203	145	243	230	165	153	122	161	143	300	240	213	264	340	174	221	240	158	291	188	334	520	462	249	487	330	418	444	271	295	1801	234	340	564	1632	1380	1280	1323	1274	983	1199	1447	2009	2069	2032	2053	1741	2485	2403	2020	1966	2948	1948	2072	2221	1380	405	241	301	167	310	1939	2184	1668	1135	1193	1232	1570	1177	1271	1320	1516	1439	1489	1271	1361	1221	1075	439	1627	1151	739	275	746	402	422	402	259	261	424	230	135	286	510	472	615	535	510	582	756	458	279	614	540	1160	926	353	128	144	141	358	696	290	536	254	251	243	247	237	432	214	278	474	256	314	214	368	479	421	799	2014	1116	501	1473	1751	1560	1625	1453	1381	1191	1309	1166	1222	3244	4635	3134	1450	1335	597	459	1377	1531	1306	1202	1162	1480	1323	2399	2865	3548	3495	3269	3247	1623	1872	2107	1427	1398	1070	1137	2171	1306	1370	1886	1628	1947	1585	1586	2248	2204	2223	1616	1787	1579	1703	1773	1616	1423	2397	1995	1569	1395	1607	1461	1655	1935	1497	1535	233	406	527	437	269	613	436	286	423	309	131	240	211	251	581	931	1399	1300	675	244	1067	1357	1645	1868	2127	2269	2015	2331	2281	2738	2460	2250	2664	3376	2217	2221	2550	2973	2621	2821	2236	2396	2102	2134	1148	1165	893	1983	2091	2064	2075	2256	2967	4742	2381	1988	2940	2861	2869	2844	3027	2941	2920	3476	2821	4254	3236	3263	3252	3095	2839	2803	1273	369	443	274	538	488	358	236	450	534	185	538	273	296	639	324	180	304	168	227	408	242	330	147	128	228	307	207	98	296	163	622	331	348	141	112	230	240	165	150	220	191	439	488	307	178	172	219	1136	201	153	291	363	240	283	380	237	239	548	396	263	278	137	175	274	123	184	332	240	233	295	281	201	267	405	249	216	263	157	225	284	189	421	983	1194	1263	1673	2141	1313	1343	1396	1451	1199	1522	1092	1290	1255	906	367	233	341	347	175	144	151	138	475	223	261	462	194	170	233	260	132	158	280	213	164	105	269	525	356	258	152	124	153	174	182	545	103	344	78	272	314	195	100	171	162	140	262	215	395	503	1330	1101	1307	1290	1246	1411	1497	1321	1164	1215	1247	1395	1135	1469	1681	1164	1151	1395	1306	1376	1117	1539	1244	661	735	1188	1316	1438	1569	1124	1184	1391	1384	1250	1192	811	1394	1941	1983	1611	1031	1211	666	991	1359	1175	1985	2201	2370	1681	205	172	89	62	166	169	192	82	173	212	218	160	201	388	172	101	158	320	365	273	487	547	126	98	104	114	152	183	246	137	296	157	126	216	219	380	136	169	219	144	137	199	279	202	185	104	278	197	536	415	139	299	209	266	194	192	263	766	253	247	349	184	181	366	458	332	392	244	189	234	324	456	420	209	306	279	307	226	232	461	495	319	293	319	243	344	288	204	233	261	236	191	1120	1664	412	575	217	406	248	299	245	246	451	265	144	174	214	309	170	186	283	203	250	464	465	211	312	181	227	258	187	203	200	234	320	389	313	223	293	268	270	354	288	296	277	422	588	355	544	596	426	274	233	350	435	1628	470	403	396	620	404	263	448	564	1102	3722	3078	3417	2875	2611	2456	4758	3545
328	710	1994	625	4687	1831	1830	248	235	338	313	422	273	515	304	162	1930	339	185	188	230	226	284	426	308	451	429	1494	345	647	3339	2565	2283	1373	789	324	489	195	181	150	3029	147	255	156	166	61	114	88	42	58	70	136	118	85	47	98	52	60	79	40	52	138	203	160	222	226	1356	1193	183	340	308	289	370	247	375	253	460	516	784	865	825	480	2069	1936	1378	787	284	160	222	658	168	272	321	362	614	314	1567	753	2374	676	253	306	143	740	436	164	139	189	183	233	199	164	78	91	120	249	336	323	281	162	360	1254	240	322	496	158	190	191	210	211	111	138	215	52	111	103	131	197	253	200	179	132	2029	2429	2029	313	114	165	264	170	144	227	173	264	265	166	133	221	83	121	104	89	51	224	251	218	1009	459	611	310	347	139	625	212	597	211	220	695	141	408	290	643	835	206	175	481	889	418	497	750	603	530	366	404	316	346	372	516	427	455	332	179	127	265	159	230	1170	474	227	279	411	578	514	553	474	727	702	1394	2174	2316	2108	689	1768	3231	2313	1620	956	1054	1073	626	446	466	511	476	2065	2968	1154	338	195	274	192	194	56	44	45	107	245	120	54	53	80	96	152	117	114	104	238	85	82	113	229	318	1022	1925	2154	1347	480	300	945	277	655	3369	2460	2030	3340	2975	2941	2926	2317	2772	1781	558	513	1325	1282	1101	937	715	643	806	330	652	299	292	2335	3221	958	341	234	316	163	453	167	234	245	381	331	401	272	481	287	235	297	293	340	201	686	275	180	110	199	251	212	219	338	213	180	133	243	191	239	233	384	388	390	294	275	386	403	332	371	277	278	266	206	241	172	342	347	819	397	176	56	105	114	35	200	177	217	468	206	382	1126	1266	518	579	628	284	1223	575	403	445	154	152	243	330	1161	2698	3450	3477	364	4424	161	166	233	978	239	145	319	419	193	302	350	1081	257	338	305	398	217	370	622	814	883	703	1010	845	670	514	427	360	231	245	249	229	292	372	262	136	173	205	264	268	277	211	215	291	284	326	235	203	204	140	133	133	87	131	136	304	198	137	148	235	153	167	124	257	175	235	70	97	150	118	313	99	1033	3712	187	300	158	291	283	192	153	485	384	360	447	507	1092	2847	2270	164	2375	797	2931	5474	6203	5183	3374	2294	1608	112	223	153	205	134	207	190	224	114	88	225	169	171	168	204	360	350	377	438	387	167	507	1396	1510	914	161	131	197	197	101	1462	7905	1408	201	6133	17497	2808	1653	2577	39	38	46	102	32	37	43	147	25	67	109	24	33	19	52	28	30	13	34	40	40	15	16	38	24	163	164	213	197	200	47	43	50	80	20	28	30	239	174	79	183	95	60	72	61	89	3165	27	126	225	65	192	151	101	128	230	305	281	149	30	136	102	191	165	1732	168	44	69	29	86	113	73	172	254	722	1888	359	167	239	269	135	31	76	68	497	70	85	240	166	121	63	126	41	92	77	114	82	116	130	69	27	38	60	30	62	31	26	26	31	19	20	44	22	12	16	51	32	34	46	398	71	100	126	266	145	148	650	464	445	196	204	1003	90	157	2829	3987	4437	1562	230	583	382	512	499	1262	689	472	749	143	98	335	177	169
2101	1921	1887	1777	1632	2898	2474	1850	3076	2715	2569	2894	2098	2138	2266	2285	2825	3952	2481	2041	2107	3610	3096	2857	3851	3054	3209	3680	5231	5023	5415	4900	887	1718	1316	1486	1488	1471	998	2693	1630	1134	757	628	544	860	716	1307	676	1260	385	511	334	229	693	516	406	286	648	548	470	667	306	931	1372	619	940	1256	926	1534	730	2461	7979	7938	7929	7151	4699	3043	3110	2988	1871	3110	5623	6097	6337	8143	7837	8220	3777	3739	3698	2770	6087	5170	3755	3206	2990	5085	6618	5990	6636	6142	5191	6181	5943	5816	7280	9752	9484	5446	5008	4823	3803	1316	1774	1813	1183	2335	1963	2336	2852	2357	2221	1773	1294	2458	1064	1018	818	455	970	1737	1597	11798	23239	15221	2861	1615	2090	2012	1867	1912	2174	2334	2267	2393	2787	2367	2177	2559	2476	2780	3273	5463	5720	5517	5203	5673	5014	4601	4856	4672	4800	5039	5453	5124	4593	6231	7261	4535	2388	2084	1824	2478	1835	2267	3105	3672	2170	1912	1577	3092	1740	2297	1974	1548	2460	2733	1580	2530	1470	1942	2640	2389	2539	2159	1459	3148	3367	3406	4867	4259	2722	2130	2837	1313	1199	1424	2672	2202	1757	1423	1160	1904	2455	4885	3058	1710	1452	1101	1963	1599	1516	1969	2082	2119	1687	1909	1577	1336	1323	2596	2267	1503	1730	4002	6274	6428	6567	6693	7055	2304	1370	2084	2133	2043	2489	2332	2401	1964	2140	2023	3396	3503	858	711	932	1742	911	1087	1830	2115	1676	17375	13908	4065	792	1496	1304	1866	794	878	2000	1616	3629	4737	4445	5118	5350	4427	4272	3971	4145	4590	3267	902	2038	860	1019	1064	807	1504	1353	1558	863	1058	2433	1512	4522	7654	8149	7384	4551	1561	629	631	1100	701	842	1500	1005	1051	864	1199	1087	1162	688	687	1044	856	681	491	529	5405	9006	6543	375	1787	18073	6857	950	570	336	712	329	280	530	807	707	956	510	837	850	809	857	1449	2611	2082	2309	2337	1824	1600	2025	2176	1637	1888	1937	1636	1470	3055	2156	1686	1095	2032	969	1604	951	1894	962	1062	898	1080	1012	1652	1240	1421	1128	1464	2634	2528	1509	1171	1070	873	1198	1387	1439	1151	1347	1770	992	1660	3043	1551	2087	2141	1075	1075	1502	921	1006	1490	1108	1277	1154	941	952	1503	1427	1416	1043	1241	1065	1180	1553	1398	1404	1556	1952	1466	1172	1337	1366	2562	1849	1308	1867	1364	1004	1334	1061	1020	1276	1286	1964	1697	1666	1386	1591	1668	1894	1773	2660	2222	1937	2667	1966	2000	2194	2068	2206	2000	2423	2050	1864	2876	1908	2074	2689	2525	2200	4728	7331	4384	725	1298	1394	1063	1136	880	740	718	433	633	634	759	851	955	767	717	505	696	690	606	418	1266	1335	1462	2757	2168	2038	3138	1584	1435	1664	1547	1239	1335	1624	1349	1537	1151	1632	1691	1323	1384	1532	1622	387	371	511	461	607	550	756	368	362	1854	1417	2569	2086	550	1178	248	426	233	184	401	328	577	136	127	154	246	399	549	524	2364	2575	2627	3096	3522	2729	2969	2690	2923	2651	2370	3140	2029	1682	3967	2323	2410	1833	2308	1203	1157	1503	1130	900	992	1269	1061	1078	1522	1198	1391	1280	1268	1349	1630	1645	2361	2608	2135	1612	1432	1480	1515	1333	1507	1538	1808	2605	2579	2716	1812	1613	1082	994	1154	1336	1385	1114	1552	4519	1238	1027	1622	1557	1633	1266	1191	1216	1457	1188	1390	1417	1471	1618	1539	2465	2441	1644	3399	2396	1630	2168	3178	7192	6316	5764	1438	383	762	1052	475	998	821	376	87	340	2263	1693	1504	1948	2387	1630	1900	1836	1719	2109	1785	1565	1476	1146	2894	1969	1931	1384	1660	1725	1596	1044	1145	1104	1096	1116	1147	2122	1475	1048	1329	1801	1483	1196	971	1118	6227	14488	16295
80261	72017	57463	73069	69429	75326	60061	65696	67827	54325	69919	57685	65875	86048	68418	108597	112436	106255	79764	60646	84338	69170	89304	55276	54903	69128	76729	55062	53415	61681	76805	70454	80185	90064	101632	71498	88040	86982	83558	121287	106127	110850	76872	98364	122048	118805	120116	91367	63735	92052	108225	77403	69586	63623	62821	65406	92398	69703	83500	67536	64288	80919	79554	124958	94650	107738	104854	102071	104642	69025	83223	66742	94987	101746	68535	84400	62792	88424	59016	89659	57815	70311	64564	95625	95161	74874	81249	69820	77464	101964	94682	74439	99898	68817	92275	69619	92325	83802	81357	81095	71972	100491	97607	98417	59587	65198	64022	77429	78783	50039	50914	65193	54231	69479	60781	74988	124239	104771	87876	54615	88926	109037	110785	107425	94817	86059	55740	100524	87899	64564	102282	111554	101449	90721	65061	72173	59002	76232	46967	63313	64602	86689	77235	115905	78805	95670	69683	91328	91651	61841	62395	84375	102632	85227	59156	56815	75094	76897	71728	75296	89672	69249	59698	76270	73165	94027	78555	62957	73002	67316	73866	72211	73546	92483	102745	101828	90147	66508	77181	57301	103824	115716	102763	103392	83932	76086	83464	65787	90636	128500	102845	73863	86727	89474	82294	92232	60021	85406	87878	77110	84278	95206	51501	60210	59808	65101	69469	66962	68401	79063	87837	75267	59842	73766	109105	52688	61532	61489	62840	62778	66658	22568	10683	23924	51706	35301	24195	9838	9671	27137	32693	37101	47730	69606	73840	63061	82152	69826	26226	15472	14869	42407	28723	27072	31830	26385	15911	22178	51163	76951	70546	54911	101668	97519	112217	80666	52670	57761	34722	10428	8956	9673	11436	11483	16030	21814	19023	19575	17024	22140	23316	30114	52107	51606	28670	23380	24295	24621	20235	22707	14666	19301	18510	24910	22023	23204	22724	20523	23359	32518	22383	20341	18969	19403	23080	27222	54000	57681	48451	82769	85980	76207	62701	62852	63184	60423	75516	64247	62773	48231	18245	17452	14850	17413	24540	21766	18560	60997	63190	58141	103221	77423	72746	72525	67981	96766	69831	53779	61152	63780	66428	65684	68681	66675	66303	43848	52036	55556	57238	62198	63237	66098	81637	83142	112383	115284	55270	57611	57145	57301	57882	69642	77845	58282	54476	54513	71538	66893	64241	57552	64737	70469	70123	78929	81950	75118	75429	57025	101964	103318	58886	53303	53941	75348	79714	63418	24391	24629	32702	38458	13387	16337	24094	31028	34143	38085	33706	31229	55427	53299	56230	36335	91019	59038	103813	63067	29954	37623	39062	41279	37882	48078	47246	40011	30386	33138	35006	15588	11592	11165	9212	12932	6875	23181	11943	19134	51069	57297	6743	7541	8518	10259	11999	16992	15337	16179	9027	5681	5156	5590	8670	7722	10655	17886	17857	31131	8154	10946	6957	8483	58588	63117	10919	17127	5834	4291	3754	4271	4329	5459	4982	7094	6104	7433	7125	12262	23547	10474	7552	11189	8807	8778	8587	8487	49386	56032	11332	8741	7503	6444	6815	9251	10584	8494	7457	8659	6603	7856	7219	7758	8793	11627	15516	23959	24161	12527	6260	7037	51231	39572	15074	11930	10388	5868	5533	6468	11699	21808	12646	10755	5780	7044	5725	7184	7670	10247	8520	19055	17519	10803	6789	10078	64369	78476	15685	14046	8122	9585	12210	26311	22943	20992	9763	6426	6647	22396	7643	9258	16212	36672	41795	33582	14359	13097	6594	8359	45589	32082	23674	10965	4993	27885	15668	6510	6253	6013	5449	7791	6564	6098	5607	5719	7652	7609	6275	16337	16547	12637	12672	8914	37603	45570	7515	6351	4907	6115	6046	7643	8238	6780	6550	8732	5546	6500	5582	4461	8677	9405	7024	26418	34953	21404	8575	9860	26452	30403	49454	7116	6293	6477	7748	6287	7601	7231	7178	10111	8345	7484	6400	9728	6983	11395	7050	10095	8422	10768	11364	13205	21036	33032	29127	12381	12674	9653	8961	18445	22972	25287	14274	10195	10230	8601	8556	8762	9572	9542	5294	20905	16841	13129	5754	5854	5522	7412	13339	40590	8345	6809	7597	11872	13342	9744	12680	9779	9883	9889	9502	11384	11105	16336	17508	32105	29378	27829	34032	18201	16559	23758	17983	12606	10417	38260	44312	29239	19547	32259	18684	19756	32059	13363	14510	15268
477	624	935	971	1073	750	751	1173	2842	484	216	457	304	3585	1298	235	529	277	245	197	256	286	231	291	331	225	205	310	223	146	174	148	184	159	173	146	504	212	613	113	254	203	179	485	343	554	299	350	369	430	476	444	510	855	541	383	584	712	630	211	267	190	158	180	222	680	453	228	105	204	102	878	1372	968	486	448	350	1067	357	554	282	430	765	901	449	745	530	350	477	621	850	361	818	776	898	1234	1112	1226	1165	1167	910	1296	1201	1306	1161	569	610	804	486	544	283	226	241	631	711	411	213	410	410	317	180	253	379	146	87	134	142	194	213	310	327	418	146	81	124	208	327	73	178	631	915	179	313	332	227	238	405	379	937	371	277	398	321	210	160	143	237	196	205	224	303	550	847	597	478	349	451	555	696	1058	905	1329	1226	1074	870	1059	1356	776	343	484	219	526	518	729	343	264	418	527	573	377	365	910	952	797	432	270	353	586	315	387	335	317	289	427	230	184	386	365	459	441	317	301	404	277	194	298	288	278	634	281	381	327	209	170	196	299	234	179	89	192	301	149	111	90	306	225	80	178	482	464	234	346	304	345	362	497	276	233	445	371	719	508	795	368	387	306	332	354	394	280	91	122	208	215	341	230	283	247	580	451	386	222	282	154	241	276	178	226	347	214	404	257	246	282	296	445	433	381	421	232	220	598	753	452	289	355	320	498	378	281	368	323	468	324	273	109	253	154	989	236	263	313	121	228	316	298	302	678	785	590	456	238	265	372	437	210	178	149	383	370	694	269	265	198	164	100	254	301	225	244	332	500	168	169	153	342	407	380	589	1716	4145	528	258	1286	735	190	415	232	570	1147	464	236	513	1104	655	539	237	917	201	283	334	400	390	361	461	780	495	1297	906	909	891	1108	1192	1031	470	263	416	295	286	544	377	597	934	1202	946	1049	868	1035	968	861	1084	494	452	358	352	282	258	247	480	1151	504	246	527	499	602	788	704	668	462	510	527	574	398	722	453	379	599	494	452	435	399	335	384	436	315	374	465	429	310	369	398	270	321	433	287	317	361	309	337	250	288	482	383	401	425	398	556	378	394	449	590	254	362	280	284	308	173	253	144	258	113	153	285	181	316	337	533	227	341	140	193	123	148	341	63	140	237	193	271	203	341	248	260	140	311	443	373	175	286	152	196	252	235	261	122	107	150	147	133	308	123	145	160	78	98	40	119	46	110	46	146	105	80	46	71	121	125	94	102	119	146	121	83	110	59	138	182	481	311	49	72	88	216	56	24	42	67	98	58	76	29	94	89	33	28	21	82	48	176	176	261	654	294	284	191	298	123	251	197	303	284	321	372	273	393	340	346	275	246	287	319	265	319	323	509	616	530	405	342	385	359	175	118	251	181	235	885	296	195	139	206	379	161	81	219	271	131	164	214	280	164	494	474	156	130	286	237	145	88	86	161	73	110	129	122	176	828	191	298	184	179	124	208	397	373	332	334	316	158	334	377	333	190	213	284	731	330	265	395	539	402	425	369	764	226	272	315	519	271	156	409	378	644	345	236	341	399	380	361	426	339	309
4945	1738	2529	2699	2777	2977	2712	2444	1646	1635	1828	2490	2184	2547	2615	1633	2228	1645	709	3015	2961	1356	1339	839	1884	5646	5239	5619	4975	4290	5623	4304	2998	1204	774	1952	769	665	1086	864	903	1103	546	815	1156	3475	782	743	984	1654	1553	1995	1916	796	1310	820	578	715	2625	684	637	690	1255	2254	1390	1357	2170	1200	1485	1232	4361	5832	5511	2951	7340	6899	8064	5042	6516	4823	2233	4694	2643	2127	2076	2473	2657	4119	7698	6360	5303	3131	5134	4854	5680	2490	2706	26817	4395	2318	1971	2335	1991	1770	1403	1704	1201	1549	1348	1131	1317	1291	947	2365	1099	946	863	11481	8050	1220	966	1181	1739	1458	5555	1803	1425	888	803	977	557	2074	1539	2097	2918	3013	2998	1857	520	496	1081	582	1040	1157	1299	580	597	594	564	688	528	519	377	671	378	622	1422	986	757	899	1155	3536	5273	1498	1788	1777	1745	9170	1520	1532	1831	17325	1723	2046	2246	19651	12644	2036	2174	15320	5690	4675	4283	14938	4184	1396	1640	11852	1578	1557	1498	1940	2036	2217	2367	2820	2990	4321	3649	2827	7604	1966	1682	1780	2313	2044	1991	2941	2648	3428	3202	2780	3088	2940	3002	8958	6271	11843	8017	7720	3391	2992	2728	3859	2782	2417	2342	3758	2345	2193	2611	2374	2060	2753	2647	3096	2903	2533	2822	2835	2413	2949	2520	2671	24066	31380	17982	2693	2774	3138	3009	3107	3391	1940	804	1840	1551	6764	1441	1102	1883	1851	2160	2232	1684	1704	2215	2043	1889	1417	5403	3202	3105	1369	1532	1260	2508	1570	1955	2516	1820	2098	1588	2290	3262	3749	2094	2757	2072	2588	2812	2768	1565	4149	2718	13848	1894	1809	1918	12280	2227	2618	2326	1227	1334	1201	1465	1335	1849	1256	983	764	713	2160	3146	2168	2045	903	835	813	932	627	723	1533	594	980	1191	1646	1939	2263	1586	1253	1157	1241	882	1289	1239	1348	942	1420	1410	1176	1684	1151	1501	1217	1393	1702	1831	1549	1349	3797	1586	1596	2643	1361	1292	1654	1510	1651	1848	2090	2048	1661	2070	1936	2443	1818	2281	2293	2346	1904	4468	3969	2674	3707	3958	4025	6083	5239	5086	4993	5432	4750	4405	3707	3405	3059	2954	1567	2101	12236	1407	1271	1623	10818	1478	1266	1116	1220	832	2964	948	1147	1084	1432	1797	2083	1408	1660	1448	1358	772	929	1233	1127	939	1450	1010	2760	1869	2157	1049	1129	886	829	819	966	600	667	678	795	617	640	478	557	679	417	483	731	532	474	498	1310	937	782	731	4388	1028	1267	843	1000	671	790	849	877	836	732	1629	1697	1333	1712	1235	947	1644	4984	7043	7072	7582	3224	2709	4606	4903	4277	5479	7741	6589	4858	3038	3539	2456	4044	5885	4275	4154	3556	3651	5193	5900	8007	4122	4306	3649	4735	4754	4800	4860	5110	4402	4120	3363	12832	17303	17938	13008	5659	5576	5762	6538	5666	5190	5151	4671	5110	5434	6627	6706	6871	6736	6929	6432	5500	5374	5173	4592	3813	4522	4530	5290	4896	3923	4899	5298	6209	7691	5894	5740	8326	6897	4537	4548	3809	3988	5177	4344	4183	4544	5397	6588	5722	4618	8319	8241	5624	4761	5006	5913	6605	5253	4717	4261	4517	4374	4386	4050	4525	4250	3894	6238	10244	10576	11461	14425	13485	13710	6925	12053	6381	35304	8280	9641	6396	6600	9708	2584	788	862	844	785	665	518	1590	783	1264	593	669	776	393	364	532	359	915	1509	1610	1166	834	1316	908	463	361	704	1752	1553	498	412	731	421	401	267	516	1661	319	362	741	353	375	270	546	643	426	415	385	475	376	454	805	312	3202	692	9222	1103	1087	1527	875	1105	681	864	1681	904	3415	6041	1384	1329	1404	1569	2202	2827	2487	3438	2750	1697	2669	3213	2920	3746	2585	2458	7075	993	1550	1045	7146
7224	7376	6049	3014	3962	3658	3888	2171	1689	2510	3895	4548	6428	8919	5120	10534	3696	4615	10279	7462	10299	3099	6095	5370	4901	7136	13658	9692	1252	883	1519	2268	4480	17589	17257	10504	1864	1483	2376	644	954	944	1016	2525	1021	539	434	1067	3589	319	360	1392	723	8186	1291	377	492	601	6534	544	2709	17251	13165	1450	11848	861	4970	7543	4510	4740	6203	5667	6746	8773	9834	15504	9719	12489	12891	10981	10868	4651	6097	4526	3464	3878	3651	5057	4774	6335	18787	20470	21356	9486	6743	7856	5795	8514	12552	6221	5557	899	1376	391	1657	17544	11836	10178	8972	9155	9958	5715	8558	13074	10142	10636	15034	11469	19989	11547	22605	34119	4567	6973	15244	19261	17486	4670	382	815	530	2782	9151	452	1601	4686	11889	14378	10691	15246	17812	6998	406	564	523	816	548	1203	6302	1929	1632	8778	4593	1914	1129	1645	1446	1743	1169	2189	6111	11462	9542	12034	9999	8517	11520	13377	8109	7905	14484	7366	10744	4835	21237	10601	14568	22957	9807	9208	6200	7037	9324	6210	10329	17747	10586	13066	7471	12977	17225	8870	27945	26727	14088	9381	5257	13774	16145	24054	18106	6684	2163	5953	2907	1047	1341	2632	3759	1459	4853	7779	3580	3997	986	7919	3773	3376	8755	6037	5324	2525	1596	1593	1488	1841	2874	3585	4694	3177	4827	3094	4657	2398	917	660	15523	11790	704	378	580	9403	3951	1873	5960	5763	8043	616	818	1098	1017	2478	2225	934	1816	6498	7665	5930	3265	4507	6405	4513	8473	8535	8109	9909	10165	3050	4330	3727	4043	3913	4511	3683	3393	5177	4106	4654	6771	14249	13282	6560	10476	10608	12263	5499	4890	9360	11433	8955	4853	7528	4890	6538	4377	30909	30533	24768	7504	2881	5821	2905	14479	12752	7288	4538	1482	13482	20981	9689	16061	4583	9743	16502	1866	2345	3685	19844	25423	24353	8143	6895	5939	4767	11387	30750	33429	9073	10420	8759	1910	1326	5810	21741	1431	1048	691	367	1038	1336	875	3049	11143	8134	668	858	5116	4532	1221	1950	1142	5967	1578	2074	6541	9237	28731	8906	5346	767	1035	1372	1123	4486	3123	1124	3545	5887	3911	3908	18611	1473	1040	3342	5720	3221	2844	1712	2734	3280	8031	3287	3195	5141	3598	3090	2865	8709	3603	3269	2111	5734	3558	5420	3238	12185	8634	5076	4257	6314	6441	5072	5183	5399	7965	9344	2701	5395	4350	3985	5455	4793	2988	1454	1114	1177	16179	6606	1475	2417	1460	747	873	796	3011	4895	3768	3543	848	2500	682	728	2327	1925	1190	2833	1472	960	802	2595	1560	2388	556	1533	1058	987	334	1512	4950	2877	8905	14324	10553	10596	9528	5245	997	10170	1487	2704	12447	11635	2585	3296	5292	4537	3869	6146	4615	5204	5240	5250	7386	7764	7892	3746	3236	4194	8269	9191	9507	8829	9142	7375	11989	7947	16497	12465	2757	4335	2733	4542	7622	16900	6573	9132	2322	2090	2566	2667	4507	1540	2873	608	21	4	75	174	4566	1024	341	1438	2831	5485	4705	406	1172	439	5862	3374	8743	2959	559	678	388	326	331	360	610	418	456	1002	638	6600	588	675	1556	2854	559	758	691	986	2154	2000	895	634	3409	667	2818	832	1706	523	570	585	605	517	232	532	381	584	730	3084	8596	10471	5814	3099	2908	1460	312	1003	1261	2060	812	3448	3582	3326	3181	2908	4056	3287	552	600	714	918	3760	579	4362	5828	3791	5063	4877	4309	5912	5212	4685	3467	1371	1538	2469	4557	2590	20354	2034	5740	4038	5231	7949	4660	2605	1468	3197	1746	960	1241	3315	1072	4968	1351	1090	1218	1633	1607	1222	1368	996	1117	2624	1285	3562	1651	1827	1582	1090	997	766	13736	5625	1045	784	1155	2185	3223	1003	806	974	4488	6690	6206	5562	6929	14777	5550	4209	6252	7707	13764	5302	5131	5086	3838	5277	2092	2097	2539	734	1365	896	3486	1049	805	2468	7631
2993	3041	3594	3283	2924	5772	6609	7949	5060	5325	1995	3084	2728	2484	2506	2697	3152	2070	6224	3508	2952	4818	3098	7661	6847	3484	11184	3686	3519	4904	4143	5545	3124	3330	3229	2248	5418	2960	3133	2975	4860	3799	3920	3499	3905	5956	5705	4894	5776	14004	16112	9462	14554	14187	12398	11586	12755	23530	18950	19580	15250	16293	17654	16207	16606	19807	18909	15562	18327	18250	14396	16684	16728	15699	14866	14846	14731	15915	16043	15459	15786	12654	11329	8718	7046	7625	7237	6576	5112	6000	6578	7024	6309	9055	9606	9971	8012	15553	5731	5251	5149	5064	4216	4384	4980	4746	4410	3548	4194	3631	3707	5935	6916	5817	4572	3470	3774	3218	3066	2883	3532	3324	3895	4141	3460	3604	3411	3053	4575	7127	6069	4856	5767	5172	11555	10397	9406	7573	6736	6197	5928	5982	6473	6335	6456	5822	5982	6678	4878	2196	1942	1689	1811	1605	1844	1735	1423	2334	1875	2072	2412	1964	1489	1723	2169	2119	1922	3229	2563	2458	2673	6962	5182	4322	7391	4244	3631	3039	3060	5325	5863	6957	5926	4577	2103	1712	1976	2419	1765	2087	3878	4049	2362	3485	3345	6201	6876	7813	5670	5739	11077	18716	8661	8348	7136	6784	6875	6453	7188	6094	6693	6783	7277	6348	5187	4023	4670	3706	3316	3907	3987	3958	4163	5258	4990	3569	3192	3944	3455	3292	2197	1879	1939	2028	1438	1483	1752	1485	1484	1587	1422	1082	1280	2111	1196	1619	1435	2554	3149	1298	1179	1112	1570	1750	1702	1211	1728	2295	2506	2312	2964	2562	3215	2068	4670	4499	2496	3307	2432	2926	2999	3564	3109	2969	4635	5516	5975	5815	3798	3894	4158	6680	5761	4213	4468	4226	4287	6728	3446	2969	2741	3044	4589	3472	4633	6851	3706	2879	2741	2864	3581	3033	3431	4277	5205	4697	3691	3691	4254	3295	3998	3885	4321	5129	4014	4762	4047	4846	3754	2970	4068	3658	4777	2868	4314	2364	4309	3547	4953	4332	3691	3874	3273	4653	2423	3821	2080	2822	1541	2896	2402	89868	81782	86994	55663	66122	98041	45153	53872	52267	60271	87137	51178	52261	35890	37469	33563	21274	44160	42379	44611	40232	44399	31758	47198	39985	31808	34844	36609	31467	47784	14091	44192	11352	53697	37644	44284	70778	2805	59795	22982	4561	59604	10314	72777	9921	36311	66749	52940	51606	81487	106048	93281	69133	78467	74236	69316	82147	64531	65028	81275	37131	27156	54055	36763	31471	42966	12876	3130	3236	3338	3209	4367	3554	4510	4629	3214	3627	2897	2990	2984	3203	2610	2614	2211	2473	2426	2310	2520	2454	2077	2712	2354	2466	2459	3244	2992	2840	2658	2268	898	1358	2386	2409	3192	3785	3550	3730	4961	3192	3223	3214	2912	3025	3352	3518	2624	3098	3206	3378	3260	4672	4587	4664	3212	3682	3593	3637	4166	2606	2416	2365	2694	3959	3573	3347	3389	3258	2774	4047	4349	3782	3798	3824	3403	3698	3706	3078	4104	4720	4129	4664	2576	1944	2269	1740	1629	1785	1776	2905	3192	3361	2659	3740	2820	2946	3000	3584	3143	2541	3191	2856	3674	2393	2795	2376	2585	3146	2119	2521	1198	1131	2647	2198	2639	2342	3033	3017	2084	2330	2625	2340	2522	2840	2506	2357	3486	3243	2946	3496	3296	3157	3248	3133	2198	2336	2877	2228	2292	2112	2517	1688	2487	2095	2629	3067	2564	2998	4077	3565	3975	3526	3716	3496	3810	3961	4291	4044	3374	3724	4084	3966	3646	3703	3817	4141	3943	3882	3776	3905	3686	3921	3911	3795	4054	4125	5026	4206	4509	3503	3576	3685	3332	3754	3571	3604	4293	4003	4482	2912	3974	3699	3208	4228	3903	2374	2694	2867	3352	4060	3538	4424	3666	4021	3732	3843	3653	4267	2345	2971	2869	3462	1286	3129	2050	1019	2234	2479	2711	2374	2450	2981	3253	3147	3921	4660	4409	5045	5214	6318	6236	6188	7252	7647	6936	6715	6241	5915	6001	6847	5811	6504	8145	6987	8742	10620	7978	7111	5321	5322	7377	5518	5691	4949	4815	5184	6340	6889	6769	6167	5614	5579
5105	7308	7032	4094	4213	4888	4339	4579	4754	5091	5329	5595	6145	6188	9266	8415	9270	9001	9071	5352	5733	6929	5934	5567	5531	5200	6082	7258	6621	9081	6789	4800	6231	5863	5400	4732	6066	5980	5875	4844	4864	5438	4992	5029	5440	5013	4577	4524	4289	3815	3363	6501	4626	3828	4721	4935	4675	4214	8169	6112	4605	5350	5337	5923	5742	7823	6411	9978	7975	7154	8050	7561	6760	6913	7318	7598	10181	8570	5135	5043	5939	5198	5072	3921	8294	6954	6195	7401	7244	3883	3726	6473	14649	10424	6664	8325	7899	6661	4331	8308	12409	7154	6519	6038	11793	7628	5818	4731	7428	6800	6038	6388	7546	7382	5782	5689	6865	8312	5868	5059	6202	6534	7167	8128	11152	13211	7685	5531	5098	3738	4000	3768	2676	3051	3375	3498	2867	3109	3931	3578	3053	3792	3786	2896	4091	4994	5062	6097	4927	4897	4075	4968	5542	4944	3302	3675	3843	3699	3990	3655	3603	3600	3516	3912	5382	6595	7291	6624	7527	8562	9792	5950	3675	4361	5023	3884	4997	6855	5483	4166	14068	12942	3466	4719	4713	4591	4408	4502	3471	3342	6089	5149	6427	5768	5905	4549	3812	3991	3561	6130	4109	4157	5719	7960	9440	8830	7547	5435	7521	11113	15777	16712	13400	5911	5398	15604	13935	14582	15874	13682	5998	6976	5449	4851	4137	4181	5403	5290	5259	3844	11889	4239	3537	13528	7444	5599	7637	8140	5744	5654	6249	5672	5761	4980	5620	7178	7769	5371	4413	3472	4220	4228	3990	4652	4666	4309	3656	6856	9303	9651	12637	24270	16843	12592	19454	14845	8948	9185	12012	11291	12455	10260	9282	15737	6008	9854	10607	9317	10013	12237	18075	8405	10247	9221	5477	8726	4324	4567	4365	4584	4467	4619	4622	4349	6253	7557	5620	4673	4199	4138	5174	7624	7391	9611	11322	9655	4740	4225	7377	9525	8844	5059	4106	4857	5248	4925	5655	4498	4145	5511	4843	5124	5415	4566	4322	5013	3846	4344	4691	5958	4368	3906	5121	3955	4124	3917	4191	4490	3809	4836	3661	3356	3889	3425	3132	3708	3583	4278	3656	3046	3446	3749	3495	4975	3374	3956	4880	2878	3888	3043	3686	12083	10072	6185	9299	4786	4146	5500	3680	7481	9372	8538	4025	4530	5231	5301	6148	5838	6969	9404	5650	9061	15401	8690	3890	4229	4253	3839	5251	4520	4034	4501	4058	4251	4107	4965	7111	9118	5659	3549	10248	9304	4635	4433	4681	5557	5301	5246	5022	5471	4637	5550	5577	5317	11328	4107	4929	7279	10383	7819	4265	4413	4609	4745	3767	3630	3946	4526	4062	4220	5630	4359	5008	4860	4078	4573	5458	11559	4805	4679	5508	5148	4256	4434	3990	4801	5787	5434	5316	5761	5803	4938	4325	7638	14203	5437	4348	4650	4407	4727	4803	4784	5578	4361	6179	6170	5469	4309	4229	4669	4577	5488	6672	7648	5856	4788	5345	4237	4137	4062	4572	5802	4759	4547	4366	4535	3751	4319	4563	4553	4401	4339	4895	7250	4190	4675	4763	5756	4739	5723	4232	6359	5208	3862	4211	10974	4376	4890	6999	7014	3821	5467	6408	5105	8734	7702	6125	5450	4815	3768	5054	4447	4290	4779	4766	4567	4664	4568	4355	4233	3352	3415	3324	3279	2984	3139	3890	4052	3303	3657	3467	4006	4063	4020	4068	3725	4400	3782	5505	4882	3636	4934	4837	3972	3671	3838	4600	5012	4239	2967	4993	7349	6615	4720	6977	4676	5186	5752	4271	5007	4417	4237	6090	6780	6705	4925	4157	4477	7267	8033	5422	5672	5110	5762	9962	7930	9294	6837	7383	5109	4131	3846	5212	5437	4363	3807	4993	5084	6959	8904	4974	5081	5961	4913	5700	4837	5333	4482	5457	4793	9614	9845	4417	5248	7982	7985	7928	12774	13956	10247	9468	6980	7606	8191	8973	7510	5086	4167	3981	4438	4587	4563	3628	3087	3450	4190	3487	4189	3972	4230	4488	4885	5242	5793	3625	4039	6385	5656	7059	6198	6420	7307	6891	5606	5291	5109	5270	4857	4401	5632	6580	6847	6833	5398	5943	6461	7131	6047	5588	4915	4927	5037
1011	1172	1776	539	1044	2157	1857	2597	1761	1309	623	469	1587	873	890	1192	949	1528	2292	1151	893	496	462	339	1835	485	1164	1886	2088	1512	322	243	355	436	342	146	209	386	478	304	562	1272	664	414	295	557	330	1162	2623	3132	2058	2480	1563	343	372	904	3365	1737	1601	404	712	296	451	765	361	435	625	772	728	603	1760	3690	3275	3426	3958	1919	3409	3264	2953	403	527	481	230	443	322	471	855	377	428	645	2383	1358	1076	727	408	824	1077	960	651	1068	963	714	4210	3272	1184	1468	1007	2755	3579	1721	1209	1171	986	1255	5858	1423	657	2121	745	368	379	463	515	435	599	875	675	168	454	476	186	193	221	102	878	283	207	292	404	746	713	1452	1994	1378	267	447	239	185	227	177	546	2305	1354	2369	2754	2390	2817	2875	2250	2337	2075	1986	1693	872	976	1956	1017	1819	1367	1119	416	935	571	957	526	1206	574	1872	803	669	370	696	847	207	790	651	2161	347	649	727	1152	823	650	506	932	405	915	622	1716	890	996	987	1584	2132	1413	1058	963	798	1104	825	1064	2815	3060	1057	2383	1524	3044	1567	418	2986	473	427	827	1722	1065	216	299	205	747	916	3056	3394	2902	920	293	251	583	2261	1046	2152	4029	1867	3130	2210	1811	3828	3380	2109	792	158	545	1280	193	441	202	319	1561	3416	3236	2409	1367	363	994	2694	1300	854	1343	1444	2068	227	286	1982	2349	2223	2707	4394	3267	3057	1968	827	844	2561	1817	1565	643	847	720	417	635	613	2079	1501	2766	1346	1208	1930	1084	1013	834	3136	1819	1184	552	520	370	1799	379	1090	799	1154	640	1201	496	339	610	361	358	850	2592	4084	2669	2889	660	207	739	808	177	598	182	273	582	908	1046	2157	1460	2285	563	283	427	318	175	702	735	2163	514	1063	848	434	729	737	1633	629	320	395	241	778	1541	996	759	3007	464	833	719	545	511	1085	974	1147	707	433	586	853	2206	1873	2700	2799	1015	1004	1538	820	421	1726	2244	6100	5801	4740	3856	5026	3113	2176	1593	1408	2979	2719	1894	1426	1805	1694	1388	1832	1252	1532	2325	2403	2324	3266	3454	1786	855	1077	1340	2582	1979	1404	1983	2148	2699	499	571	367	365	1156	1576	284	385	310	443	458	1186	1347	2059	2072	649	1167	1584	267	368	529	235	470	422	727	243	295	464	419	999	1598	932	1924	2363	3212	3474	3598	1061	2566	1496	2133	2162	2102	2721	3175	3111	2263	1878	1523	1780	564	131	84	261	167	107	515	207	816	64	515	302	52	248	119	67	180	156	459	180	97	536	1497	1347	423	41	143	125	296	83	382	121	234	267	167	353	399	225	181	117	177	80	195	733	210	205	121	128	111	153	90	362	74	140	154	206	176	218	180	347	241	80	119	127	190	102	154	160	843	2041	488	176	116	120	792	269	129	81	278	273	326	119	100	396	1163	354	136	170	168	725	870	1045	1045	1306	1344	306	575	178	145	146	446	168	431	555	158	231	438	287	234	403	202	127	162	298	429	317	216	362	199	263	240	157	376	152	143	251	808	255	321	500	918	1165	1647	534	187	171	167	83	168	146	85	196	194	274	243	703	261	185	132	168	1737	303	304	988	1773	1789	912	207	123	766	728	321	1505	756	411	382	530	528	633	1473	508	235	416	2340	1221	1787	338	801	5263	8787	4005	1552	4610	2637	1753	1431	863	610	1569	564	401	399	1763	1530	901	1189	826	1097	789	1180	941	2588	1225	1356	1689
176	103	84	106	251	1186	4601	2321	1641	1939	3033	4712	4158	5377	4123	2867	1338	999	428	55	67	58	371	76	78	160	276	56	87	73	90	71	68	26	60	60	54	95	79	141	88	72	53	320	187	75	97	96	198	43	54	46	80	87	111	84	88	34	53	59	40	25	182	336	61	103	91	233	3413	3582	2700	574	242	145	207	176	203	821	90	99	309	256	239	125	187	76	884	145	1612	1412	184	164	215	183	156	255	268	252	176	150	193	478	635	230	283	116	87	222	86	82	108	150	340	48	81	198	118	59	52	238	189	110	247	117	175	56	104	98	123	149	81	269	133	96	124	72	209	45	155	97	82	74	95	115	81	96	54	113	51	66	66	160	110	104	107	249	131	327	34	142	668	158	149	139	1674	2330	1616	1579	819	1770	2610	718	512	678	872	877	245	112	142	222	1155	685	6590	6346	6358	4217	1042	377	205	438	3874	1927	188	191	678	1314	169	309	145	272	71	503	337	143	239	85	116	151	163	86	142	556	162	92	74	65	56	143	399	162	180	145	201	129	153	83	180	107	122	150	141	145	62	73	63	50	134	109	54	208	156	65	168	82	126	132	128	147	84	67	147	162	92	89	304	230	127	148	169	376	264	343	725	255	149	2256	3896	175	846	2079	566	116	945	4543	91	135	125	234	424	1052	4482	354	299	1296	254	503	182	85	567	144	806	1137	126	155	64	130	106	363	4951	8815	2349	1702	4435	2064	246	701	114	46	89	136	136	27	77	100	119	23	124	115	165	51	95	59	45	54	37	64	37	27	71	43	24	291	76	53	39	24	34	83	135	72	148	93	58	54	65	29	164	331	176	68	85	50	85	113	272	2811	122	53	83	464	203	65	129	99	82	3070	119	122	72	94	181	99	40	255	1109	6323	3462	249	162	2807	4755	4083	1043	257	972	7958	2211	263	182	5677	128	117	71	93	92	99	155	80	55	87	70	36	38	132	130	86	147	77	111	63	183	55	74	70	47	85	58	58	72	20	43	192	47	243	64	103	86	60	76	80	73	83	57	2378	2648	2666	2673	2564	2568	2857	2425	1854	2185	2762	416	85	42	68	62	65	111	72	52	52	15	60	95	116	65	114	85	99	117	47	51	53	125	211	175	20	102	60	89	85	90	164	112	36	132	18	112	90	115	432	92	150	55	55	94	70	56	125	225	91	45	251	414	42	63	53	43	110	57	49	48	60	81	43	26	109	293	65	325	24	72	13	58	97	47	60	39	61	47	107	298	95	53	155	93	28	57	90	25	77	54	59	53	43	29	23	58	32	30	98	193	103	252	136	286	100	155	79	230	2711	606	311	88	669	6227	320	445	161	123	106	94	132	167	94	193	412	108	228	1838	3261	3529	3076	3393	3179	5357	5875	6239	6300	6807	6989	6462	6539	5553	1880	23	391	128	61	109	63	138	196	99	41	74	187	307	118	101	81	72	135	54	72	132	106	54	175	98	75	106	125	160	125	90	25	57	52	45	153	171	96	64	64	31	39	194	68	30	57	67	108	107	68	180	154	299	94	1526	4586	7475	7538	7331	7151	7783	7882	6752	7148	6362	6943	6869	7256	7388	7255	6766	9464	10163	3076	461	1401	132	357	1115	324	259	253	1288	589
284	471	252	693	244	339	1928	4299	3921	3502	3509	4218	4103	3695	3835	3784	4379	4104	4156	4015	4392	4204	3801	3965	3772	4268	3988	4435	4581	3905	3886	4297	4464	3760	3356	3434	4127	4499	4322	4002	4327	3918	4206	4565	4485	4352	4422	4420	4305	4145	4224	4356	4417	4230	4452	4217	3959	4275	4522	4371	4267	4517	376	231	227	416	582	1291	795	587	390	407	447	497	376	309	335	607	1036	932	1057	781	374	221	431	357	398	371	646	489	235	721	297	457	375	214	438	519	346	404	255	356	255	476	183	982	2533	2621	2275	1165	1458	1508	1667	1699	1764	1676	1735	1832	1544	1971	2055	2159	1744	1998	1542	1538	1427	1588	1639	1642	1233	1932	1660	1616	1812	1537	1627	1503	1651	1899	1911	1710	1726	719	401	332	79	181	221	198	108	71	125	73	205	202	321	81	232	156	442	893	1293	325	307	173	410	412	967	1347	1275	432	542	542	697	2000	2431	2045	2059	1829	2291	2018	2181	2847	2218	441	1389	1959	1991	2670	2980	2817	1968	1937	2110	1923	2011	1914	1841	1883	1820	1761	2073	2835	3257	2212	2594	2369	2363	2357	2347	2552	2689	3014	2321	2422	1439	1321	2429	2319	2230	2365	2529	4022	2287	2733	2495	2931	2527	2492	2288	2375	2416	1286	129	4999	4648	4251	3493	142	164	144	97	85	131	138	194	133	138	168	146	193	211	213	330	318	242	539	899	845	770	548	1113	333	793	350	373	955	507	475	360	508	501	608	328	1122	1708	1093	1397	541	1646	696	974	1230	884	806	648	596	225	318	283	277	222	289	381	278	295	239	222	2167	2179	3078	2997	2019	2356	2368	2145	2226	2455	2316	1226	2256	1692	1143	737	239	390	203	441	3910	4145	4947	5480	1983	221	203	126	90	124	206	73	91	106	150	203	72	223	124	174	265	317	264	233	131	214	271	146	142	121	106	228	135	214	194	285	330	431	300	326	145	227	368	169	342	272	480	207	355	360	508	925	283	228	227	361	287	280	240	277	228	205	292	289	423	330	234	242	185	339	430	258	294	386	224	315	645	201	180	208	263	420	274	166	253	263	213	101	136	224	224	161	176	210	106	112	309	682	223	160	447	195	163	138	197	140	148	211	149	229	225	145	159	115	102	142	139	293	757	287	335	463	234	281	153	254	139	130	155	111	206	240	241	239	194	201	341	193	427	182	285	279	214	302	266	124	232	407	177	119	239	166	155	252	254	242	201	153	183	221	222	224	175	219	452	325	232	205	163	931	797	253	1892	2189	2016	874	1490	2010	2280	2200	2260	2231	1486	205	137	150	220	211	282	198	239	208	132	148	178	184	315	180	101	132	227	170	226	456	180	165	208	179	130	162	142	102	129	84	82	128	183	203	183	173	136	213	214	272	434	1697	294	442	492	420	1496	2968	274	2502	1160	2170	450	498	1235	387	404	521	823	1189	905	822	1331	1864	1580	1633	967	500	428	302	486	367	1586	322	335	414	543	311	175	282	321	236	569	596	554	254	188	173	267	241	190	244	265	352	172	1397	2499	2607	2374	2921	2479	2496	2417	2500	2675	2613	2934	2713	2694	2850	2659	2536	2574	2663	2507	2783	2575	2709	2646	1564	262	99	107	98	161	183	201	198	107	212	173	119	367	230	178	224	234	382	254	366	362	292	398	334	545	361	738	1360	762	1169	541	585	1244	582	1999	1328	851	669	754	767	1050	1634	584	694	525	632	679	373	795
158	975	1974	1223	1277	954	1205	1041	494	1387	1420	1589	1628	319	173	151	220	89	163	189	419	461	654	647	759	748	620	492	654	205	203	165	140	99	99	145	119	97	425	154	79	51	235	140	197	144	180	103	119	113	225	192	186	98	308	160	132	114	249	226	147	212	1093	450	185	152	159	255	314	195	329	420	496	219	259	405	221	218	465	115	332	207	194	824	1154	130	225	203	109	79	197	215	170	159	181	287	313	112	124	155	155	173	187	147	140	208	165	247	206	136	195	95	138	120	224	186	242	217	149	128	132	109	118	78	159	172	109	68	137	149	143	112	144	376	204	187	134	154	306	129	182	189	179	121	238	111	106	38	400	505	381	87	115	58	182	168	108	85	103	178	68	134	393	107	145	76	145	244	132	431	373	215	198	185	201	217	317	95	190	223	180	124	162	116	341	180	214	318	160	204	259	391	225	118	132	191	335	120	163	93	1168	136	242	234	248	157	118	400	104	224	243	133	176	109	110	98	845	755	169	218	178	134	80	88	112	133	125	241	107	73	106	138	82	188	89	144	102	89	169	179	79	640	98	95	90	102	48	163	211	163	169	234	103	92	94	118	118	207	557	224	254	158	372	217	197	172	583	859	573	673	347	159	328	263	208	258	217	242	741	324	312	377	376	331	273	160	304	110	173	133	102	280	201	135	389	107	146	189	150	80	152	450	135	125	150	109	188	127	148	72	83	372	170	82	83	81	108	111	87	173	36	169	78	165	123	124	64	66	108	73	85	126	112	128	82	97	58	83	162	110	90	118	63	126	125	304	227	141	48	134	62	122	92	43	77	144	80	91	142	102	87	110	83	87	174	96	153	95	106	163	521	1898	1893	1306	111	72	107	113	218	153	195	94	248	144	169	202	144	299	90	88	112	218	75	51	136	99	126	137	103	110	137	107	95	88	132	180	520	102	104	99	132	130	134	144	104	84	166	58	149	181	76	100	117	101	61	72	152	130	64	95	170	144	120	236	144	108	157	329	276	196	186	191	269	227	222	116	100	196	192	111	98	74	175	118	105	66	167	345	84	96	151	137	101	132	183	126	106	122	191	83	135	167	71	285	74	201	244	142	161	144	49	44	180	137	171	69	122	65	138	136	113	128	182	99	258	103	113	71	166	122	173	560	149	170	171	222	109	62	99	123	61	76	57	84	98	151	115	219	72	371	186	190	109	138	154	236	229	73	101	142	185	110	156	145	74	51	69	99	131	87	129	71	83	86	205	168	49	224	804	510	166	201	147	287	208	127	241	769	1765	1906	1741	1540	2022	1693	2300	1784	1957	2217	2318	1741	1992	260	256	149	111	109	84	260	200	255	299	69	72	197	138	196	111	153	237	165	140	79	117	77	84	114	153	147	177	188	71	99	93	168	161	120	254	254	161	160	99	98	181	96	112	261	183	161	79	100	165	114	141	131	66	46	79	66	92	54	115	64	109	193	171	95	223	121	190	82	231	90	97	77	188	307	296	158	297	208	106	158	249	176	123	182	317	197	180	583	64	140	154	249	223	190	222	207	126	151	191	72
7717	4552	2536	3148	3418	4137	4601	3956	2976	2152	2387	5253	5236	5647	4648	3213	2353	2050	2020	1719	1901	3276	2807	3318	3094	2327	1859	2506	2465	3745	4332	2155	2083	3271	1872	1865	1928	1638	1466	1923	1264	1056	1198	1306	1321	1042	939	964	1725	1720	1389	1043	1225	1460	1513	1744	1410	1410	1795	1988	4344	3061	4172	3927	3519	4800	5526	5492	6587	6205	4025	4658	3855	7289	7587	6634	5748	6968	6575	6633	6283	7310	8961	6611	7921	6843	5273	6538	4614	5159	5909	8381	7752	5822	6749	5764	5471	5228	4737	6057	6295	4360	4797	4885	5467	5297	2409	6594	9310	7393	5757	5657	6025	6921	6204	6930	6943	8032	6802	6162	5841	4075	3594	3748	4544	6862	3015	4700	3620	4581	2934	4332	2336	2326	2987	1348	1442	2213	6048	4790	5142	3745	4313	4367	5484	3460	2417	4239	4384	5496	3543	1824	1371	1535	1400	3592	2372	1639	2268	3872	2246	3001	2828	3719	2833	2451	4031	5517	5051	4705	4831	4378	5574	6291	5361	5782	6788	4185	5551	5114	10732	8407	7758	8664	8948	9092	7751	8762	4984	5366	6495	4723	4439	3524	5329	3058	4388	4339	6936	6362	7532	7230	8157	9174	8130	7954	7933	6762	5872	6841	5570	9513	5195	4783	4805	4645	5632	5040	3942	3530	4651	4005	3420	4220	2493	4407	1640	6567	2484	5114	3725	3135	2358	2697	4078	2747	1622	2822	2644	1726	2067	2431	2702	2724	1432	2152	2643	3585	2461	2980	2182	3885	1571	3102	2447	3156	4679	7249	6110	9127	10247	8857	8065	5332	9609	6459	5083	5414	5790	8968	9771	8482	6934	6958	6999	7865	6777	6370	20234	5981	10760	11745	10249	11771	12230	11270	8924	6498	7052	4613	4533	5101	5925	5219	4918	6884	8301	7349	6648	6254	8544	19235	7861	9295	7329	8930	6675	4774	6281	5112	4637	3602	2773	3612	5484	2678	3221	4364	2183	3576	4060	3727	3482	2905	3191	2400	3460	2551	2706	3106	3764	4910	3430	2073	3889	5244	2632	2517	3506	3998	5632	3288	2494	2171	2541	3790	3531	3015	1793	1361	2057	2779	2056	1848	2629	2471	2779	2771	1947	3444	3791	4235	3711	6712	4121	4986	6225	5325	5555	7326	6526	6962	6946	2727	4583	3225	5806	2784	3632	3266	3916	3753	3651	4559	6219	2310	3218	5152	5909	5864	3624	2219	2616	2367	2787	3817	7245	6017	5973	4017	5192	2381	2261	3828	3084	3373	2466	2431	2352	2659	2207	2541	2304	1701	2818	3213	2940	3028	1913	1816	2362	1755	1506	1414	1870	1195	1286	1793	1915	1357	1356	1796	1441	4656	5200	5076	6319	8388	7751	6629	7869	7713	5521	4638	4747	1587	937	1800	1972	1109	1498	2186	1268	1176	2486	1136	1204	5126	1305	1272	3136	4072	1700	2313	2344	2771	3782	2361	1553	1398	2283	1674	1725	2905	2301	2323	3937	1767	1473	3283	4044	4620	5207	5245	4599	5285	4489	3464	2526	3195	2296	3799	2814	3699	2520	3095	2121	2432	2482	3951	1878	2351	2281	1818	1960	2690	1679	1629	2150	1488	1454	2843	2627	2618	2094	2533	2274	1796	2884	1633	1600	1856	1098	1291	2758	766	1040	1626	2379	2110	2394	2091	1364	1195	2100	1385	1827	3572	2964	3579	3689	2607	2933	3803	4783	3911	4773	6225	5595	4373	4697	4139	4048	5674	5960	4749	7768	9357	8220	8408	8189	7649	7997	7675	7569	7863	9782	9988	9187	8518	9400	8483	13747	13738	12889	12298	7500	5808	7622	9678	9842	10206	8986	7735	9210	8533	7162	9695	11420	9358	6525	7116	4805	4081	5665	4111	5079	4812	7579	10028	11758	10111	10418	11820	10591	11115	10101	11209	10884	9890	10317	9656	10669	10042	9065	9282	10761	9992	9041	8820	9541	8735	7152	4202	4061	3959	4464	4208	4776	4790	3415	4305	4560	4136	5024	6186	4961	5014	5796	5957	5777	9520	8863	8273	8178	7599	7275	11131	9312	7795	9414	9395	7752	10457	10443	9807	9865	6643	6625	7365	8064	6107	6973	7414	7143	8383	9001	8234	5321	4605	6566	5064
1	13	29	5	3	5	2	16	17	21	28	2	11	2	1	23	30	63	68	13	67	15	2	35	45	22	36	68	24	25	55	4	32	0	1	37	1	0	2	0	0	0	12	1	16	10	15	12	1	2	1	1	5	2	1	1	13	33	11	12	15	1	2	0	24	13	5	13	1	1	1	33	21	31	36	76	62	34	1	1	23	0	5	2	2	0	1	0	63	23	45	69	55	13	62	1	61	0	46	0	52	11	57	60	68	87	98	31	11	0	24	32	22	21	39	22	1	3	47	67	95	33	45	23	25	25	23	24	0	1	12	1	0	16	2	0	0	0	1	0	0	0	21	22	1	0	0	12	1	1	0	12	12	0	0	1	0	15	4	1	0	0	11	21	20	38	1	1	1	0	61	64	12	48	13	12	1	47	12	12	129	58	32	42	10	13	55	13	3	21	3	30	65	58	34	1	2	3	0	0	1	1	12	2	46	22	16	0	1	1	7	25	2	24	12	23	36	52	100	70	36	114	56	0	96	80	1	1	104	187	59	22	45	82	50	27	2	22	106	135	167	66	44	52	69	0	1	0	0	309	1185	5	1	7	1	0	0	0	1	0	12	0	0	1	0	1	12	26	13	12	60	12	8	4	13	7	51	44	163	1	3	2	4	1	12	1	15	12	1	3	3	8	11	22	5	1	0	71	29	0	19	13	1	0	34	33	57	34	24	45	1	33	23	0	1	76	1	3	1	0	1	0	0	0	2	0	12	12	3	1	30	3	2	31	47	6	3	1	1	2	0	0	1	0	0	53	1	4	2	1	1	0	12	0	2	20	26	1	1	0	24	1	0	0	0	0	0	0	1	0	1	0	16	51	56	20	1	1	0	0	1	2	1	5	0	0	3	0	0	1	34	34	1	0	1	0	12	47	41	6	1	1	1	13	17	14	8	2	0	3	4	3	2	2	4	3	3	1	3	0	1	0	26	2	2	5	3	2	4	4	5	3	12	50	11	13	23	22	1	12	0	1	53	13	1	0	0	1	13	1	0	0	0	14	1	4	14	17	38	3	11	11	23	3	1	14	61	37	1	1	0	13	0	1	22	60	45	49	11	23	23	67	53	20	0	0	12	0	0	0	12	14	25	0	0	0	0	20	33	25	12	35	13	1	0	3	5	0	2	0	0	1	0	0	35	33	57	0	0	2	0	0	1	2	33	0	0	1	1	0	0	0	0	0	0	0	13	1	0	0	1	0	0	0	12	0	0	0	13	0	0	0	1	13	0	0	0	1	13	2	1	0	2	14	1	12	15	38	64	13	31	64	2	27	3	1	14	3	59	60	38	25	3	11	1	0	6	9	3	5	5	4	33	39	49	15	9	6	4	65	82	2	4	69	45	3	10	36	65	22	43	4	32	44	1	12	12	1	1	14	59	0	1	11	57	12	2	4	39	2	57	73	1	0	1	1	9	1	19	15	38	1	1	0	25	12	17	1	1	12	15	21	2	32	12	1	1	6	0	2	1	26	20	84	10	0	1	217	39	1	36	13
0	0	0	0	0	0	0	0	0	0	0	0	0	0	0	7	0	0	0	0	0	0	0	0	0	0	0	0	0	0	0	11	0	0	0	0	0	0	0	0	0	0	0	0	1	0	0	0	0	0	0	0	0	0	0	1	0	0	0	0	0	0	2	0	0	0	0	11	3	3	12	2	0	0	19	0	44	0	41	0	0	0	21	0	0	0	10	0	0	0	10	12	10	0	0	0	0	3	0	0	0	0	0	0	0	0	0	0	0	0	0	0	0	0	0	0	0	0	0	0	0	0	0	0	0	0	0	0	0	0	0	0	0	1	0	0	0	0	0	0	0	0	0	0	0	0	0	0	0	0	0	0	0	1	0	0	11	0	0	0	0	21	0	10	2	0	0	0	0	52	62	0	9	31	3	1	0	21	53	0	0	1	2	25	5	13	0	0	10	0	10	0	14	0	0	0	0	0	0	0	0	0	0	0	0	0	0	0	0	0	0	0	0	0	0	0	0	0	0	0	0	0	0	0	0	0	0	0	0	0	0	0	0	0	0	0	0	0	0	0	0	0	0	0	0	0	0	0	0	0	0	0	0	0	0	0	0	10	0	0	11	28	0	0	0	0	0	10	0	22	0	0	0	21	0	0	41	13	11	0	22	11	0	0	103	0	1	15	0	0	12	0	0	0	0	0	0	0	0	0	0	0	0	0	0	0	0	0	0	0	0	0	0	0	0	0	0	0	0	0	0	1	0	0	0	0	0	0	0	0	0	0	0	0	0	0	1	0	0	0	0	0	0	0	0	0	0	0	0	2	0	0	0	0	0	0	0	0	0	0	0	4	0	0	0	0	0	0	0	0	0	0	10	0	10	0	0	0	10	1	0	10	10	0	0	0	0	0	0	0	0	0	0	0	0	0	0	0	0	0	0	0	0	0	0	0	0	0	0	0	0	0	0	0	0	0	0	0	0	0	0	0	0	0	1	0	0	0	0	0	0	0	0	0	0	0	0	0	0	0	0	0	0	0	0	0	0	0	0	0	0	0	0	2	0	0	0	0	0	0	0	0	0	0	0	0	0	0	0	0	0	0	0	0	0	0	0	0	0	10	0	0	0	0	0	0	0	0	10	0	7	0	0	0	0	0	0	0	0	0	0	0	0	0	0	0	0	0	0	0	0	0	0	0	0	0	0	0	0	0	0	0	0	0	0	0	0	0	0	0	0	0	0	0	0	0	0	0	0	0	0	31	0	0	0	0	0	31	0	0	0	1	0	0	10	0	0	0	0	0	0	0	0	0	0	11	20	0	10	0	0	0	2	0	0	10	0	0	10	0	0	1	72	31	0	0	0	0	0	0	0	0	0	0	1	0	0	0	11	0	0	0	0	0	0	0	0	0	0	0	0	0	0	0	0	0	0	0	0	0	0	0	0	0	0	0	0	0	0	0	0	0	1	0	0	0	0	0	0	0	21	0	10	0	11	0	23	10	11	0	11	0	93	10	0	0	21	0	0	0	0	21	10	0	0	1	13	31	5	0	2	0
182	161	264	134	256	50	114	621	241	232	64	84	53	145	78	26	46	145	69	33	95	72	70	117	72	82	93	99	127	162	173	130	144	163	163	228	231	73	52	100	72	82	64	102	124	47	20	76	75	49	72	251	147	87	370	658	536	518	42	1343	2484	1890	209	157	124	132	327	333	89	106	222	314	558	1211	1852	432	431	150	154	179	230	220	112	212	120	197	391	711	174	235	177	239	353	293	679	593	499	439	503	426	671	456	526	454	396	436	405	384	326	260	151	118	111	94	147	177	113	201	205	170	294	149	156	203	149	37	123	70	86	61	81	70	76	168	158	108	158	135	238	199	174	105	263	156	91	100	94	203	227	228	192	171	101	155	173	372	525	568	744	572	846	488	446	199	158	218	508	255	326	550	216	247	130	179	226	245	164	1065	638	273	152	309	214	276	219	232	322	686	746	449	218	816	1267	750	591	723	678	803	380	244	356	192	116	89	224	112	126	136	242	87	169	366	68	41	198	187	145	169	234	144	98	110	62	119	93	60	67	105	114	51	29	72	46	247	162	3718	1258	402	206	19	32	29	26	65	43	62	19	163	338	296	359	322	85	302	124	74	232	283	435	153	169	224	199	180	287	310	270	209	302	152	656	158	275	150	114	194	99	168	565	361	284	273	658	1219	716	958	861	737	509	233	130	114	209	155	283	1755	2044	1651	1540	1730	1402	2325	1858	1621	1767	1751	1831	1502	1777	799	33	54	71	34	72	82	351	41	157	106	56	175	72	57	112	61	142	209	147	77	45	1037	46	28	161	429	267	433	77	113	59	119	35	77	93	84	112	123	58	200	164	100	56	194	24	55	99	178	297	338	95	74	207	110	2940	4227	34	120	114	93	120	67	90	116	218	164	190	192	156	143	222	83	93	27	484	1390	1325	820	923	747	906	1110	640	262	45	35	24	47	160	68	48	76	52	55	29	141	34	60	133	58	57	51	111	23	37	19	55	101	38	56	52	126	55	50	75	34	49	239	39	80	9	15	28	55	654	33	76	214	136	185	111	173	105	56	116	77	9	431	378	25	56	44	66	83	210	56	214	241	40	26	41	208	105	128	27	63	183	71	66	22	104	165	23	98	119	123	100	230	503	599	552	625	576	733	797	762	777	618	568	606	619	606	1020	1219	642	793	441	615	495	408	927	933	436	761	1124	1123	851	1369	1024	1121	1504	1255	968	1122	1153	628	121	97	120	253	144	303	171	171	127	60	120	29	52	11	33	58	23	169	391	216	184	199	217	273	170	112	218	133	93	180	245	165	270	164	194	196	288	242	400	221	247	262	303	203	201	273	261	524	171	116	374	218	211	164	371	177	191	159	249	189	40	161	141	201	171	122	162	358	265	197	278	285	187	79	222	107	147	72	191	131	121	168	81	105	132	39	77	40	66	121	89	179	219	91	109	50	286	1016	654	116	247	82	102	32	45	145	129	163	120	38	113	579	142	59	58	88	72	42	113	151	86	79	103	88	95	69	74	133	181	185	338	509	427	213	118	185	253	57	572	119	183	133	101	527	2105	452	283	304	152	405	267	180	296	224	200	268
1	50	68	26	13	1	1	1	0	0	26	8	13	0	1	0	0	0	0	12	0	1	0	12	0	0	1	0	0	0	0	12	1	0	3	0	0	21	22	23	29	0	9	0	3	1	0	0	0	0	0	0	0	0	0	0	0	0	0	0	0	0	1	0	0	0	0	0	48	18	10	2	0	0	0	35	0	5	20	4	15	16	4	4	3	2	0	10	1	1	5	0	0	0	0	11	0	0	0	0	0	0	24	0	3	0	0	0	0	24	5	0	29	0	1	0	12	0	0	0	1	0	0	12	0	1	3	0	0	0	0	0	0	0	11	0	1	0	0	0	0	0	0	0	23	1	0	1	1	0	1	0	0	0	0	0	0	0	0	11	21	12	2	0	0	0	7	13	0	11	1	0	0	36	13	0	1	0	0	3	1	0	0	0	0	0	0	0	1	0	1	0	14	0	0	1	0	0	0	0	0	12	0	21	12	2	0	0	0	2	11	1	0	0	5	1	3	0	0	0	3	0	0	1	0	0	0	0	0	0	0	0	3	0	9	1	0	0	0	25	13	0	0	0	0	0	0	3	0	0	0	0	12	0	19	0	0	0	0	0	57	0	3	13	0	0	0	0	12	0	1	0	0	12	0	11	1	0	0	0	0	1	1	0	1	0	12	0	12	0	0	0	0	0	12	1	57	12	0	0	12	23	33	22	0	0	0	0	0	1	0	3	1	0	0	0	0	0	0	0	12	0	12	0	0	0	0	1	0	0	0	0	0	0	0	0	0	0	1	0	46	75	59	76	63	61	64	68	65	61	65	33	0	0	5	5	4	8	6	1	10	1	4	4	6	11	13	0	12	1	6	0	13	0	0	0	0	1	12	1	0	46	31	0	0	0	0	12	0	12	0	12	0	0	0	0	1	0	0	0	0	1	0	0	1	0	3	0	0	0	0	0	0	0	0	0	0	0	0	0	12	0	0	12	0	0	0	12	0	0	0	0	0	0	0	0	0	0	0	12	0	0	0	0	1	8	0	0	0	1	0	0	0	0	0	1	4	0	0	0	3	0	4	18	0	0	6	0	0	0	1	0	0	0	0	0	0	10	12	1	1	0	0	0	0	0	0	1	2	0	0	0	1	1	0	0	0	0	1	0	0	0	0	0	0	0	0	0	0	0	0	0	1	0	0	0	151	286	204	193	46	0	0	0	0	0	0	0	0	0	0	0	0	14	0	0	0	0	0	1	43	46	33	0	1	12	24	0	0	0	12	1	0	0	13	21	43	13	0	0	0	0	0	4	0	0	0	11	1	1	1	0	12	1	12	0	35	24	0	0	0	1	1	0	2	0	0	12	0	0	0	0	12	0	0	0	0	0	0	3	0	0	0	0	0	11	0	0	0	0	0	12	0	0	0	12	0	0	0	0	0	3	0	1	12	0	0	0	0	0	0	0	1	1	0	0	0	0	1	12	0	12	27	24	0	0	54	0	15	13	25	20	0	1	14	12	11	57	12	12	0	0	0	0	0	0	0	1	0	1	0	0
57	13	2	9	50	49	82	45	28	19	33	15	16	128	40	28	0	13	30	14	15	13	22	0	15	23	2	14	33	64	1	15	13	0	12	15	2	0	60	27	13	15	28	16	0	13	4	12	43	28	25	12	11	13	2	12	24	12	3	25	13	24	37	25	46	62	23	11	28	6	35	15	45	72	26	26	52	17	0	24	14	6	14	3	18	245	124	68	16	1	27	34	46	13	2	36	1	29	53	76	42	4	36	122	25	88	4	2	111	26	4	5	3	6	25	37	133	51	50	17	15	5	26	15	122	14	26	12	14	1	12	10	14	26	12	13	3	1	15	1	1	6	26	14	25	1	0	6	26	2	13	2	8	43	149	436	12	4	24	1	21	59	32	4	2	79	2	34	4	60	1	33	55	126	261	183	119	25	44	28	31	24	66	42	118	66	55	354	403	544	686	558	813	494	414	113	33	45	48	12	55	23	25	41	25	24	3	15	0	43	112	108	39	59	132	45	103	3	28	70	145	176	207	83	369	2	42	37	58	12	12	84	0	19	0	5	19	18	12	1	0	12	8	1	0	35	12	14	13	0	20	17	45	12	39	8	12	710	72	1	88	25	45	47	0	26	93	38	32	14	33	17	46	2	27	9	62	97	182	48	2	11	68	24	26	36	13	57	120	70	6	15	13	24	10	1	24	33	26	16	20	24	12	25	1	0	12	6	1	2	0	14	13	0	0	1	3	14	37	1	0	0	35	3	2	36	13	12	0	13	15	14	2	13	1	2	14	17	0	3	13	0	1	8	13	15	12	0	0	11	26	85	2	2	15	13	14	48	74	48	81	81	26	17	39	150	39	37	22	3	17	30	60	10	16	8	12	37	14	48	62	1	3	7	0	1	7	43	26	10	5	30	108	45	14	18	41	18	32	60	57	64	37	48	0	14	1	12	1	1	2	4	17	13	14	13	0	14	1	17	12	13	84	26	59	10	0	0	1	1	13	35	0	0	12	0	0	14	0	0	13	2	13	1	38	1	0	0	14	0	0	1	12	80	13	2	39	28	97	4	2	3	24	15	13	14	1	13	12	5	0	2	1	12	17	0	21	6	2	23	3	13	2	35	24	1	6	14	13	2	24	39	1	2	0	2	12	25	11	1	47	36	12	1	12	25	12	13	1	6	0	16	13	12	0	4	6	2	0	25	0	46	31	32	27	3	1	25	14	8	0	13	0	4	12	14	0	14	2	0	23	14	9	13	1	54	68	14	12	78	13	6	31	17	32	12	37	32	44	18	40	19	42	18	23	1	4	97	58	25	2	40	31	2	1	7	24	12	73	38	12	37	12	0	3	1	1	25	1	329	4	0	80	25	17	27	23	2	28	1	5	13	5	13	12	2	13	13	12	12	2	2	0	12	1	23	13	14	0	6	0	0	3	25	0	24	2	12	24	2	14	1	32	12	0	16	41	31	11	40	0	36	5	14	1	19	23	41	51	29	43	34	52	76	48	141	125	97	189	103	118	83	86	107	2	24	1178	851	1141	1602	474	24
1274	2945	3367	2074	1536	2111	2116	1694	2441	2366	372	617	417	554	1073	587	573	695	496	1192	1450	1581	920	2072	1470	2347	1948	1429	1858	2313	1697	1630	1787	1976	2166	2758	2261	2866	2433	2387	2617	2334	2258	2386	2055	2590	2152	2180	2380	2461	2303	2474	2374	3253	2874	802	453	615	702	2739	2887	3564	2890	2099	1002	1429	2605	4280	5338	2434	1396	1540	1561	1892	2017	1767	968	1793	2013	1494	1907	1701	1418	1293	1942	2015	1378	1217	1394	1576	1735	2520	3347	4099	1905	1560	1663	1930	2545	2072	1694	2455	1623	1468	1649	2864	1738	1171	811	747	761	395	720	927	1037	1978	747	5455	6111	5400	6415	6537	6044	3355	351	773	352	609	403	3583	3367	4826	4515	4541	4697	4438	4759	5202	5627	5297	4744	5392	4451	2250	1257	1114	311	538	603	1619	1021	529	409	1025	1576	947	1216	915	901	575	1305	1493	1154	746	1464	928	2122	4748	4732	4851	7059	7764	6754	7800	7728	5990	6312	6403	4676	5302	5534	8020	6109	7089	6819	5080	3548	0	0	1006	1411	1206	916	1520	1198	760	1232	1999	1845	1048	603	1285	942	1031	1185	681	392	426	1070	2196	641	592	513	792	585	359	424	756	491	247	278	858	734	582	438	3940	5114	5949	4670	4336	3944	3857	3578	669	492	321	261	1416	1906	1009	1159	1552	1162	871	1192	1796	1183	1364	1322	1673	1702	1608	1517	2423	4434	5090	5622	3870	3102	4158	3015	3270	3529	2313	3036	2657	2406	2283	2826	2087	1738	2502	3555	2185	1860	2086	2558	2695	5018	3132	3941	3580	3307	3116	3800	3179	1618	1679	1796	1734	1117	1890	1328	2348	1438	1206	751	942	776	1463	949	3920	1540	1867	944	1798	1688	577	1729	980	600	670	498	1130	450	1450	1413	4787	3903	770	400	665	877	1725	2215	2528	2916	3452	3353	4069	3825	3430	3263	3591	3568	3886	3715	3509	3556	3192	4189	4116	3876	1555	1783	1791	2064	1879	2143	2257	1523	510	455	873	831	790	449	855	566	621	639	668	555	553	390	964	605	729	1238	711	483	620	879	474	987	642	410	777	777	457	376	647	774	546	679	833	1227	1590	1907	3777	2093	553	506	865	489	584	561	856	549	808	693	781	621	774	1018	1101	1105	844	711	771	617	520	355	854	491	624	711	3179	3945	7972	5625	6008	6407	6443	6168	6035	5670	5153	4213	2673	2297	2324	2119	4981	5844	5538	5994	7425	6024	6189	6406	6097	7577	5582	3830	3164	2680	2873	2872	2607	2621	1439	1676	1909	542	769	630	1493	306	311	341	898	222	361	477	1029	978	332	376	1092	425	305	490	827	440	314	224	1406	445	486	406	589	398	301	630	1938	1118	669	416	944	950	895	768	884	1410	578	481	1185	1059	736	714	685	379	515	693	2456	3067	3349	2838	2378	454	441	282	495	511	1877	2126	2459	2284	2230	1982	1322	197	320	364	475	212	342	377	688	486	209	382	1781	394	425	601	987	772	915	786	1678	4449	1520	1154	1998	1208	1278	1393	1399	1373	1422	1512	2444	1744	2592	1912	2430	2252	2834	3168	4130	2857	2556	4048	4268	5967	6715	3204	2287	1986	1488	1352	2148	2283	2179	2543	1790	1299	1371	1104	2230	3315	2741	2368	3350	1128	777	570	979	1607	1369	1279	1870	625	780	924	999	1792	2651	2387	3263	2380	2928	2937	3522	2756	2848	2922	2729	2777	4939	4804	5779	4921	4745	4252	2750	2612	2681	2723	2912	1797	262	306	624	454	236	703	1677	1714	446	1377	735	457	529	700	1776	2062	1990	2246	2873	2281	2902	2175	3427	5061	3018	3339	4781	6341	5142	4118	4401	3360	4027	3170	1995	1400	2532	2427	2877	2572	3603	2644	5202	2471	1567	1534	1817	1717	3685
93	62	83	75	36	42	161	60	106	64	42	12	62	45	59	50	45	51	126	57	81	100	65	66	104	125	42	46	53	18	58	78	50	36	67	65	2	64	47	38	4	69	26	53	35	68	30	39	69	129	46	40	67	117	34	58	61	53	55	63	33	20	16	50	45	121	345	76	43	28	41	96	72	99	33	164	105	342	176	192	156	92	74	66	44	83	132	71	172	81	28	26	33	47	34	20	7	46	111	76	192	36	22	63	21	22	23	36	35	41	61	86	27	25	66	69	85	74	142	39	139	26	39	31	21	97	42	7	96	49	16	42	35	2	42	86	52	32	109	109	139	129	170	109	68	57	55	20	8	31	56	24	99	26	66	17	53	39	85	47	98	28	91	60	43	42	50	44	60	67	33	1194	759	70	66	65	112	80	134	312	85	94	61	37	42	56	66	96	88	52	52	29	63	31	19	29	97	32	55	35	96	150	61	53	13	102	160	87	100	112	184	51	68	117	84	133	77	116	60	30	60	153	209	109	106	177	54	44	100	165	86	63	114	137	50	27	62	124	153	102	169	376	77	51	17	99	32	43	49	118	118	118	121	150	86	165	85	89	246	378	165	96	213	60	191	489	180	141	61	95	68	56	76	77	376	73	74	115	329	119	296	222	155	117	285	92	109	76	61	26	89	133	25	93	38	20	36	40	6	50	70	242	62	25	39	30	38	17	74	44	27	50	55	303	20	119	30	30	82	19	53	10	29	16	29	60	8	30	50	38	85	34	43	161	13	94	33	76	75	66	72	48	38	38	28	30	14	51	41	65	75	40	28	39	72	53	17	52	53	61	71	51	32	31	57	46	103	24	73	59	35	84	89	61	67	188	86	26	50	38	20	76	74	32	4	13	611	961	1158	1245	376	30	59	41	111	40	112	86	95	111	101	27	74	65	25	24	47	29	129	48	97	41	32	19	12	17	134	14	54	41	39	49	18	43	91	37	25	67	61	50	204	68	27	855	793	996	709	906	1006	994	815	805	857	1030	166	44	21	37	92	27	125	108	95	90	442	53	43	44	13	43	54	23	29	90	34	31	207	82	82	66	19	22	31	25	4	32	39	32	43	103	201	22	60	73	32	154	38	41	6	40	26	42	57	37	41	20	21	20	53	52	19	29	54	11	43	297	37	92	51	43	26	23	10	54	19	28	57	21	45	98	27	74	28	35	66	25	21	25	27	24	29	37	40	16	42	5	50	49	19	44	49	21	27	40	66	62	30	82	19	77	21	51	83	105	36	101	42	70	64	19	142	235	94	25	40	27	56	92	14	43	35	76	47	33	42	108	90	62	6	33	19	47	70	21	19	37	36	40	31	10	9	46	17	20	103	31	68	45	93	129	15	30	56	59	38	18	21	60	137	32	18	34	64	32	17	21	20	294	12	101	25	38	22	32	17	24	41	41	424	30	25	28	69	25	792	55	33	833	77	113	37	25	118	40	57	20	99	692	349	18	1194	1414	1257	1270	590	757	165	62	81	53	42	22	23	46	66	171	116	48	62	67	10	30
553	1067	958	1167	1007	997	1475	225	246	207	91	104	401	286	467	764	433	317	1238	183	170	645	725	384	483	115	456	210	269	315	295	303	601	385	220	541	176	231	70	128	146	320	190	104	275	124	129	108	111	47	80	95	107	178	91	97	105	105	185	117	229	411	413	245	684	302	510	246	716	637	436	327	878	1341	918	947	689	1476	712	993	1723	619	1128	683	708	811	1060	1239	1008	1333	1086	795	657	619	774	1232	1038	575	721	474	901	1201	914	1029	518	959	901	704	614	1104	1970	1584	1603	1593	1191	588	530	536	594	650	521	680	223	260	289	382	217	162	324	271	212	532	160	305	5080	7452	214	398	624	606	558	775	585	894	817	332	240	312	443	498	317	196	417	193	297	146	210	288	2963	3069	387	890	845	643	585	1054	711	1250	1721	1315	572	1203	1216	1333	1203	674	1065	1101	882	1700	1671	833	1014	1391	1500	1137	753	411	450	220	293	639	654	1060	710	763	310	716	338	391	944	750	487	2874	455	156	349	390	474	502	551	605	280	316	803	498	835	413	676	532	654	605	914	364	357	238	501	581	185	280	450	563	471	328	562	378	216	143	334	83	479	496	600	364	177	137	436	554	295	469	222	291	300	200	259	423	275	1239	1115	1271	1613	8750	1693	559	961	655	323	388	495	484	1185	571	991	666	759	528	1890	1827	3959	837	2990	2411	2377	1884	1352	1395	1256	969	463	573	834	604	651	362	528	386	277	146	154	230	174	1526	151	198	291	137	583	145	395	252	390	186	268	285	247	127	467	286	1364	466	365	177	287	331	379	167	322	488	303	359	692	949	830	217	449	593	457	288	310	534	467	369	678	331	388	529	424	297	212	277	243	1003	305	196	127	113	1013	1300	1489	1060	570	1028	1226	887	863	940	713	256	143	265	608	309	168	193	204	205	171	157	383	781	675	293	1034	401	361	249	1180	1946	1836	1897	1064	256	168	213	282	246	178	176	311	544	292	219	182	87	237	306	433	187	236	238	351	286	417	213	219	448	236	264	217	428	545	286	250	267	210	257	208	320	211	210	736	250	186	223	370	140	367	788	554	592	839	578	462	210	559	205	251	379	709	181	155	244	306	326	120	319	851	1354	1782	222	295	478	269	267	518	320	522	323	390	619	745	746	362	433	404	215	333	320	433	390	675	204	305	467	240	380	327	229	250	212	226	339	388	621	181	276	152	239	258	272	891	3513	2336	2692	1130	1376	1389	1165	1621	1302	640	313	230	217	177	203	269	156	474	293	373	635	232	213	287	276	231	285	194	251	328	304	345	340	345	283	211	295	272	406	479	678	578	1069	1242	1154	1055	1868	1907	1239	1384	1020	847	769	894	439	359	505	589	1093	2309	1067	1690	1359	2102	1675	1930	1654	1902	2052	2448	2255	1997	2102	2113	1567	812	485	721	640	686	609	617	370	572	1082	578	488	600	368	980	1021	1834	2934	2145	1109	1019	1334	937	433	654	668	264	307	286	79	125	221	353	170	101	2475	3211	109	101	89	129	311	192	187	87	96	623	102	277	134	161	106	129	369	166	86	95	215	182	402	825	838	3919	2989	699	772	774	1218	2058	1822	2235	2063	1790	538	1187	1276	1160	784	818	757	854	1152	1018	1688	1732	1348	1106	3674	4255	3873	3444	2296	596	563	448	690
380	276	307	282	83	227	335	300	110	131	133	65	51	54	45	51	41	247	278	47	50	337	95	44	66	126	152	70	103	38	22	33	40	45	13	144	51	573	100	266	40	39	43	83	36	74	7	11	22	30	59	79	38	22	68	114	31	87	57	44	167	84	68	56	83	72	45	36	82	701	202	216	190	297	1346	1798	1662	1397	510	159	239	177	131	186	151	252	659	3426	3887	3458	4058	3600	2520	177	259	195	194	256	351	433	318	434	91	163	127	125	282	130	91	79	130	116	92	289	203	138	213	227	208	100	144	109	211	132	238	219	201	23	26	24	49	118	81	159	118	41	39	60	26	38	29	54	79	63	50	19	69	55	64	112	47	58	50	50	26	220	51	24	67	157	190	53	130	53	55	57	199	195	248	260	164	128	159	229	642	814	1099	1006	1125	1206	987	715	1180	97	204	828	243	148	157	627	930	1596	1593	1429	1482	1467	1266	200	130	233	323	134	120	117	161	42	53	105	48	174	66	97	65	64	62	65	22	21	63	65	100	83	73	68	30	68	70	246	47	113	62	35	113	118	86	311	168	181	48	83	75	40	25	78	36	15	34	39	99	163	28	11	60	69	343	125	60	243	133	100	326	205	466	316	115	182	167	203	190	191	186	164	225	234	2703	204	270	372	417	373	558	716	344	373	243	251	265	174	181	147	165	126	143	136	77	161	169	75	116	49	108	189	183	74	79	101	124	167	303	779	547	151	89	45	68	67	77	154	49	34	141	150	68	41	50	65	41	60	27	61	92	26	79	32	23	14	24	49	56	46	264	96	105	68	28	54	150	68	73	44	758	195	53	801	64	109	274	316	351	443	208	120	243	443	1264	233	92	98	105	174	226	150	44	109	157	347	63	201	68	40	143	257	31	30	392	221	43	44	34	45	103	66	45	83	110	86	168	94	80	65	83	169	169	159	189	101	52	59	162	154	102	72	178	103	41	116	98	20	17	38	30	78	33	72	57	46	38	36	52	58	42	36	45	58	142	204	298	378	234	144	93	120	42	69	82	12	32	52	98	95	69	37	30	26	67	96	124	48	61	113	92	118	77	100	79	74	275	170	108	63	56	160	46	75	134	48	246	50	82	550	1504	1761	1713	1739	1649	1603	1607	1962	2332	2182	1789	1570	1712	615	167	140	87	55	88	84	183	91	87	365	38	63	116	169	228	597	585	33	23	26	68	119	24	533	133	96	77	127	37	143	146	101	79	1651	5747	6019	4577	32	124	131	85	54	51	24	47	40	148	68	51	98	103	78	280	90	225	500	85	52	287	199	132	191	208	207	102	57	87	549	883	970	741	732	936	774	878	1033	747	562	667	893	111	61	109	146	177	189	561	293	76	124	35	95	231	101	199	75	201	221	228	70	65	96	732	86	66	106	78	88	35	92	411	89	41	78	139	52	120	1189	4214	145	113	102	63	95	100	70	74	66	47	75	62	40	62	62	88	51	8	56	38	38	34	325	23	45	34	139	95	89	196	54	74	156	136	197	115	92	686	1061	281	198	398	6075	5458	6613	5926	891	431	1279	1038	568	288	509	632	1067	796	864	965	1080
0	0	0	0	0	0	0	0	0	0	0	0	0	0	0	0	0	0	0	0	0	0	0	0	0	0	0	0	0	0	0	0	0	0	0	0	0	0	0	0	0	0	0	0	0	0	0	0	0	0	0	0	0	0	0	0	0	0	0	0	0	0	0	0	0	0	0	0	0	0	0	0	0	0	0	0	0	0	0	0	0	0	0	0	0	0	0	0	0	0	0	0	0	0	0	0	0	0	0	0	0	0	0	0	0	0	0	0	0	0	0	0	0	0	0	0	0	0	0	0	0	0	0	0	0	0	0	0	0	0	0	0	0	0	0	0	0	0	0	0	0	0	0	0	0	0	0	0	0	0	0	0	0	0	0	0	0	0	0	0	0	0	0	0	0	0	0	0	0	0	0	0	0	0	0	0	0	0	0	0	0	0	0	0	0	0	0	0	0	0	0	0	0	0	0	0	0	0	0	0	0	0	0	0	0	0	0	0	0	0	0	0	0	0	0	0	0	0	0	0	0	0	0	0	0	0	0	0	0	0	0	0	0	0	0	0	0	0	0	0	0	0	0	0	0	0	0	0	0	0	0	0	0	0	0	0	0	0	0	0	0	0	0	0	0	0	0	0	0	0	0	0	0	0	0	0	0	0	0	0	0	0	0	0	0	0	0	0	0	0	0	0	0	0	0	0	0	0	0	0	0	0	0	0	0	0	0	0	0	0	0	0	0	0	0	0	0	0	0	0	0	0	0	0	0	0	0	0	0	0	0	0	0	0	0	0	0	0	0	0	0	0	0	0	0	0	0	0	0	0	0	0	0	0	0	0	0	0	0	0	0	0	0	0	0	0	0	0	0	0	0	0	0	0	0	0	0	0	0	0	0	0	0	0	0	0	0	0	0	0	0	0	0	0	0	0	0	0	0	0	0	0	0	0	0	0	0	0	0	0	0	0	0	0	0	0	0	0	0	0	0	0	0	0	0	0	0	0	0	0	0	0	0	0	0	0	0	0	0	0	0	0	0	0	0	0	0	0	0	0	0	0	0	0	0	0	0	0	0	0	0	0	0	0	0	0	0	0	0	0	0	0	0	0	0	0	0	0	0	0	0	0	0	0	0	0	0	0	0	0	0	0	0	0	0	0	0	0	0	0	0	0	0	0	0	0	0	0	0	0	0	0	0	0	0	0	0	0	0	0	0	0	0	0	0	0	0	0	0	0	0	0	0	0	0	0	0	0	0	0	0	0	0	0	0	0	0	0	0	0	0	0	0	0	0	0	0	0	0	0	0	0	0	0	0	0	0	0	0	0	0	0	0	0	0	0	0	0	0	0	0	0	0	0	0	0	0	0	0	0	0	0	0	0	0	0	0	0	0	0	0	0	0	0	0	0	0	0	0	0	0	0	0	0	0	0	0	0	0	0	0	0	0	0	0	0	0	0	0	0	0	0	0	0	0	0	0	0	0	0	0	0	0	0	0	0	0	0	0	0	0	0	0	0	0	0	0	0	0	0	0	0	0	0	0	0	0	0	0	0	0	0
13	1	1	3	0	0	13	0	0	11	26	0	4	0	0	0	0	0	0	12	3	0	0	0	0	0	4	34	0	0	25	0	0	0	0	12	1	5	12	0	12	1	0	12	0	0	1	4	0	0	0	0	12	0	0	0	0	1	0	0	25	0	0	13	13	1	0	0	0	0	0	0	24	13	12	0	0	2	2	12	12	7	3	2	1	1	13	0	3	0	0	25	1	0	0	1	0	25	12	0	6	0	0	2	1	1	1	1	12	12	0	70	409	365	241	338	227	207	389	215	282	383	253	216	0	7	1	0	0	0	0	13	1	0	0	0	1	0	0	0	12	0	1	0	0	0	0	0	0	1	5	24	0	0	12	0	0	0	3	3	12	1	63	0	0	0	12	1	12	0	13	12	13	26	0	14	0	18	14	0	1	16	22	1	4	4	36	1	143	0	25	0	3	0	1	0	0	0	12	0	11	0	0	5	1	1	0	1	0	0	1	0	0	12	12	24	0	0	12	0	12	588	6	0	0	1	0	12	12	28	0	0	0	0	0	1	1	0	0	0	0	1	0	0	0	0	0	0	0	0	12	13	1	1	0	29	0	13	0	0	13	1	0	0	4	1	12	54	3	30	11	27	12	0	0	2	4	12	5	15	1	2	1	0	12	1	0	12	1656	274	108	0	0	0	192	0	36	0	0	12	0	0	0	12	12	12	1	12	0	0	0	12	0	0	0	0	24	0	0	0	0	0	8	4	0	12	0	1	12	12	0	0	0	0	0	1	12	13	0	0	0	0	0	0	0	0	4	12	0	0	0	0	12	0	0	0	1	0	2	2	0	12	13	12	0	12	0	8	0	13	0	1	71	0	0	0	13	2	24	0	1	0	0	0	12	0	0	0	0	1	0	0	0	1	1	0	0	2	0	1	0	0	0	0	0	0	0	0	0	0	0	12	12	28	20	1	0	1	7	0	0	0	0	0	1	0	1	0	12	0	0	0	0	0	0	12	0	12	0	1	1	0	0	0	1	2	12	0	0	0	0	0	0	12	0	0	0	0	13	0	0	2	0	1	1	1	0	0	0	17	0	1	0	1	0	0	0	0	12	0	1	0	12	0	0	0	0	11	0	0	0	1	0	0	0	0	0	0	0	0	0	13	10	0	12	12	12	0	0	0	1	0	13	24	12	0	0	0	0	2	1	0	0	0	0	1	0	12	0	0	1	0	0	12	0	0	12	0	4	0	12	1	0	0	0	19	0	4	0	12	0	12	11	12	0	0	0	4	4	0	5	0	0	15	0	0	0	3	1	0	12	1	10	12	0	2	4	0	4	0	26	34	12	0	12	0	2	15	0	12	0	0	0	0	16	0	12	0	12	0	0	0	0	0	0	0	0	3	0	0	0	0	1	14	12	0	0	12	0	12	0	0	0	0	0	0	0	0	0	1	0	1	0	1	0	0	12	0	3	0	0	1	0	11	1	23	23	14	11	6	14	1	1	0	1	25	38	24	2	12	4	14	0	12	1	0	0	0	12	0	0	1
68999	73181	70634	65266	56607	55860	51913	50147	50449	49384	47316	50795	42805	42981	42476	41317	43545	42599	40460	41953	45661	45517	51560	48099	43152	39506	39969	38853	41759	36005	35845	33000	32741	34372	35307	33325	34333	27737	24792	30730	25998	23981	21296	24183	27436	25987	18384	20069	19484	17276	17202	20942	15508	17392	17336	18081	23630	23174	29275	27941	32485	38437	42676	47988	55210	54102	60213	64341	64907	63065	62319	66559	68200	75172	70130	67154	67017	68145	67234	66702	69880	64877	65319	68688	70492	81824	81464	80054	90842	89760	82684	74837	72450	71300	69643	68642	71176	69262	69892	67090	64382	60185	62695	65128	60822	61313	59424	60215	51044	52570	52058	48913	51368	49065	46729	51171	47572	45777	46928	52655	46165	44456	41544	41611	42490	37371	34398	36326	32406	31109	36737	29248	30393	29274	25629	28461	27752	25195	23583	21962	19544	21986	19749	19856	28512	28168	20602	23128	21005	20796	18393	22782	22245	26624	28446	33379	38942	42692	42892	55485	52609	60194	65724	70886	71491	67327	69393	68355	68758	71236	74974	71265	74753	77161	79771	82544	80719	82270	83521	79621	83731	89609	84215	88405	85728	81652	78041	76213	73429	76154	66375	62507	67357	71646	68536	60762	61065	64335	69964	66779	54996	47595	45567	44653	43550	39035	40917	39684	36883	43661	42558	45991	45998	47993	42868	42873	45214	47219	41984	43380	45741	47394	39519	44213	41904	39974	35944	36798	29231	30335	27463	26846	34078	31217	25207	22657	21752	22164	24130	23693	24160	24405	22700	21171	21668	25981	20565	23133	23978	32526	32030	37673	41759	52408	52201	56092	54005	59321	60743	60883	68146	74598	78185	78914	74695	80716	77336	74822	77461	69510	66877	65301	67113	62762	62594	64737	71351	71058	77162	71865	70330	72832	69441	67882	63629	68733	66241	62802	58291	68512	65443	54575	48967	46654	44069	45334	42327	44930	44729	45245	38143	39199	37968	40491	37854	38373	39716	36131	34386	36470	36330	39021	42225	38799	36006	37257	33337	35619	33230	31486	32721	35347	37139	32776	27795	28188	25017	24441	25921	27544	22664	22435	21758	21519	21504	20806	19418	20065	22021	20918	22161	22154	19754	18126	21026	24013	24578	21485	22061	23315	25833	32412	34866	32971	41683	33432	30983	38443	32704	36141	36349	39510	39567	39922	38972	43598	52545	56142	63011	52053	53989	49713	42136	38125	43548	39334	45507	45180	39132	38334	42867	36730	43489	42039	39429	37566	38018	35884	33666	34569	34398	36362	29941	32694	32410	32711	26871	33079	28669	26879	30827	31019	33705	32606	28946	27777	32086	31791	31753	26701	25802	25450	24904	26666	30843	25247	26048	22816	23605	26404	28119	25808	24844	23336	20724	23497	21330	18428	18975	18241	22804	28808	19119	16748	19049	18567	16075	19204	17455	15041	14529	15019	18889	16472	14602	15910	17324	16479	19906	16620	18190	21159	20774	21573	26932	23954	26051	26440	28918	29595	25463	24961	26729	27694	26960	31965	30933	28323	28759	30313	29747	32376	37381	38936	46162	37351	36784	33800	36142	35803	37196	39077	36779	41409	36501	44347	40704	33618	35819	35817	33606	33110	29515	33684	31108	35549	36151	36296	35986	37754	35862	34926	34661	36330	44864	39636	39742	36324	34193	34410	36598	39778	39874	34594	30458	33163	36560	27950	25002	23944	23062	22674	23026	21374	16581	14895	13761	18559	16235	14776	12875	13346	12946	16025	14506	14525	15625	19478	20872	36378	40618	40654	41060	43865	44405	49572	46862	52686	59964	62768	61102	59785	59805	67098	63629	66238	73416	65722	70537	70853	69393	62280	69545	67011	66990	69423	63868	66008	67296	73211	82670	72340	76006	82132	72939	62120	66615	67823	60023	58086	52456	56655	47032	48582	54490	56772	47980	45213	42318	39457	44828	43394	41292	39393	46544	47209	44790	44225	40650	37616	41965	45696	41770	36691	36629	40436	37907	35871	35714	33121	30917	30761	30596	31405	25657	28631	30449	27042	27556	21490	22960	21416	22893	23096	27384	21755	19732	20428	20972	22331	24722	17827	20848	25011	26604	31143	35869	39678	40560	47094	59897	60468	60967	61542	73272	68010	68830	74853	78934	76704	69418	64768	63241	68481	71972	73579	72052	72395	77344	72743	71316	77214	72204	75425	72879	70170	72468	69347	63931	68335	64838	66497
25273	25530	30119	27008	26498	26913	25210	22762	22878	21408	19757	18848	16763	17190	16923	17842	16959	17874	15442	17722	14430	15664	16772	17615	18687	16283	15591	16625	15906	12993	14063	11988	14140	16765	17359	18842	15896	11474	11000	10702	11197	10722	10225	10126	8620	8900	7854	6955	8251	6880	7466	6770	7039	9155	9490	9361	9351	9775	13554	14213	16053	20406	19070	18646	17412	20295	20993	21490	24362	24011	24823	24844	31484	32460	32678	35205	35566	34465	39159	36575	32458	42495	42905	41347	38875	38229	38403	37046	39631	37940	31692	31217	31503	28254	29270	33937	30925	31253	30744	28561	29091	29583	25424	25687	26521	25805	22962	22224	24257	25224	24304	27028	25219	21659	20889	21648	18347	19283	19106	23839	25253	23879	23097	21702	20917	22706	14252	14999	12984	14950	12795	12390	15036	13628	11264	13983	14312	10379	11803	10427	12880	10627	10119	9192	9163	8119	7985	7969	9158	7962	9072	9837	10118	12427	13154	15975	17601	19153	18796	26349	29268	28849	30734	27060	27441	24074	29625	34247	27936	26251	26631	29160	32487	37259	34446	34597	30114	29583	33174	39328	33950	34073	38022	36677	33536	35600	29513	27894	31126	31312	30661	27316	29724	28284	28944	24748	26368	29280	32016	30442	24992	26073	22757	22329	23627	22023	25177	22917	23116	25274	24429	22583	19937	18632	19583	19010	19447	23607	26260	23355	23309	23604	25011	23100	21078	17796	16000	16577	13797	13043	13473	14243	14611	14371	10108	10108	11160	10532	10701	9338	6917	6255	6635	5996	6924	8413	7754	10546	10541	14015	16138	18600	18029	21291	23129	31222	34329	33328	31803	35874	38134	45504	39040	39135	39851	43395	37331	33565	28168	29226	29581	30191	31166	33537	34591	31192	31460	31988	29968	28800	30217	29554	26230	31358	26437	30454	28617	28165	25725	25727	23281	22147	22189	23039	21831	25023	25013	19549	16930	19255	17318	18059	20284	18100	18262	16499	17109	14917	17372	18227	19055	18966	17013	16662	14085	14273	12992	11774	14258	14567	10981	10095	10345	10499	12540	10291	10368	10287	8953	9437	8993	10643	9770	8802	8664	8763	9177	8165	6961	5992	6630	6483	7022	6768	8020	8712	10700	13784	11783	9723	10510	12411	13426	14243	14022	15347	14591	12875	11785	14221	13834	13506	14132	13642	13538	15259	15647	15889	14641	15250	16753	22947	29110	17314	18107	14614	13870	14166	16164	12339	14737	15258	15122	14930	14683	12733	14698	17245	16838	17069	16509	13398	12654	14093	13351	13183	13102	12793	13702	14481	14852	14318	12438	10988	12054	14775	10831	12581	11457	12024	12751	14560	11921	11471	8855	10320	9603	9422	9063	10209	10745	9360	9637	8961	7972	8083	8300	8751	7650	7870	7210	8197	7890	9093	8997	7709	8162	7927	8996	9623	8180	7243	8264	9411	6625	6671	7063	7456	8402	8284	9518	9462	9711	11020	11688	11543	12223	12722	11144	12912	11470	11897	13019	12297	12202	14514	12518	11913	12617	12996	12762	14204	13423	15225	15299	12541	13206	14073	16363	15576	15604	16045	13393	14424	15515	15154	13747	11156	12506	13974	12626	11556	13234	11976	16002	14108	13049	12876	15487	15534	13094	14264	14963	15030	15131	16511	15688	12626	13876	12683	12155	14612	12591	12408	11843	11971	10628	11579	8507	8922	8917	7108	6306	8592	8034	5502	5912	6075	5307	5270	4863	5698	4926	4569	4833	6093	7748	8832	10348	13595	14888	21306	21898	22500	22721	23932	21789	23849	24226	23816	28518	32554	34808	32716	34189	35205	36128	37574	41242	38043	35065	35150	37017	37772	34449	34515	37138	34091	38304	31640	31558	34622	30779	35070	28530	24455	26218	29559	31426	26666	23666	23554	20661	20381	19869	20962	23991	22230	16854	18656	17107	18565	18119	17956	16177	15479	16823	16315	14493	15849	18651	17843	17591	18160	14741	13584	11952	12205	13682	10320	9040	8326	11648	18441	15848	15123	9772	11331	10996	10075	7932	7926	7683	7511	7598	6906	6647	6008	6142	6956	6400	7176	9753	8982	11511	19753	15708	18669	17546	23050	21381	21587	25216	27132	36962	36556	33110	30173	25144	27214	27212	28267	27628	26891	26344	27906	33333	33545	32185	32786	33277	33730	36430	33140	32857	32541	34177	34370	29035	27392	28319	30387
0	0	0	0	4	0	0	0	25	1	0	0	1	0	6	33	15	0	0	0	1	0	0	0	0	0	0	0	0	12	0	37	1	0	1	12	0	1	12	0	0	1	0	12	1	0	3	1	0	0	1	0	4	0	5	23	43	23	2	25	0	1	25	0	0	23	55	42	1	0	7	3	11	25	33	13	0	1	1	13	24	0	13	8	0	12	72	1	12	0	2	14	13	10	6	0	12	1	2	0	36	2	0	25	0	2	0	13	1	39	135	52	7	1	13	4	0	1	0	1	0	17	0	12	0	0	0	0	0	1	0	0	1	0	0	1	0	0	12	3	1	1	1	0	12	58	28	24	3	0	0	0	0	1	0	11	0	0	2	0	1	0	5	5	13	0	0	0	23	1	5	6	0	13	0	0	2	0	21	42	31	2	0	0	1	29	0	4	1	0	12	15	35	58	37	40	33	36	0	1	12	0	0	3	1	0	2	5	1	25	1	47	12	56	0	2	3	0	0	0	0	0	1	1	34	13	25	1	1	1	12	1	2	0	0	13	0	0	0	0	0	0	0	0	0	0	0	1	3	0	0	0	12	0	0	0	0	0	12	0	1	0	0	13	12	0	0	25	1	1	0	0	12	30	48	4	0	0	10	12	1597	2690	1380	84	85	55	36	75	60	27	90	70	108	67	37	24	12	42	114	24	33	84	72	13	24	25	37	0	54	12	0	0	0	0	12	1	36	0	0	0	0	0	0	0	1	0	12	0	0	0	2	1	0	0	0	0	1	1	13	0	0	1	0	12	0	0	0	0	0	0	1	0	1	0	45	1	0	0	0	1	12	0	12	0	1	0	0	1	0	1	0	2	234	0	12	1	1	12	1	4	0	21	11	13	11	0	0	12	25	1	0	1	5	0	11	0	10	1	0	0	0	1	0	1	13	1	0	1	1	5	1	0	0	1	0	0	0	0	1	0	0	6	24	0	0	0	0	1	1	0	0	0	6	14	0	1	0	0	0	0	0	1	0	1	0	47	44	1	0	0	0	1	0	1	0	0	0	1	0	1	0	0	0	0	0	0	12	0	1	0	0	24	0	0	4	0	13	0	1	12	0	0	2	0	0	0	0	0	12	0	0	0	0	0	0	0	13	0	0	12	0	0	0	2	0	0	0	0	0	1	0	0	0	12	0	12	1	26	0	0	0	0	1	1	12	0	12	0	0	0	1	1	0	0	1	0	8	93	67	52	23	12	1	11	33	10	0	24	24	0	10	0	136	24	0	0	34	0	1	23	11	0	469	163	0	1	1	2	0	11	0	0	0	0	0	5	2	21	1	0	2	0	0	0	0	0	12	1	12	1	23	0	0	0	44	107	107	180	361	1	57	1	12	1	0	0	57	23	2	0	1	24	2	0	0	0	0	0	0	0	24	0	0	49	11	49	11	0	0	24	1	12	0	0	0	0	0	0	0	0	0	0	35	11	0	0	0	1	0	0	14	12	1	35	23	22	139	12	0	0	12	1	1	6	0	12	7	0	24	15	0	0
12	50	40	31	39	18	18	33	27	24	44	77	41	22	228	15	40	13	13	45	6	37	13	8	21	36	10	3	19	25	3	2	26	0	15	1	27	3	161	3	27	2	1	34	23	30	2	1	18	15	63	31	12	14	5	37	21	3	13	6	24	241	572	19	29	13	122	67	250	16	7	38	134	58	50	3	31	1461	2801	3827	2093	2122	2176	2218	2597	2245	18	63	16	138	118	15	5	33	28	8	7	30	87	52	23	2	5	22	24	24	50	4	240	114	3	2	106	63	20	64	54	6	12	117	37	27	20	5	25	4	8	2	3	9	64	3	16	4	4	7	382	2	73	36	14	14	2	3	17	25	2	30	6	2	2	4	7	4	0	3	2	385	36	15	193	16	25	11	6	14	378	46	37	119	1148	2598	1634	1485	3712	3306	2183	1205	856	1943	439	408	78	384	4	17	21	12	16	5	1864	2425	806	25	8	30	1	1	16	48	331	6	40	55	3	13	19	5	22	17	171	20	11	12	392	5	6	52	2	6	15	3	2	22	25	62	20	32	3	18	3	47	6	7	7	4	44	105	16	67	11	19	15	10	2	17	48	17	10	24	10	18	76	43	22	6	76	1	91	65	28	51	421	67	78	10	7	401	75	18	123	84	14	17	105	147	6	256	356	569	1100	49	172	153	60	31	57	20	20	197	4	13	21	43	31	376	168	50	18	3	30	285	44	115	59	87	3	20	11	11	3	5	14	76	28	10	8	22	15	46	3	28	43	154	36	2	16	2	75	3	15	7	24	26	41	6	5	15	11	7	33	28	5	2	87	3	24	19	9	5	2	4	27	68	26	7	7	6	2	29	55	29	3	7	4	26	4	39	32	7	25	32	10	36	34	132	6	35	25	6	5	4	131	1	211	47	8	52	7	65	1	7	54	3	72	49	37	159	31	17	11	8	40	26	44	9	14	18	7	16	25	13	19	2	9	9	14	24	22	183	63	7	26	89	24	19	33	3	15	19	7	5	20	15	41	31	11	99	132	135	99	65	4	5	1	15	57	42	13	31	64	10	1	171	19	4	15	63	36	22	15	20	4	18	18	8	37	5	3	67	40	3	40	20	14	17	38	6	7	98	102	15	174	18	7	73	28	387	2	18	37	217	38	16	6	24	2	0	20	15	0	26	14	2	57	48	44	67	206	63	47	89	63	33	48	48	16	20	12	4	8	12	15	13	3	16	1	46	9	54	21	2	31	9	15	7	91	18	22	14	28	40	74	13	31	38	61	19	22	20	219	18	129	60	53	40	14	12	20	15	24	34	3	89	78	56	52	18	249	44	31	583	3365	2464	2672	2476	1255	1	114	23	31	6	16	16	60	2919	1855	58	80	26	15	118	35	15	5	1	3	2	26	77	8	28	23	13	24	5	22	16	40	27	9	10	41	26	39	39	16	63	231	62	26	45	30	38	4	25	6	5	4	13	2	1	19	4	18	2	29	14	4	35	2412	2264	2264	2295	2307	30	23	21	3	77	5	36	65	21	1	12	64	21	5	16	37	79	22	42	36	19	8	222	32	55	18	179
18	14	1	1	3	3	0	2	0	1	10	0	59	1	0	4	0	13	0	16	0	0	12	6	0	13	1	12	24	0	16	0	0	5	0	13	14	0	0	0	12	0	2	0	0	0	1	3	0	1	1	2	0	0	0	0	0	12	0	1	1	1	1	0	1	15	16	0	13	2	4	13	24	13	58	79	40	1	0	2	5	1	1	0	25	13	50	3	5	70	35	262	53	0	2	0	31	1	15	13	13	35	23	13	2	1	0	16	0	1	1	11	15	12	13	0	34	0	12	1	1	0	1	1	40	16	0	8	13	13	0	0	2	0	1	0	12	1	0	0	1	12	0	1	0	12	2	12	0	1	0	0	0	0	12	12	12	715	2395	166	0	3	15	596	545	204	2	16	34	4	0	24	13	10	422	980	32	14	1	1	37	1	68	31	23	51	2	11	68	102	88	16	47	1	48	11	1	10	24	1	0	2	0	13	1	24	44	40	72	2	1	0	80	0	12	1	0	24	1	540	980	805	590	1	0	13	0	0	0	0	0	0	0	12	12	0	1	1	1	1	1	12	13	2	0	0	13	1	0	0	12	1	5	1	0	0	0	2	29	0	37	1	6	12	26	0	12	47	0	3	0	1	22	282	133	723	746	52	102	59	109	134	33	2	4	1	11	76	76	55	82	83	9	1	3	0	13	0	12	12	0	4	0	1	0	12	14	13	0	0	12	2	23	12	0	0	1	0	0	3	14	14	1	1	3	0	0	1	0	0	0	2	0	1	13	0	1	0	18	12	1	1	0	0	0	1	0	0	0	0	1	12	0	4	0	47	0	1	0	0	1	1	13	1	1	1	6	13	0	0	12	6	0	0	1	2	0	99	86	13	5	0	208	1324	109	0	1	12	13	1	12	1	0	0	0	12	1	26	3	0	0	4	3	0	0	3	0	5	0	3	12	12	0	0	12	3	0	0	1	0	0	0	0	12	1	12	12	4	0	12	0	2	0	12	0	12	0	12	0	0	0	0	2	12	12	1	1	37	0	1	27	12	12	0	2	0	0	0	13	5	12	23	1	0	0	0	0	0	0	1	1	0	25	0	5	11	1	0	0	8	0	24	1	2	4	1	2	0	0	0	0	2	1	0	0	0	13	1	1	0	0	26	2	12	0	0	0	0	0	0	12	12	1	1	1	25	1	1	0	12	0	0	18	1	1	0	0	24	0	12	0	37	0	0	1	0	14	0	0	0	1	1	1	1	12	13	5	0	0	1	0	0	1	12	36	1	0	14	14	0	12	0	58	12	13	12	13	18	73	49	44	14	15	3	2	1	0	3	17	3	2	24	61	25	49	1	1	13	0	12	1	12	1	0	0	0	0	15	1	14	1	0	0	0	2	0	4	0	0	1	0	0	0	23	12	23	0	0	0	0	1	0	4	1	0	1	0	1	14	0	0	0	0	0	8	1	2	0	0	5	0	11	0	3	1	1	13	12	2	13	1	24	2	52	85	36	40	14	0	0	5	1	2	15	0	0	0	1	0	13	12	12
158	92	185	128	62	155	126	241	200	284	208	314	254	244	105	151	152	162	196	136	174	210	885	911	927	750	921	972	929	751	582	179	101	103	78	97	173	115	190	105	69	138	72	49	103	134	85	98	152	151	76	46	47	165	157	65	115	69	140	69	181	161	223	121	113	225	256	151	108	179	66	139	104	175	95	84	265	49	69	130	225	243	80	102	145	120	101	105	138	151	159	182	297	294	169	197	286	287	272	231	301	163	199	167	175	210	153	175	72	133	190	120	70	190	255	475	539	410	373	295	262	177	62	142	85	128	120	98	173	265	224	347	343	118	156	139	244	77	289	264	451	377	362	297	353	233	120	57	93	53	50	86	79	84	105	95	48	64	56	109	60	130	57	160	216	148	72	89	90	136	168	120	188	99	105	84	169	179	248	123	120	172	61	50	129	177	86	139	183	110	78	116	127	89	164	83	107	108	91	154	206	141	245	201	132	106	152	146	78	120	356	139	164	106	83	174	116	101	62	112	198	98	64	140	141	90	144	201	104	118	85	99	47	119	242	170	72	91	55	64	83	64	109	118	153	141	97	194	139	212	102	159	123	115	90	114	106	450	414	363	335	361	369	143	258	177	167	133	152	145	57	132	138	58	134	105	129	237	897	243	520	265	322	882	259	256	207	300	110	189	213	181	63	54	104	126	108	59	214	208	508	638	190	82	63	93	124	131	94	86	92	252	194	145	66	77	104	158	135	43	83	172	162	130	125	45	80	127	120	96	132	80	190	102	230	97	119	154	104	133	139	214	273	60	87	115	122	150	95	46	491	453	360	236	629	195	70	209	366	231	813	862	81	103	113	103	93	87	125	71	79	82	106	63	56	109	95	136	119	119	195	148	327	533	142	91	190	131	151	111	89	141	120	87	176	137	130	116	134	90	111	72	130	66	128	55	112	77	100	89	460	190	164	137	132	180	184	119	137	101	53	65	68	65	77	146	71	57	75	63	50	67	60	26	73	148	153	408	236	167	264	301	92	110	215	72	117	70	86	111	164	83	54	56	137	56	90	221	104	65	49	55	105	97	152	152	174	88	101	71	373	66	115	138	157	101	94	61	117	369	122	79	50	111	144	92	429	1763	1596	209	103	201	90	121	261	92	138	85	118	119	170	89	130	117	87	36	88	132	133	113	114	82	77	60	96	87	34	77	90	83	125	96	59	29	29	76	116	92	49	91	117	44	114	75	52	78	153	36	94	113	213	161	215	150	171	473	101	100	114	111	130	190	202	135	242	208	149	188	191	81	138	183	190	184	189	113	97	485	1063	117	128	162	130	56	103	103	94	88	153	82	161	100	89	93	131	94	57	76	95	104	95	49	98	64	68	110	226	91	122	121	196	143	283	204	355	192	225	387	140	266	96	215	202	101	99	56	69	157	130	63	51	85	96	74	170	152	67	93	225	78	97	357	64	36	104	73	96	198	61	126	101	347	1047	100	1314	2334	896	190	167	152	197	261	241	109	143	220	126	257	94	112	64	529	226	118	694	1393	1201	1102	1474	1241	1677	1349
284	126	397	1258	1140	1221	1180	1109	933	1249	1270	1544	1393	1617	928	1025	1707	1383	1178	79	97	811	239	132	136	181	187	188	136	120	140	186	174	158	103	232	254	93	2	28	7	26	140	36	40	27	23	8	25	10	16	25	33	2	47	46	2	101	21	5	3	9	180	452	53	70	70	30	20	20	15	27	44	96	39	33	63	228	37	3	0	8	19	6	17	32	45	65	19	126	116	150	77	55	73	95	85	112	133	93	95	346	162	360	283	440	216	332	382	472	310	243	352	335	403	144	419	241	326	328	310	264	227	169	41	9	44	32	2	14	29	50	70	31	26	13	14	16	9	7	1	14	27	14	26	7	17	3	33	55	21	35	50	41	144	40	25	63	13	37	16	38	883	1253	1107	1082	1171	1042	728	25	275	27	27	919	873	946	934	1031	795	73	27	3	43	251	75	35	32	28	49	99	30	310	300	30	40	40	21	38	14	75	91	119	55	60	86	63	359	233	209	84	37	18	77	78	18	43	57	80	78	101	5	157	665	855	925	841	979	956	719	986	840	984	1080	865	759	108	26	21	14	27	7	0	410	5	20	18	14	99	34	22	27	49	92	39	0	51	7	66	109	70	72	285	189	114	102	22	46	27	21	202	58	43	87	39	257	53	40	71	115	73	222	184	93	98	33	20	38	314	1042	887	938	1010	1012	1021	336	29	32	30	70	58	5	97	49	120	53	19	34	53	16	39	78	58	21	123	45	7	62	43	20	97	29	58	58	56	72	1	39	99	55	65	3	11	1	1	4	15	10	78	65	29	19	7	34	9	13	86	15	2	18	2	83	95	133	60	38	18	48	43	40	199	361	266	351	117	68	4	28	16	5	3	28	46	25	8	25	2	55	21	46	65	7	31	60	6	4	79	2	4	16	2	18	81	2	111	290	305	310	656	1234	1069	629	721	955	616	973	1243	986	892	1062	962	1167	1316	1525	1346	1158	1131	1004	325	14	3	9	15	4	27	8	1	37	2	2	3	1	2	0	32	33	62	95	13	30	3	37	29	5	1	23	14	25	14	40	96	64	184	97	95	127	89	108	206	85	114	87	136	99	60	121	293	165	166	189	211	175	144	92	263	193	251	187	159	215	283	44	57	98	82	134	103	94	125	159	83	109	100	64	112	94	98	57	121	203	155	51	89	137	66	83	65	48	33	2	1	4	47	4	1	3	15	14	3	5	14	1	5	2	81	55	24	1	6	1	50	6	53	1	29	15	4	16	2	6	2	14	11	4	15	10	32	67	33	32	36	2	37	20	30	43	58	143	82	66	114	60	147	65	78	147	124	196	65	40	381	363	250	20	35	35	4	25	27	15	51	80	420	1061	1096	540	901	848	925	706	1131	1183	1463	1141	680	41	16	58	18	229	32	37	18	13	7	6	63	112	36	18	6	23	4	12	24	6	2	3	8	3	3	15	112	63	16	26	37	26	16	26	48	3	23	4	42	104	90	344	442	345	597	481	517	431	503	434	329	554	525	536	611	1493	1775	1347	1311	298	457	329	429	538	475	781	450	421	381	405	440	390	618	1445	1193	1367	1254
1296	119	50	1	15	27	62	132	1284	1271	1343	204	62	194	12	10	6	25	4	3	12	0	23	156	12	35	25	12	0	24	12	14	11	24	16	1	0	0	22	17	0	12	24	35	23	0	60	24	24	0	27	1	1	0	16	0	95	48	10	1	12	11	12	1	4	1	9	34	16	69	25	1189	686	69	0	126	47	131	24	27	71	104	23	24	15	62	24	21	2	26	35	83	26	12	37	308	239	251	164	429	1	12	47	103	24	42	91	36	42	154	84	59	16	1	0	0	34	11	0	15	3	73	73	37	12	23	25	12	0	12	12	45	35	23	35	1	16	4	47	13	5	1	19	31	11	12	12	2	16	3	24	35	23	5	0	13	15	13	0	12	0	182	17	36	63	84	63	38	206	177	160	37	133	48	270	48	46	67	119	2	112	58	13	25	69	21	12	74	25	1	30	11	0	8	24	107	3	0	1	11	12	11	0	4	0	11	1	48	35	38	24	69	0	0	23	13	11	47	24	0	50	366	13	72	23	35	12	3	23	12	24	2	11	31	3903	11	1	25	14	3	12	0	23	51	16	5	24	13	0	24	13	34	13	36	5	31	0	25	1	23	0	20	54	29	23	23	29	26	24	116	12	24	5	60	16	95	1	14	37	118	342	104	14	19	24	4	120	12	12	1	1032	300	21	155	14	150	45	28	91	35	48	1	13	0	46	23	24	36	26	11	13	13	371	475	554	412	1	35	38	12	12	39	13	15	0	24	24	24	24	0	15	12	32	12	12	13	0	23	11	28	16	1	31	12	0	11	0	25	0	36	0	47	0	24	2	3	12	12	1	47	54	11	58	24	37	0	20	11	12	24	12	13	12	15	12	3	47	13	88	1	34	0	2	14	45	1	1	15	0	12	1	12	12	0	2	37	12	3	52	0	24	1	12	0	12	14	6	28	2	1	0	13	1	0	1	1	0	0	12	36	26	13	8	0	14	47	13	12	1	23	0	23	12	15	22	0	23	2	13	1	12	14	12	13	13	13	27	9	12	13	0	11	1	12	23	23	11	27	0	1	0	13	23	11	0	4	11	27	80	12	24	22	5	12	11	12	12	1	69	180	12	24	27	12	27	15	1	0	23	3	12	226	80	0	0	36	25	14	12	0	15	13	72	12	12	13	0	15	0	1	13	36	1	11	25	35	12	12	24	23	4	50	13	3	24	37	12	11	13	0	3	0	12	0	24	35	13	26	37	12	0	15	83	1	120	0	57	36	0	13	59	4	23	0	7	49	160	40	0	104	58	5	12	13	552	54	48	12	363	132	120	132	0	216	36	23	467	47	12	12	72	0	40	0	0	35	6	0	12	4	37	25	0	5	13	12	12	11	0	3	0	12	12	9	0	11	1	12	0	0	13	11	0	23	0	15	1	13	23	47	12	12	58	24	4	0	0	11	1	0	0	12	1	12	0	25	0	23	11	24	192	1	25	18	28	24	17	148	13	1247	676	108	14	92	12	12	13	0	75	28	12	592	2241	1210	591	1456	796	1035	1266	1180	1311	1164
1438	1273	1817	627	292	79	252	340	102	106	90	302	111	65	112	272	62	158	278	125	138	147	61	125	91	213	78	159	87	135	65	100	103	69	65	86	111	5715	6532	6175	6496	6625	6298	6147	6198	6063	3404	4218	3193	137	102	83	99	69	36	208	136	141	98	230	84	118	76	117	109	132	195	198	287	252	162	832	1310	1498	1684	1293	475	1472	413	553	264	88	831	2025	3560	2554	220	417	173	231	92	153	115	285	73	198	62	232	744	1628	168	68	258	62	110	84	70	97	332	188	110	268	98	60	149	77	129	119	53	67	105	97	98	255	63	60	102	261	73	117	54	106	84	6202	6327	6376	6463	6349	6516	6152	6394	6224	4211	2821	3270	519	135	210	146	94	65	170	81	60	50	207	112	95	19	175	108	2037	788	93	1094	1396	1153	1294	1357	1175	1592	1589	1149	68	912	667	1291	319	216	182	235	242	159	386	240	290	72	898	648	118	154	154	174	112	120	265	164	280	182	143	128	144	142	289	140	151	171	137	22	88	113	185	112	93	128	88	26	58	110	128	48	71	85	177	1158	100	109	90	82	7254	6841	6915	5476	4694	6171	6405	6395	6232	3157	2897	3391	437	57	191	75	92	56	188	82	65	74	196	69	16	113	266	139	1117	69	159	334	69	464	131	315	252	263	481	333	117	205	381	1318	372	539	637	329	196	231	410	555	499	395	432	422	521	443	344	499	384	379	376	89	175	268	176	67	83	118	170	128	193	118	365	89	75	74	93	76	96	186	79	144	115	118	149	76	133	54	39	169	67	89	92	81	5992	5997	6751	6183	6152	6198	6301	6367	6183	3174	3423	3218	112	62	283	49	95	62	223	125	85	103	165	104	117	90	310	144	191	136	217	148	343	133	38	178	76	278	243	111	157	74	150	136	161	252	123	211	192	273	132	196	98	121	368	227	280	201	165	187	177	180	355	527	391	360	95	133	84	60	148	82	118	93	233	77	96	124	37	111	88	141	79	41	93	56	173	119	83	130	87	61	93	66	106	71	5653	5866	6297	6206	6284	6598	6279	5968	6350	3000	3463	3179	88	69	138	94	102	55	78	75	48	126	158	106	85	95	195	128	39	60	88	96	123	147	69	90	93	87	156	79	106	57	84	118	59	50	5259	1057	91	65	195	60	113	45	49	109	81	74	50	75	46	98	104	116	63	64	105	55	66	83	143	58	48	136	137	107	57	112	113	61	71	109	83	59	47	89	77	47	58	43	93	96	37	88	60	114	5806	6256	6262	5910	6816	6044	6105	6181	6037	2898	3029	3008	35	131	80	75	83	100	115	54	67	57	60	65	157	77	96	99	120	48	146	23	94	99	85	88	108	86	37	37	71	346	1573	83	149	194	93	94	83	106	48	98	53	142	55	60	1069	214	66	118	116	53	226	609	96	93	50	105	94	131	54	59	95	121	70	93	53	122	45	77	95	77	422	117	80	93	350	925	77	72	95	102	75	82	62	121	5727	6287	6193	6189	6442	6376	6553	6842	5791	3364	2991	3124	121	80	75	64	35	82	81	27	66	83	162	117	60	195	158	1195	317	64	287	247	137	160	154	198	1673	1922	2565	877	32	535	137	354	59	269	190	213	107	143	119	446	116	210	82	259	448	81	831
359	736	1390	455	997	1082	1085	56	57	37	18	15	62	1445	1224	133	85	3	316	26	109	1055	1855	9	27	7	42	1	53	3	13	54	45	148	164	81	69	9	21	39	64	54	53	59	49	37	23	39	7	24	27	60	54	14	1	4	11	8	12	18	5	46	15	49	107	93	131	163	126	157	109	202	104	134	92	136	172	122	119	166	57	99	52	131	1022	1263	386	649	734	2603	5937	1670	579	576	244	109	106	153	98	286	316	1103	1545	2117	824	77	5	85	871	198	51	18	10	40	48	54	150	41	86	25	150	24	4	2	4	3	4	19	48	46	68	66	43	3	2	12	12	4	3	7	6	25	23	5	4	4	7	13	19	4	3	4	2	5	15	122	955	4	14	17	85	19	150	130	162	134	86	283	230	613	666	155	232	159	351	851	2094	326	1470	2740	1799	212	276	2524	243	701	719	713	1263	370	1776	228	113	28	87	171	73	112	133	24	79	2534	6543	279	80	25	122	227	201	276	126	85	93	84	65	26	119	95	104	70	70	214	251	144	124	68	42	64	76	65	53	9	28	12	39	2	3	2	14	22	31	8	55	10	5	7	3	2	13	13	19	30	29	448	1221	685	217	215	83	12	157	180	134	167	351	123	124	214	19	12	132	127	137	174	190	372	63	110	158	154	274	410	455	537	487	595	603	497	423	176	111	232	1955	1776	1835	2315	2251	2450	2174	2345	2854	2276	3042	1043	478	737	422	375	568	418	366	445	54	259	228	201	221	160	206	243	284	382	270	301	25	190	182	295	235	168	292	189	221	188	215	122	199	223	228	101	169	123	382	187	114	23	129	157	141	1064	1474	212	260	1387	137	31	165	163	169	592	324	389	5342	3212	3922	4344	1308	804	597	143	120	243	193	3085	579	108	14	43	101	63	50	32	18	174	77	310	130	73	56	148	60	76	202	110	181	111	131	93	103	115	77	99	58	65	68	37	27	9	19	46	22	62	58	42	38	91	118	93	95	72	48	15	63	37	2243	72	31	4	41	45	30	62	95	84	32	14	3	66	52	45	10	41	29	81	48	80	21	39	48	45	11	11	5	42	37	66	89	70	19	52	29	18	19	13	24	45	74	23	154	66	26	81	16	59	46	26	13	29	102	13	11	1	2	21	48	401	4750	78	49	58	11	28	26	4	1	8	3	19	1	1	4	29	31	35	38	70	55	18	27	38	14	139	47	14	15	51	70	154	218	247	169	59	43	39	36	59	23	3	3	5	3	7	5	65	83	5	4	1	3	4	3	3	4	5	4	2	7	3	3	4	3	7	7	210	384	122	4	4	4	4	5	18	39	139	390	202	191	33	1086	33	28	9	3	5	3	18	868	22	101	21	78	71	57	65	43	10	13	27	29	10	11	14	6	17	26	38	72	38	25	38	27	137	136	136	157	184	69	353	244	33	64	117	99	69	75	146	103	56	45	60	128	101	87	84	102	69	36	35	35	33	36	52	69	12	66	13	16	40	4	27	124	10	56	58	73	47	87	138	37	253	1060	837	218	87	146	40	163	237	412	637	438	260	276	417	1448	374	677	346	163	184	130	113
19	9	20	39	43	35	46	856	2998	936	18	24	9	69	146	107	5	6	6	1	16	18	8	8	5	46	27	7	5	4	7	9	3	26	4	5	6	3	3	5	4	3	4	35	21	50	20	64	6	78	16	4	6	4	30	31	5	24	26	32	52	18	8	20	16	131	237	62	168	54	48	44	37	33	7	72	252	195	84	171	186	191	190	280	181	280	189	83	105	157	9540	3091	172	197	108	210	143	117	50	31	56	12	25	6	15	5	29	8	19	101	17	22	20	10	5	9	4	8	33	21	25	10	7	40	6	17	9	5	4	7	9	6	8	22	42	56	47	3	20	31	48	80	11	72	4	22	22	11	19	5	20	38	20	17	16	5	17	22	45	44	221	1350	1253	805	758	410	185	494	449	178	1810	229	160	150	181	343	5606	8536	5854	348	288	63	100	100	156	68	136	64	392	956	53	176	85	33	72	96	120	112	92	74	87	86	82	184	125	14	15	86	3	8	10	7	270	16	13	10	336	1302	2	7	4	5	15	33	24	29	20	6	16	3	5	4	5	5	12	17	9	30	7	26	10	4	16	4	24	21	10	25	18	40	18	17	42	34	36	57	105	53	116	89	53	54	86	92	84	162	464	462	387	646	269	628	472	505	1050	994	1110	1463	919	187	31	78	43	43	95	41	159	41	29	55	73	41	14	56	33	71	63	77	21	36	144	18	62	5	5	18	8	35	28	22	5	4	34	6	38	8	6	4	3	3	27	71	17	29	4	4	6	3	41	88	39	7	41	19	7	84	38	5	6	9	44	162	67	116	75	29	11	6	14	72	26	20	62	19	16	29	34	12	71	38	60	80	355	22	11	13	76	25	52	6	21	47	17	7	254	160	37	48	34	148	79	42	58	19	3	6	146	41	16	8	7	22	64	8	2	6	114	4	71	136	17	5	5	2	4	5	5	2	3	4	2	4	7	14	31	41	17	19	3	2	3	4	4	3	5	2	3	5	2	3	3	6	1	3	3	1	4	4	2	2	3	3	4	2	4	3	5	3	4	3	3	19	14	2	4	16	3	20	14	2	19	11	1	4	4	4	4	3	2	30	54	3	4	4	10	0	4	2	4	5	4	3	5	3	3	3	12	3	6	9	13	4	1	13	13	3	2	1	1	16	2	2	0	26	3	5	2	4	3	2	3	3	5	4	3	3	2	6	8	6	5	2	1	2	1	3	4	3	1	1	3	2	1	3	2	2	5	55	35	50	8	3	11	3	2	1	3	4	3	2	3	5	3	8	4	25	2	3	2	23	4	40	5	2	5	64	61	4	4	4	4	56	99	62	3	3	4	21	4	20	19	2	3	3	16	4	5	29	4	1	2	38	91	3	16	5	2	3	1	2	15	2	3	2	5	3	2	19	4	6	4	1	2	2	4	3	14	1	3	1	2	11	11	14	12	13	3	2	3	2	4	2	5	3	2	2	4	1	390	809	928	761	1003	860	84	31	44	19	5	60	66	12	81	13	31	37	51	17	48	55	37	49	85	5	86	25	80	53	104	69	3	8
3603	4217	3161	996	716	705	716	853	479	883	805	863	902	738	806	327	387	830	881	771	618	427	792	1408	805	585	680	1000	893	783	1870	1659	485	519	634	599	515	572	976	805	523	421	632	643	296	267	420	263	462	517	438	498	550	462	482	1092	549	517	346	336	366	372	404	1806	1934	2498	2228	2027	1873	2594	3059	4192	2867	2693	2699	2451	1214	935	1150	936	921	973	990	844	958	914	556	622	988	1064	1846	1502	1736	4037	4257	4224	2364	1278	1113	1286	2076	1846	1652	1386	1589	948	875	630	1651	718	506	1365	393	365	591	727	1286	1950	1320	782	502	369	307	376	259	403	313	1098	535	552	1281	1659	1364	1501	957	321	473	421	577	401	321	295	199	216	287	413	227	290	270	398	162	428	448	240	167	366	259	299	360	1232	614	1260	1449	1990	1938	1827	1720	1179	1190	1376	1196	1366	891	2332	1412	2827	2688	966	2357	1061	1257	1535	1151	903	888	998	1118	1224	1684	2068	769	1216	2828	1270	1600	789	1022	771	1060	1135	1299	1358	1467	1055	1187	968	881	895	1073	1034	1114	1586	1454	1642	1487	1583	1623	1909	3372	3491	3362	3979	6004	3675	2954	3063	3537	1209	1390	1415	1690	2339	2781	1254	1307	1236	1235	1144	1102	1432	1630	1115	1405	692	834	766	992	945	1409	1741	4174	1438	1401	1247	1919	1818	2739	2784	3191	2935	3454	3939	3363	3788	3178	3302	2629	2668	1980	1506	1566	1251	1097	2036	3777	4264	3537	1835	1696	1817	1580	1695	1900	1876	1672	1507	1488	1951	1967	1825	1535	4981	6020	5426	5889	8044	5412	1176	1584	2709	4499	4192	5130	6159	6433	4021	4029	3653	2051	2198	1730	2244	1653	1266	1628	2053	3860	3172	1849	1370	2000	952	1227	2039	3242	3073	7377	10517	8397	8246	6011	10096	8956	658	523	656	304	334	219	198	235	468	413	424	906	1001	1857	1849	1953	2240	1485	5511	1321	1310	1472	1689	1576	1570	2600	2077	1590	2019	2995	1829	1505	1683	1723	1240	958	1261	1190	889	1764	1975	1660	1859	1623	1789	2775	1197	1252	1316	1425	1308	1615	1867	2030	1947	2511	2611	1554	650	376	657	599	412	258	196	484	323	571	446	299	275	469	152	130	251	281	204	85	367	251	187	177	308	339	432	230	171	609	293	345	260	608	334	423	406	161	286	314	317	624	332	311	326	304	415	349	328	289	73	188	93	935	910	1085	485	88	118	154	116	274	430	499	367	157	428	324	382	694	296	320	393	321	460	608	191	474	988	605	390	476	315	408	537	466	327	522	762	748	349	322	712	1023	2075	1620	682	692	1505	688	956	1046	1501	2810	2899	729	1115	517	414	276	287	263	241	489	356	560	398	1404	1360	1799	975	976	745	1128	2250	1885	1761	1779	2130	595	276	287	220	391	260	130	693	430	175	116	116	87	71	66	113	144	90	84	100	93	76	63	431	1019	1022	301	72	328	483	221	250	482	486	839	585	443	403	277	642	351	292	566	1183	579	727	444	351	313	414	210	283	397	688	318	274	498	478	3257	57	7091	117	138	133	118	276	125	220	96	241	1804	165	76	96	136	137	194	86	236	148	235	374	108	328	171	270	180	511	305	455	406	812	1100	1177	1034	1030	1094	560	381	455	545	380	271	640	348	252	608	369	469	304	236	491	381	818	912	815	1120	1790	974	1153	553	548	465	805	768	790	1187	1897	898	998	1494	2970	2563	1587	1467	1613	1063	882	1934	3149	2406	4534	5092	1864	1420	1888	2208	1820	1706	921	1001	683
43	171	149	183	153	166	174	114	17	20	9	24	6	110	78	39	128	107	68	139	193	109	167	217	79	107	132	178	32	139	154	156	160	166	177	152	240	53	91	57	76	59	80	79	76	145	23	37	33	17	7	10	21	9	7	47	53	27	20	4	3	6	10	2	70	105	1170	1179	1110	915	1322	999	1148	8466	10816	4776	677	536	628	341	518	351	564	462	359	322	374	11	28	73	82	28	39	122	28	52	20	76	88	118	59	128	184	362	94	15	18	244	335	305	438	87	37	175	3890	33	19	25	34	33	79	38	7416	17	52	52	80	66	112	71	79	350	106	6	39	26	70	14	346	6603	52	15	59	156	54	79	38	91	55	103	74	86	139	92	140	86	78	14	38	6	76	63	32	39	72	67	158	172	147	214	369	203	175	61	216	177	188	196	139	111	101	182	134	176	7433	9240	366	171	101	149	91	161	139	314	167	647	84	320	151	101	142	231	49	34	36	36	340	129	66	130	271	262	198	328	601	7016	453	425	25	29	10	39	14	11	25	10	20	66	25	19	7	7	18	1	42	14	2	1	19	13	20	26	2	37	26	3	42	48	68	1	1	6	13	2	8	29	44	48	28	24	51	12	37	17	20	28	30	7	66	38	749	1429	1291	1685	1209	83	64	44	16	16	125	50	1925	18	65	40	1163	404	230	46	37	60	31	35	19	27	14	44	64	28	57	3432	8285	77	97	3299	6587	899	9393	2342	23	7134	10716	7778	11964	12	83	57	14	2	68	74	55	39	86	101	151	5122	1004	54	4	10	124	45	37	244	68	35	56	107	35	22	16	66	57	8	26	31	23	26	83	217	1357	1585	1443	1631	1036	1187	1357	780	1314	2361	1829	1304	1131	1082	36	1122	2196	2203	2727	2619	1824	1071	910	991	174	220	4	23	48	22	18	61	26	26	4	19	91	4	8	4	16	11	5	6	4	3	549	44	2	4	8	11	4	14	39	3	1	1	2	6	11	24	42	35	87	53	94	182	82	81	110	77	46	63	81	1	25	25	2	5	13	6	1	8	6	7	2	5	0	2	4	1	1	1	0	5	2	1	3	19	129	85	100	142	2	71	49	41	3345	6	13	4	37	18	19	16	21	27	14	13	9	49	4	40	23	61	5	17	24	6	6	26	65	161	73	64	29	65	319	61	102	56	16	3	6	15	4	3	6	99	0	2	5	14	15	10	4	19	13	1	181	399	84	518	32	13	2	5	1	4	3	12	4	17	7	3	2	2	1	14	35	15	3	1	10	3	3	9	7	2	3	8	3	2	17	12	7	7	3	9	4	12	10	3	55	76	19	1836	3727	12288	13712	6470	28	1	4	3	14	3	11	9	3	3	2	6	3	16	6	87	412	540	784	617	788	570	1196	126	4	10	3	76	3	14	26	28	30	63	241	563	5	2	1	13	1	25	13	12	2	10	17	183	98	143	112	134	145	88	7	24	23	24	46	5	31	19	7	1	14	3	15	8	1	2	21	15	30	27	2	6	1320	1248	3298	1401	55	252	136	113	92	122	45	76	50	165	181	61	76	50	25	83	84	50	321	225	156	23	123	146	21	55	98	93
0	0	0	0	0	12	0	0	0	0	0	10	1	0	2	0	0	1	0	0	0	0	0	14	0	0	2	0	0	0	0	2	0	0	0	0	0	0	0	0	0	0	0	0	0	0	2	0	0	0	0	1	0	0	0	0	0	0	1	0	0	0	12	0	1	42	14	12	1	22	11	12	5	0	1	138	118	131	133	173	142	120	133	33	77	11	11	33	2	18	1	12	9	2	0	0	0	0	0	0	16	0	0	0	0	0	0	0	0	0	0	1	0	0	0	0	0	0	0	0	1	0	0	0	0	0	2	0	0	0	0	1	0	0	0	0	0	2	0	0	0	1	0	0	0	1	0	0	0	0	0	0	0	0	0	0	0	0	0	10	2	0	17	2	23	0	13	0	1	23	15	12	1	11	11	6	12	13	1	35	11	6	11	1	24	16	0	1	12	10	11	2	0	3	1	0	0	0	2	2	0	9	2	25	28	0	26	5	0	3	4	15	24	10	3	12	1	4	3	1	1	0	2	1	4	0	1	2	2	4	3	4	54	46	0	0	0	0	0	0	1	1	0	0	0	0	0	1	0	0	3	0	0	0	0	0	0	2	0	0	0	0	0	21	0	0	13	8	46	11	11	10	1	13	2	12	12	1	23	1	0	13	0	12	12	11	12	11	12	35	49	0	23	11	12	1	33	0	23	2	12	11	13	23	11	0	21	0	1	0	0	1	2	1	1	11	1	2	23	0	0	12	1	12	11	11	11	25	11	11	24	23	1	12	1	0	0	1	0	12	0	13	23	1	1	2	34	33	1	11	0	0	0	1	12	1	13	0	23	33	63	5	15	5	1	0	0	25	0	1	0	0	11	0	0	21	10	0	43	0	0	1	1	0	0	2	0	0	1	4	0	0	0	0	0	0	0	0	0	0	1	0	0	0	0	0	0	0	2	0	0	2	0	0	0	0	0	0	0	0	0	0	0	0	0	0	0	0	0	0	0	0	0	0	0	0	0	0	0	0	0	1	0	0	0	1	0	1	0	0	0	0	0	0	0	0	0	0	0	23	0	0	0	0	0	0	0	0	0	0	0	0	0	0	0	0	0	0	0	0	0	0	0	0	1	0	0	1	0	1	0	0	0	0	0	0	0	1	0	0	0	0	0	1	0	6	0	0	0	0	0	0	0	1	0	0	0	0	0	0	0	0	0	0	0	0	0	0	0	0	0	0	0	0	0	0	0	0	0	0	0	0	0	0	0	0	0	0	0	0	0	2	0	0	0	0	0	1	0	0	0	0	0	0	0	0	0	0	0	0	0	0	0	1	0	0	0	0	0	0	1	0	0	42	0	0	0	0	0	1	0	0	0	1	0	1	0	1	0	0	0	0	1	0	1	0	0	0	0	0	0	0	0	0	0	0	0	1	1	0	0	0	0	1	0	0	0	1	0	0	0	10	0	0	0	24	0	21	1	1	23	1	4	33	12	1	27	22	3	21	12	0	12	1	13	13	2	31	2	13	56	11	26	11	25	0	12	11	52	32	15	28
2651	2573	2092	1940	1617	1807	1903	817	730	476	33	26	100	39	272	221	269	341	232	404	255	182	362	36	2	27	29	7	28	36	25	48	226	41	13	124	1	443	254	107	3	49	37	61	34	82	13	45	34	10	44	281	3	2	2	3	2	3	3	12	130	171	143	177	363	543	462	231	291	441	374	405	204	338	83	127	53	123	144	117	252	274	348	482	618	938	780	1294	1063	1032	1257	730	850	984	875	859	648	103	48	71	21	112	98	124	112	20	4	140	4	74	39	121	66	5	87	171	3332	13	65	75	1	3	3	133	5	85	3	34	1	38	104	2	5	3	4	26	21	17	65	18	2	3	92	18	71	5	1	2	2	3	3	39	102	65	96	48	122	175	117	20	30	6	43	101	48	15	60	46	68	89	171	76	156	190	480	767	426	412	295	163	303	409	300	293	367	336	269	76	156	166	172	59	240	279	173	158	73	77	124	221	35	425	2208	1172	944	1239	1582	1346	1403	1409	1496	2358	1903	1551	1737	1947	1624	2159	2143	1632	1524	1569	1324	1436	1745	1780	1707	1646	1440	1064	773	345	18	16	1	3	60	1	1	14	4	5	267	9	2	3	13	3	15	1	2	49	17	17	321	303	308	301	315	431	744	5656	4187	238	370	82	151	386	390	499	396	372	383	442	398	50	98	163	252	188	539	272	54	29	198	115	241	104	17	128	31	9	194	87	7	74	3	75	5	15	2	29	360	316	356	354	770	589	1118	971	1083	2702	2417	3938	1658	480	491	578	1241	1463	1422	1491	1260	1083	1656	1342	1247	1066	1288	1247	588	224	169	144	76	327	91	205	199	230	363	209	473	374	294	530	937	493	564	646	841	659	826	820	761	407	256	457	498	642	689	426	531	678	970	703	598	545	395	692	316	605	137	195	334	300	391	460	211	32	73	72	39	1	18	4	61	27	114	275	139	347	245	242	287	188	409	248	243	250	231	323	238	427	2302	3978	5244	4958	875	317	284	338	172	231	262	309	266	176	252	238	191	251	289	237	288	210	272	213	297	163	312	253	201	122	314	219	179	167	250	441	339	291	312	230	277	142	187	188	322	348	228	230	245	13	106	310	256	152	174	224	273	175	258	303	232	281	200	307	125	204	275	217	209	159	257	115	75	281	143	282	197	232	225	307	235	301	151	245	293	442	437	268	205	303	240	227	211	306	355	217	232	331	363	338	308	230	259	304	223	183	337	269	236	297	232	205	203	210	264	217	312	272	216	303	191	354	291	347	252	279	255	161	223	244	239	166	186	194	203	280	221	226	286	110	233	211	259	249	112	233	228	235	184	363	421	347	253	628	245	318	182	313	342	349	250	244	290	312	301	277	318	349	289	220	207	204	222	258	246	261	229	225	287	274	262	239	296	439	205	393	232	114	154	303	568	299	360	371	409	281	329	341	269	218	238	293	438	420	407	542	332	769	450	456	384	330	495	502	352	370	334	378	410	375	349	400	386	440	301	372	280	421	305	354	445	271	258	52	166	276	418	277	182	216	97	174	143	70	506	459	318	253	111	455	260	369	288	898	193	335	186	237	45	161	323	310	322	305	69	261	307	350
55	73	5	3	0	36	3	3	57	0	3	1	0	0	3	0	0	19	24	0	0	0	25	0	0	1	0	0	1	2	0	0	1	1	0	0	1	1	1	2	0	2	1	0	0	0	0	1	0	1	0	9	0	0	1	0	0	12	0	1	0	12	132	120	87	81	61	84	0	2	0	0	0	18	0	0	0	73	36	36	21	7	147	17	0	13	3	1	105	9	14	37	65	51	42	42	7	20	13	16	92	10	1	1	0	0	81	0	40	34	8	0	1	0	0	5	3	1	0	0	58	13	1	4	0	1	4	5	1	31	56	0	0	2	0	10	12	1	0	0	3	0	0	3	0	29	53	31	5	21	11	1	2	0	4	11	17	1	0	36	24	1	27	397	1490	1437	103	146	80	40	94	86	147	94	43	167	207	179	210	109	92	97	6	14	2	2	12	27	2	1	25	6	102	172	106	11	5	0	0	0	29	156	121	127	0	0	1	1	1	12	3712	690	1	54	201	246	209	223	210	2	0	30	53	1	0	1	95	114	2	14	100	57	1	1	0	1	23	0	7	0	16	16	0	0	0	0	31	21	51	0	0	1	0	25	0	17	12	0	20	0	0	1	60	12	300	12	174	23	16	3	2	13	16	3	130	25	0	49	75	1	3	0	24	0	5	4	1	0	56	3	1	25	1	74	205	280	216	205	1754	125	6	1	0	4	0	1	20	24	24	0	4	23	36	48	46	19	5	4	6	7	3	1	5	8	4	4	7	3	2	2	3	5	7	1	1	1	0	4	3	0	1	1	5	1	8	1	1	4	2	14	54	76	1055	1815	27	3	23	1	2	0	25	8664	6156	37	1	3	1	30	86	4	27	55	73	109	90	172	2	17	1	1	2	4	0	1	3	0	0	4	5	17	11	23	21	97	25	83	12	33	87	1	0	2	0	1	2	0	11	0	0	1	0	1	4	1	0	2531	7358	92	42	1	0	0	1	0	112	40	10	0	11	17	9	9	0	9	0	0	0	1	0	0	1	1	0	2	13	1	0	5	2	80	1	46	1	2	1	1	1	1	8	1	415	0	1862	3722	1	14	0	11	44	2	14	13	13	3	1	41	2	0	0	13	0	1	1	2	30	198	128	75	96	150	54	72	45	31	36	0	63	31	34	73	27	52	31	40	5606	184	50	55	15	34	57	9	34	82	27	110	7487	938	60	46	9	34	63	51	26	43	60	54	26	35	43	63	17	77	21	76	113	41	68	63	44	56	48	79	26	56	46	34	39	52	34	55	82	41	105	41	31	130	34	48	53	0	0	1	0	9	0	3	1	2621	3142	0	1	12	0	6	1	12	1	0	12	0	0	3	16	16	1	1	0	5	0	0	372	96	6	5	24	0	0	0	0	0	1	5023	12449	1	0	0	1	0	0	0	0	0	0	0	0	0	0	0	1	1	0	1	0	0	0	0	1	0	0	0	0	0	1	0	0	0	51	0	0	1	24	0	15	39	1	435	127	355	10	52	13	13	0	14	2	3	14	3	2	0	26	29	10	132	79	13	91	115	76	124
452	247	239	5310	6020	6562	3844	645	2016	1725	443	268	629	1908	357	766	383	378	278	177	401	303	432	434	281	179	312	252	270	6367	723	113	144	166	109	133	268	424	154	438	202	289	190	464	281	311	150	414	306	503	152	427	207	20657	47536	4946	4330	3550	3073	1919	3108	3962	3295	13727	4128	14288	3608	14067	19873	12069	11830	14128	15338	12743	10010	8888	10100	13017	14937	21016	11217	9646	9530	12233	11676	10373	11099	1017	6307	13288	12997	35623	26105	24693	10405	10079	34279	20758	3391	173	109	158	342	3742	554	493	752	420	749	805	565	724	705	3948	693	302	204	424	361	450	734	651	970	581	600	447	621	537	17167	22320	283	71	129	93	68	110	57	51	70	74	55	101	19	31	24	35	102	60	46	69	64	115	77	71	140	309	233	232	9315	9873	5140	2682	250	245	370	325	249	5470	9809	11959	4917	4687	193	8077	198	593	276	110	115	165	3972	15066	1874	5772	2788	3808	255	185	198	243	3458	247	167	1945	7914	4839	34896	1271	2599	368	1057	1821	2633	2915	38083	194	709	318	323	213	139	178	320	361	289	428	491	500	345	294	331	374	294	505	504	343	453	415	965	461	386	358	370	318	332	314	350	353	422	284	888	2854	517	480	427	307	475	594	348	543	805	862	4883	2361	692	3445	1981	3179	4019	4541	4773	883	460	849	1360	1122	10075	685	2327	2105	1707	1022	557	20914	24172	1567	4004	1049	166	196	3004	790	554	285	28200	19480	2462	173	387	159	166	202	181	248	365	429	349	246	391	301	371	805	677	804	982	1052	750	571	718	731	808	1306	696	616	565	298	223	256	231	535	2850	501	372	96	118	118	173	158	79	95	42	133	91	45	54	66	128	45	81	92	100	206	261	129	207	147	93	100	141	117	107	125	139	166	3502	1766	262	184	191	245	363	370	361	369	1895	3347	2572	2466	2208	1412	67	119	435	267	485	546	546	659	425	587	563	538	272	116	98	262	119	51	58	108	81	119	124	139	313	117	154	159	164	182	186	246	92	201	319	353	117	88	105	48	312	151	154	97	112	212	135	124	132	104	122	107	122	3277	155	108	50	48	1025	1390	3472	4831	4585	4772	4536	100	12	68	54	87	106	63	63	122	40	53	45	62	25	70	61	55	88	235	139	104	190	194	38	69	68	115	117	205	353	516	119	151	139	128	159	302	787	297	349	423	425	372	386	446	375	399	248	240	377	316	408	26812	587	539	335	373	1897	184	460	385	213	201	254	208	198	134	158	366	365	168	119	155	138	739	113	194	16761	1018	172	381	167	104	214	239	181	309	145	142	192	1467	198	229	231	272	126	209	235	210	148	41	28	11	63	47	37	129	267	27	24	12	50	12	16	49	41	59	79	49	58	24	49	37	44	35	53	101	57	14	64	51	55	2135	247	47	114	88	110	61	52	299	143	90	126	164	72	165	117	106	119	93	118	102	98	117	233	96	185	450	2360	413	706	708	2556	2238	1172	1626	2002	3788	3400	3452	2031	2128	1835	1714	1736	1148	837	773	543	764	1221	824	813	810	925	1034	689	873	664	601	794	340	510	830	1776	477	387	332	533	390	356	1060	1065	96	220	1372	1327	835	196	1067	1225	890	466	592	6322	892	787	6009	9068	840	1214	948	755	667	2016	914	573	872	1439	710	1181	455	522	436	213	140
197	142	164	508	562	468	466	404	223	222	98	77	376	95	561	86	12	36	15	41	34	46	6	84	6	67	65	2060	1618	165	31	45	19	1624	59	50	13	75	23	18	21	44	17	70	21	93	20	83	20	80	5	12	16	42	15	42	30	58	63	103	13	72	23	434	83	100	323	101	257	222	464	754	165	3192	3659	3581	4338	3984	4001	1354	428	255	414	165	225	451	401	200	520	404	616	448	505	403	467	325	333	452	482	444	461	503	548	487	338	631	773	727	691	801	707	798	657	635	374	505	270	353	307	120	92	121	106	624	86	70	122	343	62	2166	1097	52	42	54	47	145	24	85	44	50	88	36	33	102	96	95	21	94	61	91	18	91	57	98	99	84	37	79	34	62	418	155	112	164	281	588	200	246	124	1766	2289	272	1397	218	245	298	146	368	308	222	311	270	361	622	310	336	163	0	0	151	336	398	423	147	99	347	38	113	94	100	184	316	301	288	470	153	131	216	260	1469	3435	159	117	40	21	66	17	76	131	611	39	261	120	76	436	2097	1105	57	69	150	30	26	26	48	56	83	14	55	62	100	32	64	75	147	64	94	75	55	76	64	12	86	32	101	25	113	434	113	1248	2309	75	51	146	68	113	145	336	369	609	174	193	259	111	81	105	195	56	117	330	315	1266	1653	969	1662	1764	1495	1266	1338	1399	745	589	540	1061	1358	1152	760	595	496	653	639	707	593	310	514	443	497	398	514	650	606	260	542	429	498	346	2208	2426	752	518	221	132	2160	78	77	151	212	84	220	151	82	2	52	33	60	77	60	18	16	2	93	2	71	1	12	1	52	34	33	16	120	334	373	227	407	100	449	229	695	1281	182	103	548	2257	1108	861	753	1269	1830	2018	1788	2098	3095	5150	3321	4202	5133	3690	3387	2759	2796	3486	3383	4106	4454	4271	3890	3827	4302	3934	2343	1469	1573	1599	1315	1113	843	934	1218	997	1269	1083	1472	1291	1318	996	984	613	422	216	1069	1124	2597	1005	1103	965	1062	937	2771	1192	1508	1922	1985	1303	976	1169	988	4	22	32	13	11	41	0	42	18	25	1	89	118	248	64	45	26	65	89	112	60	51	8	101	7	57	4	55	1	26	119	121	52	24	5	97	2	48	3	144	7	38	10	60	221	822	638	940	1069	643	549	771	968	675	579	1356	2411	1516	1476	1646	1649	947	677	917	725	856	942	1210	2152	3481	3415	3496	3663	1780	1114	1178	697	1352	1848	3198	3294	3579	3069	3453	2779	3262	2733	4719	3380	2973	2978	2929	3159	2632	2096	2664	2318	1514	1770	1673	1731	1357	1252	1174	1194	1374	1463	1499	1410	1178	24	43	0	19	5	90	1	49	32	98	11	52	1	28	15	68	7	71	6	115	10	45	1708	2368	1821	2410	2086	2376	1230	1380	1490	1392	1107	719	878	1322	1218	1231	782	1149	1216	1200	421	302	20	16	14	56	2	38	27	27	18	60	3	42	46	68	12	190	46	64	19	86	11	36	5	426	26	37	1	57	6	1489	10	30	3	15	4	2	34	60	11	44	7	21	52	31	14	29	7	48	49	53	4	55	8	72	15	32	15	271	483	114	47	94	137	78	94	217	128	297	196	232	292	322	102	235	308	243	270	322	243	233	342	205	378	221	317	395	304	335	270	273	433	314
113	73	137	162	118	43	27	53	12	14	26	97	82	180	126	136	145	103	6	22	220	137	137	50	74	45	99	382	112	170	115	230	110	106	237	149	93	159	236	345	269	189	110	12	101	26	142	23	68	85	163	116	186	149	175	153	202	124	163	26	2	41	24	5	110	324	331	256	144	230	449	321	332	338	282	914	495	709	282	1796	5229	2502	1848	403	362	287	1420	1587	1475	410	234	109	130	295	549	470	436	584	114	25	55	249	394	231	387	624	540	423	296	245	446	489	473	328	479	407	198	190	307	309	337	837	973	1137	1251	713	20	34	16	38	12	10	29	50	10	27	35	15	25	30	37	110	44	67	32	62	24	20	24	21	49	427	367	129	50	19	79	20	11	30	11	21	5	56	36	70	147	123	687	256	169	215	182	275	625	2330	2257	230	193	559	185	532	320	433	86	113	459	237	182	221	291	980	80	268	143	136	317	117	511	655	289	385	387	438	244	109	61	192	30	43	82	34	115	54	99	595	947	876	987	436	10	5	43	162	285	368	305	380	277	329	85	74	108	45	70	82	69	60	94	54	126	96	155	70	161	63	82	45	86	99	65	61	41	28	55	893	123	239	83	24	8	106	296	488	654	617	424	392	583	348	711	869	2528	1110	531	896	1041	953	1045	994	983	2292	710	1869	1241	302	284	1456	6752	7299	299	463	431	370	423	521	541	520	358	307	304	438	482	612	548	688	676	667	532	462	738	694	4830	5258	1388	331	315	186	98	70	221	59	151	650	1419	1288	646	161	229	156	252	170	132	96	172	126	176	218	179	200	73	187	272	246	181	175	242	180	108	60	102	210	260	383	388	478	126	220	1829	4801	275	178	199	255	335	252	467	224	286	496	5489	367	208	401	217	435	283	252	227	374	417	323	357	279	328	379	304	225	71	221	188	231	405	544	444	238	262	598	387	320	393	183	257	289	173	318	159	1218	663	152	74	78	78	32	1	34	27	19	15	159	25	1	1	1	33	101	27	4	2	2	22	3	45	83	36	1	17	0	13	13	28	33	30	24	60	68	64	25	146	113	17	82	106	42	45	88	58	93	84	58	261	26	4	1	221	53	64	6	7	27	4	8	8	29	13	1	32	62	32	13	23	3	20	69	35	25	54	33	19	29	119	50	69	53	74	99	79	418	231	136	5	1	4	7	19	12	31	38	4	682	755	27	369	22	8	10	4	5	6	18	4	6	2	27	28	40	35	6	7	5	6	8	17	10	18	4	7	30	81	7	9	10	9	33	31	11	40	8	9	9	46	21	10	10	101	44	99	17	18	6	4	0	0	14	15	4	20	26	39	5	1	2	5	4	1	4	7	3	107	97	175	20	7	202	376	234	12	16	3	1	39	2	69	6	9	14	25	132	66	14	8	99	181	48	3	1061	1418	1653	1505	1268	1693	1754	1891	1437	1551	1359	1574	1674	1738	1414	1212	37	71	34	84	74	101	26	111	10	25	49	1094	1644	1533	1506	1556	1452	1388	731	356	277	293	60	65	423	781	216	1136	441	74	199	133	423	502	1519	829	499	169	243	241	400	2625	2026	808	81	1666	1155	1316	1577	757	23
9590	9109	9519	6724	4551	3895	5706	5447	6770	4193	4001	4529	4421	6401	4953	3935	3362	3546	4095	3832	5477	4953	5735	3432	3693	4020	3350	3105	3632	3287	3500	2961	3133	3186	3861	3800	3878	3695	4097	3748	3312	2949	2636	3041	2865	2890	1406	163	30	94	49	344	182	110	216	262	181	1019	1261	1218	646	389	520	733	233	217	151	105	168	2110	3963	344	4919	12020	3244	2476	4720	1511	2949	3845	3323	2717	3184	5225	3460	3119	3530	3644	3785	3303	1383	557	7070	8887	20169	13520	13105	10992	3349	3074	3170	3024	5576	13021	12909	12427	10006	3363	3160	3114	3422	3470	3186	3347	4413	3367	3459	3322	3943	8829	3009	3017	3605	3378	3085	3167	2937	3635	3045	3157	5122	826	165	88	170	250	76	141	923	157	216	338	145	228	117	187	128	175	98	84	75	176	124	171	136	210	175	168	323	676	2807	5942	5229	2711	2188	6334	684	581	1887	2183	393	386	388	163	895	663	702	1310	871	305	3334	3530	3603	3304	3408	4492	2228	1400	1414	1835	1723	165	256	243	822	1377	154	280	279	373	237	642	398	316	248	315	319	251	338	398	361	5094	343	262	216	199	159	283	198	217	168	1807	4204	1540	2506	642	293	615	207	181	222	262	308	161	101	784	342	833	1035	603	145	104	284	171	251	281	299	296	229	210	175	93	3263	8636	4367	270	134	284	404	357	1112	3278	2607	2486	1420	139	619	275	540	516	1228	1511	542	483	329	315	968	693	1290	1776	2316	2525	2240	2327	2624	2017	1482	1578	4502	1278	902	2025	2569	575	503	3811	2928	285	470	330	768	745	5423	7446	2810	4431	1467	524	527	692	3766	471	419	454	289	3112	3179	3108	2582	2695	888	265	296	358	231	464	898	618	359	257	223	490	303	297	262	152	132	56	127	124	154	159	3292	154	17	156	44	116	237	250	403	287	977	755	1094	822	2385	5236	1125	690	950	831	863	2778	2675	2654	1718	3003	485	989	2139	946	413	409	284	190	305	306	208	114	14827	227	559	207	1362	1180	541	180	390	1052	1434	475	567	653	1848	375	6900	362	408	2193	220	214	342	272	114	137	100	58	160	935	268	168	339	441	1759	1337	1682	1409	1560	2260	1403	1497	1504	2880	1547	1380	1463	1494	1779	1607	1315	110	116	67	63	50	46	45	24	35	53	55	45	91	19	96	76	38	81	104	28	911	1394	1589	1493	1702	4837	3826	85	41	17	280	2120	2114	181	426	329	6157	290	422	226	199	268	238	257	187	248	1936	2477	1171	205	213	252	611	568	519	346	433	449	429	956	598	298	2161	2666	643	1309	1067	1064	2665	2281	1074	582	641	1018	593	478	576	916	483	758	471	627	530	619	420	457	373	546	479	626	2644	431	454	390	391	487	329	435	273	672	475	256	286	276	264	378	298	355	390	379	374	452	456	375	454	317	309	555	394	491	377	546	853	748	810	2551	3762	2596	1430	1610	1428	1233	1567	3728	1679	1634	1065	1284	1757	2749	2053	1087	1181	1247	1273	1606	1147	1096	759	921	920	641	768	980	1194	2140	6998	6672	2757	484	563	584	567	3815	152	230	319	748	3257	4842	1676	178	127	98	123	46	184	300	899	5336	540	439	194	1216	2672	48	10	82	72	45	47	65	23	118	82	23	30	21	59	89	37	1419	6305	84	4730	921	445	210	115	443	306	326	159	292	685	3014	193	402	1213	381	341	249	183	391	434	679	1433	1352	601	1992	1378	3466	476	2200	2424	3715	3590	268	246	246	398
5489	401	113	30	80	127	90	44	150	402	1608	5549	1204	41	24	111	86	4471	1677	122	33	97	158	179	79	74	172	49	685	658	3149	1359	899	871	450	199	44	10	40	68	99	23	23	68	71	82	45	97	27	18	25	50	6	26	19	624	67	65	15	49	27	23	33	145	180	18	66	173	356	164	665	1152	136	95	74	51	109	183	149	118	311	2380	151	233	142	135	87	2170	3061	417	255	429	1571	3653	1449	1682	1430	1459	670	185	263	591	479	546	358	427	398	1776	377	347	285	179	145	87	57	111	59	99	64	104	90	104	139	579	7052	401	279	308	240	77	131	151	84	132	101	138	199	177	162	167	84	48	30	44	424	50	11	9	36	49	45	287	200	86	64	119	166	101	62	163	258	123	152	227	159	46	113	623	124	45	67	82	93	5666	1117	223	434	226	119	145	3452	451	815	506	713	4962	593	146	343	372	6622	6679	508	346	308	1245	9579	14060	1845	312	1129	272	29	163	31	24	80	39	46	32	19	4	86	170	269	651	580	629	344	388	455	441	489	400	374	306	385	514	374	288	163	12	19	6	33	37	140	83	78	110	74	44	4	2	6	4	3	3	24	4	7	59	44	176	139	17	566	12	34	114	94	100	2923	3831	3652	3207	400	211	369	88	90	680	3313	3170	3114	4252	3511	2909	494	3689	759	244	235	96	90	1346	1493	471	84	183	117	25	139	185	171	254	98	98	47	141	94	355	1480	26	36	754	19	90	58	31	300	104	288	27	23	12	377	206	203	578	167	155	326	225	251	52	215	337	314	195	77	79	222	107	105	76	211	96	75	117	179	71	124	327	21	44	54	7	207	354	42	19	35	333	45	57	4855	3259	62	351	211	731	731	204	2172	2788	640	2852	3540	2568	1559	498	77	49	117	572	600	342	198	346	341	198	105	541	160	153	6318	245	108	87	100	191	211	283	99	203	317	263	165	158	225	195	77	119	552	508	123	261	249	299	156	190	331	265	77	98	110	58	86	48	1854	3407	3597	1375	201	287	134	72	96	63	67	44	74	145	78	77	15	33	31	38	149	158	148	67	91	139	117	79	294	75	44	215	97	100	132	4072	81	951	57	62	539	143	1446	113	119	224	183	141	66	86	356	1238	491	609	548	90	127	106	254	385	156	64	46	62	100	9	150	26	57	20	131	64	195	149	301	222	19184	18882	19739	19760	19345	2134	43	85	33	55	70	27	76	16	30	676	7482	120	44	121	372	210	143	94	18	8	12	6	1	2	9	2	3	28	14	27	13	1	3	5	2	3	5	3	3	0	2	1	27	2	5	195	376	88	316	425	14	16	3	2	3	11	177	4	8	4	12	4	11	112	120	2	16	10	10	5	6	6	17	17	4	14	3	56	61	5	82	8	95	320	163	21	10	598	15	4	28	30	43	4912	3303	19	76	129	16	33	123	1482	2692	93	19	18	7	17	19	4	104	18	7	31	2	6	4	2	4	5	16	6	16	4	2	13	54	3	3	201	28	3	3	5	3	14	10	19	579	50	33	79	72	284	78	2006	794	680	474	1433	627	579	827	614	1036	369	285	103	90	76	298	261	1315	1238	285	204	758	55	66	230
2	0	12	0	0	0	0	1	0	16	3	0	0	0	0	0	0	0	1	1	0	0	0	0	2	0	0	1	2	0	1	1	0	1	0	0	0	1	0	1	1	0	0	1	0	0	0	0	1	0	0	0	0	0	0	0	0	0	0	0	0	0	1	0	0	0	1	0	0	0	0	0	1	0	12	0	1	169	147	0	0	1	221	67	0	12	14	1	34	11	1	0	0	0	0	34	0	1	0	1	0	1	0	11	33	10	1	0	1	3	1	4	11	17	9	10	10	10	14	8	10	10	35	7	1	0	0	0	0	1	0	0	1	0	0	0	0	0	0	0	0	0	0	0	0	0	0	0	0	0	0	0	1	24	1	0	1	0	0	0	0	0	172	1	12	0	0	0	1	0	0	1	0	12	1	0	2	3	74	0	13	0	35	2	0	0	1	0	1	0	0	0	2	0	0	0	0	2	0	0	1	0	0	1	0	1	13	0	3	0	1	0	1	1	1	0	0	0	0	0	0	10	0	0	1	0	0	0	0	0	0	0	0	0	0	0	0	0	0	0	1	1	0	0	0	0	0	0	0	1	1	1	0	0	0	0	0	2	5	0	2	3	0	0	0	0	1	1	13	26	0	2	0	0	0	69	24	0	0	0	1	3	5	1	12	8	0	0	25	3	3	0	0	0	2	0	0	0	0	0	0	0	2	0	0	0	0	0	1	0	0	0	0	0	0	8	0	1	0	0	0	1	0	3	0	1	0	0	0	13	0	0	0	0	0	0	1	0	0	0	0	0	0	0	1	1	0	0	1	0	0	0	0	0	0	4	8	0	3	0	1	1	0	0	0	0	1	0	0	1	22	11	0	0	1	0	0	31	0	1	10	12	1	0	0	0	1	0	23	0	0	0	0	0	1	0	2	0	0	0	0	0	0	0	0	1	1	0	0	0	0	0	1	1	24	0	0	0	0	0	0	0	0	0	0	0	0	0	0	0	0	1	0	0	0	0	1	2	0	0	0	0	3	0	0	1	0	0	0	0	0	0	1	0	0	0	0	1	0	0	0	0	0	0	5	0	0	1	0	0	0	0	2	1	0	0	0	1	2	0	0	0	0	1	0	0	0	0	1	1	0	0	1	0	0	0	1	0	0	0	4	1	0	0	0	0	0	0	0	0	1	2	0	0	1	0	0	0	8	0	2	0	0	1	2	0	1	0	0	0	0	0	0	0	0	0	0	0	1	1	0	1	1	1	0	1	0	0	0	0	0	0	0	0	0	0	1	0	0	0	0	1	1	0	1	1	0	0	3	0	1	12	1	0	0	0	0	0	1	1	0	1	1	1	0	0	0	0	0	1	0	0	0	0	0	0	2	0	0	1	0	0	0	1	0	0	0	0	0	1	0	0	1	0	0	0	0	0	0	0	0	0	1	0	0	0	1	0	0	0	0	3	1	0	1	1	0	1	2	0	0	1	0	0	35	11	0	0	1	24	0	2	0	0	0	4	35	28	8	60	13	2	0	1	0	0	13	0	1	0	13	12
0	0	0	0	0	0	0	0	0	0	0	0	0	0	0	0	0	0	0	0	0	0	0	0	0	0	0	0	0	0	0	0	0	0	0	0	0	0	0	0	0	0	0	0	0	0	0	0	0	0	0	0	0	0	0	0	0	0	0	0	0	0	0	0	0	0	0	0	0	0	0	0	0	0	0	0	0	0	0	0	0	0	0	0	0	0	0	0	0	0	0	0	0	0	0	0	0	0	0	0	0	0	0	0	0	0	0	0	0	0	0	0	0	0	0	0	0	0	0	0	0	0	0	0	0	0	0	0	0	0	0	0	0	0	0	0	0	0	0	0	0	0	0	0	0	0	0	0	0	0	0	0	0	0	0	0	0	0	0	0	0	0	0	0	0	0	0	0	0	0	0	0	0	0	0	0	0	0	0	0	0	0	0	0	0	0	0	0	0	0	0	0	0	0	0	0	0	0	0	0	0	0	0	0	0	0	0	0	0	0	0	0	0	0	0	0	0	0	0	0	0	0	0	0	0	0	0	0	0	0	0	0	0	0	0	0	0	0	0	0	0	0	0	0	0	0	0	0	0	0	0	0	0	0	0	0	0	0	0	0	0	0	0	0	0	0	0	0	0	0	0	0	0	0	0	0	0	0	0	0	0	0	0	0	0	0	0	0	0	0	0	0	0	0	0	0	0	0	0	0	0	0	0	0	0	0	0	0	0	0	0	0	0	0	0	0	0	0	0	0	0	0	0	0	0	0	0	0	0	0	0	0	0	0	0	0	0	0	0	0	0	0	0	0	0	0	0	0	0	0	0	0	0	0	0	0	0	0	0	0	0	0	0	0	0	0	0	0	0	0	0	0	0	0	0	0	0	0	0	0	0	0	0	0	0	0	0	0	0	0	0	0	0	0	0	0	0	0	0	0	0	0	0	0	0	0	0	0	0	0	0	0	0	0	0	0	0	0	0	0	0	0	0	0	0	0	0	0	0	0	0	0	0	0	0	0	0	0	0	0	0	0	0	0	0	0	0	0	0	0	0	0	0	0	0	0	0	0	0	0	0	0	0	0	0	0	0	0	0	0	0	0	0	0	0	0	0	0	0	0	0	0	0	0	0	0	0	0	0	0	0	0	0	0	0	0	0	0	0	0	0	0	0	0	0	0	0	0	0	0	0	0	0	0	0	0	0	0	0	0	0	0	0	0	0	0	0	0	0	0	0	0	0	0	0	0	0	0	0	0	0	0	0	0	0	0	0	0	0	0	0	0	0	0	0	0	0	0	0	0	0	0	0	0	0	0	0	0	0	0	0	0	0	0	0	0	0	0	0	0	0	0	0	0	0	0	0	0	0	0	0	0	0	0	0	0	0	0	0	0	0	0	0	0	0	0	0	0	0	0	0	0	0	0	0	0	0	0	0	0	0	0	0	0	0	0	0	0	0	0	0	0	0	0	0	0	0	0	0	0	0	0	0	0	0	0	0	0	0	0	0	0	0	0	0	0	0	0	0	0	0	0	0	0	0	0	0	0	0	0	0	0
0	0	0	0	0	0	0	0	0	0	0	0	0	0	0	0	0	0	0	0	0	0	0	0	0	0	0	0	0	0	0	0	0	0	0	0	0	0	0	0	0	0	0	0	0	0	0	0	0	0	0	0	0	0	0	0	0	0	0	0	0	0	0	0	0	0	0	0	0	0	0	0	0	0	0	0	0	0	0	0	0	0	0	0	0	0	0	0	0	0	0	0	0	0	0	0	0	0	0	0	0	0	0	0	0	0	0	0	0	0	0	0	0	0	0	0	0	0	0	0	0	0	0	0	0	0	0	0	0	0	0	0	0	0	0	0	0	0	0	0	0	0	0	0	0	0	0	0	0	0	0	0	0	0	0	0	0	0	0	0	0	0	0	0	0	0	0	0	0	0	0	0	0	0	0	0	0	0	0	0	0	0	0	0	0	0	0	0	0	0	0	0	0	0	0	0	0	0	0	0	0	0	0	0	0	0	0	0	0	0	0	0	0	0	0	0	0	0	0	0	0	0	0	0	0	0	0	0	0	0	0	0	0	0	0	0	0	0	0	0	0	0	0	0	0	0	0	0	0	0	0	0	0	0	0	0	0	0	0	0	0	0	0	0	0	0	0	0	0	0	0	0	0	0	0	0	0	0	0	0	0	0	0	0	0	0	0	0	0	0	0	0	0	0	0	0	0	0	0	0	0	0	0	0	0	0	0	0	0	0	0	0	0	0	0	0	0	0	0	0	0	0	0	0	0	0	0	0	0	0	0	0	0	0	0	0	0	0	0	0	0	0	0	0	0	0	0	0	0	0	0	0	0	0	0	0	0	0	0	0	0	0	0	0	0	0	0	0	0	0	0	0	0	0	0	0	0	0	0	0	0	0	0	0	0	0	0	0	0	0	0	0	0	0	0	0	0	0	0	0	0	0	0	0	0	0	0	0	0	0	0	0	0	0	0	0	0	0	0	0	0	0	0	0	0	0	0	0	0	0	0	0	0	0	0	0	0	0	0	0	0	0	0	0	0	0	0	0	0	0	0	0	0	0	0	0	0	0	0	0	0	0	0	0	0	0	0	0	0	0	0	0	0	0	0	0	0	0	0	0	0	0	0	0	0	0	0	0	0	0	0	0	0	0	0	0	0	0	0	0	0	0	0	0	0	0	0	0	0	0	0	0	0	0	0	0	0	0	0	0	0	0	0	0	0	0	0	0	0	0	0	0	0	0	0	0	0	0	0	0	0	0	0	0	0	0	0	0	0	0	0	0	0	0	0	0	0	0	0	0	0	0	0	0	0	0	0	0	0	0	0	0	0	0	0	0	0	0	0	0	0	0	0	0	0	0	0	0	0	0	0	0	0	0	0	0	0	0	0	0	0	0	0	0	0	0	0	0	0	0	0	0	0	0	0	0	0	0	0	0	0	0	0	0	0	0	0	0	0	0	0	0	0	0	0	0	0	0	0	0	0	0	0	0	0	0	0	0	0	0	0	0	0	0	0	0	0	0	0	0	0	0	0	0	0	0	0	0	0	0	0	0
699	341	196	291	1480	88	65	44	92	1032	565	83	141	1269	1803	26	650	4887	1579	129	158	181	110	114	86	107	168	704	786	783	366	146	66	44	10	9	40	45	49	33	29	24	8	30	56	42	44	263	37	53	365	14	20	9	30	24	17	5	29	26	86	30	88	101	392	109	328	396	241	92	414	82	309	169	273	257	355	305	330	226	4363	4871	5923	3233	503	778	225	383	407	203	281	427	228	563	513	476	925	567	540	340	348	157	135	546	1090	2097	1539	1765	1543	678	27	23	141	43	185	637	501	312	223	187	56	37	6	6726	76	59	39	125	117	117	145	90	767	11	30	4	149	150	203	26	55	62	110	397	41	55	112	27	20	23	18	11	38	23	7	19	37	39	507	1786	340	241	162	104	94	200	276	342	489	165	197	3731	8409	7547	5179	2231	425	224	569	408	76	430	324	293	302	331	689	366	178	291	129	253	1078	795	733	793	143	165	140	124	27	105	237	606	161	23	22	38	62	153	599	398	68	196	148	49	40	35	56	110	32	14	7	407	205	11	4160	4355	4091	4079	4430	3759	3930	1423	31	69	44	10	28	216	23	14	18	12	13	15	51	48	64	27	10	129	46	594	22	267	1776	1103	4104	5704	2392	864	2118	1805	946	1202	311	290	470	405	901	307	275	6362	6773	2423	2772	8142	1299	7528	942	606	580	901	1060	1634	1324	643	182	166	459	908	443	707	1695	438	851	960	1048	1645	880	761	3485	1087	1356	2311	2736	1067	775	940	500	514	646	417	548	3119	2601	4500	2482	1287	439	111	39	81	401	24	25	187	964	419	2689	662	62	40	32	248	59	25	8	17	19	5	41	6	30	8	55	37	37	139	61	281	136	688	246	357	773	593	7455	527	800	637	503	189	901	1010	1469	756	1109	1841	649	545	318	170	1291	1803	3067	3491	790	2574	301	91	102	88	126	3000	3421	918	1066	627	449	247	102	661	541	1122	1237	1983	3551	2678	156	786	1385	1211	1896	8532	5162	1321	1328	1559	1185	885	839	1251	1194	2327	5868	1476	1599	1040	1353	1556	4269	5191	4230	1590	1314	974	41	24	21	764	63	16	26	71	17	2504	58	20	20	29	42	28	114	53	52	68	66	37	9	744	273	20	25	114	72	165	51	615	38	79	129	91	78	126	72	405	718	115	35	13	6	18	23	21	45	28	32	45	83	168	47	9	56	13	41	44	57	76	105	84	142	88	122	65	137	57	42	89	86	49	118	43	60	18	8	25	219	17	21	52	687	469	35	99	2649	101	112	156	87	122	197	62	99	93	59	309	52	51	144	61	10	16	14	11	29	15	28	10	15	21	67	24	30	38	15	21	21	26	21	28	27	47	44	147	31	18	48	8599	18331	2801	176	11	5	30	131	700	153	15	25	666	1024	31	157	193	15	54	47	124	90	270	102	1407	132	102	104	4711	12306	36	3529	2072	234	1012	1145	51	15	37	22	94	128	155	32	45	49	8	29	75	5687	785	104	60	35	27	47	95	1195	189	88	37	23	80	91	229	29	34	25	181	48	26	56	10	69	29	58	454	168	60	39	59	549	962	142	310	280	280	198	614	500	828	294	492	595	1508	528	305	685	614	999	1051	1022	784	855	223	266	540	426	3677	1917	230	382	204
342	150	25	18	3	2	1	2	12	25	3	1	0	34	46	2	1	1	2	0	2	0	2	34	7	17	40	12	69	93	1	28	26	40	1	13	38	52	1	1	2	0	2	2	3	1	0	4	37	3	1	100	54	86	1	27	37	16	3	1	41	46	60	37	19	3	1	35	32	42	38	25	23	61	31	58	102	79	88	37	4	2	5	2	13	96	7	2	11	42	5	2	1	2	74	14	3	12	51	191	105	209	200	173	155	158	140	143	152	80	97	91	118	133	128	167	140	49	73	5	1	1	2	1	4	2	24	33	26	4	2	18	44	21	56	5	5	6	4	1	5	4	7	4	5	8	4	5	7	10	6	6	5	17	2	5	7	4	3	3	7	6	1	1	1	1	0	1	1	10	338	48	13	46	132	340	276	145	116	74	14	0	27	25	4	1	0	0	49	1	74	50	1	519	515	3	2	6	1	4	0	1	23	0	1	1	74	1	1	0	1	1	2	0	2	1	2	0	23	1	1	3	1	38	13	0	1	7	8	1	5	0	2	0	4	1	1	1	2	3	1	1	1	12	1	2	0	3	2	2	0	0	15	289	1116	360	1	1	12	0	0	8	8	1	42	8	1	0	0	2	0	13	0	1	13	4	11	4	5	1	1	1	14	17	0	10	2	18	0	21	1	2	1	0	1	7	3	0	2	1	3	15	11	6	0	2	14	125	106	3	2	66	81	47	91	48	69	50	28	8	24	23	0	3	14	14	4	7	16	9	16	2	7	18	6	1	3	2	0	2	0	4	2	1	13	1	0	13	2	1	2	0	1	0	1	36	1	1	13	1	2	2	3	15	3	2	1	112	2	3	101	18	19	2	3	3	2	364	15	0	155	157	138	99	95	105	317	199	278	75	86	72	25	15	64	5	30	2	1	1	2	3	3	9	2	2	4	3	2	2	1	113	1	2	1	3	4	2	1	0	2	1	2	2	1	0	1	0	0	1	2	1	1	2	12	1	3	0	4	0	0	0	19	3	0	0	0	49	1	4	0	0	1	3	21	1	0	1	0	1	2	1	0	2	0	1	1	56	1	39	1	0	0	0	1	1	0	0	1	1	0	0	1	2	1	1	0	1	1	0	1	5	0	0	0	4	0	0	0	2	2	0	1	0	2	0	2	1	1	4	2	1	15	1	24	1	0	2	0	1	0	3	10	2	12	0	3	3	7	0	0	6	1	0	1	33	4	0	0	1	0	0	1	0	0	0	0	0	0	0	0	0	1	1	0	1	1	1	0	0	1	1	3	1	3	0	0	1	0	0	0	0	0	0	0	0	1	0	0	1	0	0	1	2	2	1	0	1	0	0	2	3	4	1	3	3	2	2	3	3	4	3	6	4	26	2	2	3	4	7	4	6	3	3	4	7	6	4	9	6	5	16	29	5	6	2	2	4	2	3	2	1	4	2	4	3	3	291	74	2	375	186	244	889	865	170	1	3	48	19	3	7	2	9	9	2	47	28	21	14	35	23	17	34	42	13	29	13	31	24	26	27
8408	1	1	33	1	0	24	0	0	57	0	46	0	0	0	0	0	1	0	1	0	0	1	0	0	0	1	0	0	0	0	2	77	87	81	76	78	70	1	32	1	21	10	0	0	1	0	0	0	0	0	1	0	0	0	0	0	0	2	0	3	2	4	0	1	2	0	0	0	198	1219	1007	913	1071	850	1	1	0	1	0	13	21	4	12	636	373	185	3512	17554	16266	0	14	13	0	0	0	37	6	4	2	0	13	13	9	3	1	12	12	0	12	0	0	0	1	0	0	2	12	0	0	0	0	1	1	11	81	37	77	197	1240	1606	1608	1572	419	97	93	30	1	0	46	0	0	0	0	1	0	0	0	0	0	0	0	1	0	1	1	0	0	13	694	1113	1168	1127	959	981	1196	879	968	885	954	714	2	5	0	127	1	39	42	49	38	48	70	1	14	32	47	57	36	37	3	3	2	3	0	1	0	137	84	58	1	0	0	0	0	2	0	12	0	92	0	48	0	4481	8431	0	0	0	0	1	0	0	0	0	3	645	1609	239	62	27	1	0	1	0	0	0	0	0	3	0	1	0	1	0	0	0	1	0	2	0	2	0	0	0	1	0	0	6164	6768	12	1	6868	742	8082	0	67	1	97	25	4	1	86	21	9	1	51	37	48	22	76	19	19	61	52	42	18	61	84	25	13	131	36	48	26	11	0	29	2	1	1	13	1	11	1	0	2	4	3	5	16	6	3	1	1	1	1	2	1	44	70	3	600	653	110	104	97	111	91	97	92	86	16	2	4	2	3	3	2	1	1	3	0	2	3	0	2	2	2	1	0	0	1	0	3	1	14	0	9	12	1011	4184	337	10	22	26	13	10	1	1	1	0	2	25	12	7	2	1	6	1	1	84	1	31	3	25	13	24	7	1	2	0	0	1	0	1	29	74	26	12	11	0	0	3	0	1	0	0	0	1	0	0	0	0	0	12	0	2	1	1	0	0	0	0	0	0	1	0	1	0	1	0	0	3	0	1	0	0	0	0	0	0	8	0	0	0	0	0	0	0	1	1	0	0	0	1	0	0	0	0	0	1	0	0	0	0	0	0	0	0	0	1	8	2	6	0	19	41	1	18	0	2	1	0	0	0	1	0	0	0	0	0	0	0	0	1	1	0	0	0	0	1	1	3	1	0	1	1	1	84	1	0	40	2	1	0	2	52	28	34	20	28	0	0	0	0	0	0	0	0	0	0	48	0	0	0	0	0	0	12	20	23	0	0	0	0	0	0	0	0	0	0	0	0	1	0	0	0	0	0	0	0	0	1	0	0	2	1	2	1294	0	0	0	0	0	6	5	0	0	0	0	0	0	0	1	0	0	9	0	18	22	36	11	0	0	0	1	0	0	0	0	1	0	0	0	1	75	40	1	0	0	0	0	1	0	0	0	0	0	0	0	0	0	0	0	0	0	0	0	1	29	28	14	0	0	0	0	2	0	0	0	0	1	32	0	0	6	1	26	0	68	60	0	19	97	36	40	105	23	37	19	35	2	1	27	71	1	0	205	108	1195	1121	1294	2925
0	0	0	0	0	0	0	0	0	0	0	0	0	0	0	0	0	0	0	0	0	0	0	0	0	0	0	0	0	0	0	0	0	0	0	0	0	0	0	0	0	0	0	0	0	0	0	0	0	0	0	0	0	0	0	0	0	0	0	0	0	0	0	0	0	0	0	0	0	0	0	0	0	0	0	0	0	0	0	0	0	0	0	0	0	0	0	0	0	0	0	0	0	0	0	0	0	0	0	0	0	0	0	0	0	0	0	0	0	0	0	0	0	0	0	0	0	0	0	0	0	0	0	0	0	0	0	0	0	0	0	0	0	0	0	0	0	0	0	0	0	0	0	0	0	0	0	0	0	0	0	0	0	0	0	0	0	0	0	0	0	0	0	0	0	0	0	0	0	0	0	0	0	0	0	0	0	0	0	0	0	0	0	0	0	0	0	0	0	0	0	0	0	0	0	0	0	0	0	0	0	0	0	0	0	0	0	0	0	0	0	0	0	0	0	0	0	0	0	0	0	0	0	0	0	0	0	0	0	0	0	0	0	0	0	0	0	0	0	0	0	0	0	0	0	0	0	0	0	0	0	0	0	0	0	0	0	0	0	0	0	0	0	0	0	0	0	0	0	0	0	0	0	0	0	0	0	0	0	0	0	0	0	0	0	0	0	0	0	0	0	0	0	0	0	0	0	0	0	0	0	0	0	0	0	0	0	0	0	0	0	0	0	0	0	0	0	0	0	0	0	0	0	0	0	0	0	0	0	0	0	0	0	0	0	0	0	0	0	0	0	0	0	0	0	0	0	0	0	0	0	0	0	0	0	0	0	0	0	0	0	0	0	0	0	0	0	0	0	0	0	0	0	0	0	0	0	0	0	0	0	0	0	0	0	0	0	0	0	0	0	0	0	0	0	0	0	0	0	0	0	0	0	0	0	0	0	0	0	0	0	0	0	0	0	0	0	0	0	0	0	0	0	0	0	0	0	0	0	0	0	0	0	0	0	0	0	0	0	0	0	0	0	0	0	0	0	0	0	0	0	0	0	0	0	0	0	0	0	0	0	0	0	0	0	0	0	0	0	0	0	0	0	0	0	0	0	0	0	0	0	0	0	0	0	0	0	0	0	0	0	0	0	0	0	0	0	0	0	0	0	0	0	0	0	0	20	0	0	0	0	0	0	0	0	0	0	0	0	0	0	0	0	0	0	0	0	0	0	0	0	0	0	0	0	0	0	0	0	0	0	0	0	0	0	0	0	0	0	0	0	0	0	0	0	0	0	0	0	0	0	0	0	0	0	0	0	0	0	0	0	0	0	0	0	0	0	0	0	0	0	0	0	0	0	0	0	0	0	0	0	0	0	0	0	0	0	0	0	0	0	0	0	0	0	0	0	0	0	0	0	0	0	0	0	0	0	0	0	0	0	0	0	0	0	0	0	0	0	0	0	0	0	0	0	0	0	0	0	0	0	0	0	0	0	0	0	0	0	0	0	0	0	0	0	0	0	0	0	0	0	0	0	0	0	0	0	0	0	0	0	0
32	14	7	15	3	26	4	6	37	18	23	6	25	77	38	35	94	35	141	44	111	114	88	40	251	226	251	239	111	166	100	130	196	143	140	85	132	203	64	34	86	33	70	75	32	65	123	37	21	28	4	47	17	46	77	91	53	57	8	8	8	16	69	67	8	14	49	6	29	100	19	86	45	104	56	16	73	157	17	66	105	384	354	87	184	121	82	192	159	109	117	119	125	262	487	124	105	143	43	133	109	31	24	6	40	97	98	175	202	165	69	43	105	125	136	141	132	120	71	192	36	41	28	19	368	469	351	417	434	414	58	134	94	128	107	211	141	97	160	90	77	179	168	63	54	16	6	8	4	29	44	68	18	47	7	31	39	20	6	43	37	153	132	117	132	79	60	99	267	185	246	80	83	120	66	138	32	75	63	74	121	122	139	43	115	102	145	198	49	242	100	26	108	156	189	147	261	87	18	139	49	56	111	92	224	244	516	420	311	280	266	198	227	95	252	555	285	225	253	254	218	191	50	66	20	165	42	8	5	82	53	8	19	32	5	18	41	4	105	43	27	3	28	17	137	38	85	32	66	5	27	13	15	52	63	24	39	5	31	3	68	34	95	6	117	87	91	86	599	304	392	392	351	331	378	361	282	394	203	145	152	267	316	137	382	410	430	182	288	172	161	113	247	256	185	220	187	152	155	70	231	136	332	199	341	247	194	223	241	167	263	101	301	125	150	111	7826	828	765	628	603	512	729	568	554	265	366	401	671	591	470	495	615	597	200	53	98	77	51	71	186	80	130	94	56	15	13	24	35	39	62	48	1059	1098	1169	986	893	71	69	163	581	498	76	120	42	17	24	89	80	189	69	22	42	52	77	80	336	346	64	8	10	65	73	22	25	28	4	22	39	37	30	48	175	153	122	192	110	139	81	65	43	3	3	5	6	18	17	1	6	8	6	63	2	15	34	7	919	1322	916	781	4	18	29	3	1	1	2	4	2	3	6	6	5	0	2	2	11	6	5	4	2	3	4	6	6	3	3	3	4	3	2	4	5	14	4	4	37	5	940	175	3	5	4	5	15	4	5	6	5	6	7	7	3	6	5	4	7	6	9	3	3	5	17	92	47	75	4	166	7	28	26	33	7	28	10	40	29	88	75	50	30	14	26	9	8	41	57	392	85	6	5	6	9	14	32	30	3	38	216	246	146	3	3	1	4	15	33	45	26	36	17	16	1	12	3	2	1	4	3	2	2	16	23	16	23	3	2	10	15	13	47	114	40	16	25	16	23	13	27	0	22	40	24	21	1	3	3	2	3	2	4	5	55	13	2	15	50	2	35	30	78	146	93	26	17	42	59	14	25	277	129	66	60	26	2	2	13	14	64	22	2	7	1	43	74	50	49	19	19	5	3	3	16	19	40	15	7	5	6	14	2	2	35	62	15	3	5	3	6	6	5	8	4	24	37	30	28	30	52	40	45	26	40	90	136	78	299	495	101	437	563	182	90	149	104	44	10	64	1024	517	94	88	60	81	75	178	161	70	34	63	80	57
0	0	0	0	0	0	0	0	0	0	0	0	0	0	0	0	0	0	0	0	0	0	0	0	0	0	0	0	0	0	0	0	0	0	0	0	0	0	0	0	0	0	0	0	0	0	0	0	0	0	0	0	0	0	0	0	0	0	0	0	0	0	0	0	0	0	0	0	0	0	0	0	0	0	0	0	0	0	0	0	0	0	0	0	0	0	0	0	0	0	0	0	0	0	0	0	0	0	0	0	0	0	0	0	0	0	0	0	0	0	0	0	0	0	0	0	0	0	0	0	0	0	0	0	0	0	0	0	0	0	0	0	0	0	0	0	0	0	0	0	0	0	0	0	0	0	0	0	0	0	0	0	0	0	0	0	0	0	0	0	0	0	0	0	0	0	0	0	0	0	0	0	0	0	0	0	0	0	0	0	0	0	0	0	0	0	0	0	0	0	0	0	0	0	0	0	0	0	0	0	0	0	0	0	0	0	0	0	0	0	0	0	0	0	0	0	0	0	0	0	0	0	0	0	0	0	0	0	0	0	0	0	0	0	0	0	0	0	0	0	0	0	0	0	0	0	0	0	0	0	0	0	0	0	0	0	0	0	0	0	0	0	0	0	0	0	0	0	0	0	0	0	0	0	0	0	0	0	0	0	0	0	0	0	0	0	0	0	0	0	0	0	0	0	0	0	0	0	0	0	0	0	0	0	0	0	0	0	0	0	0	0	0	0	0	0	0	0	0	0	0	0	0	0	0	0	0	0	0	0	0	0	0	0	0	0	0	0	0	0	0	0	0	0	0	0	0	0	0	0	0	0	0	0	0	0	0	0	0	0	0	0	0	0	0	0	0	0	0	0	0	0	0	0	0	0	0	0	0	0	0	0	0	0	0	0	0	0	0	0	32	47	19	60	47	183	41	160	31	9	1514	1721	0	0	0	0	0	0	0	0	0	0	0	0	0	0	0	0	0	0	0	0	0	0	0	0	0	0	0	0	0	0	0	0	0	0	0	0	0	0	0	0	0	0	0	0	0	0	0	0	0	0	0	0	0	0	0	0	0	0	0	0	0	0	0	0	0	0	0	0	0	0	0	0	0	0	0	0	0	0	0	0	0	0	0	0	0	0	0	0	0	0	0	0	0	0	0	0	0	0	0	0	0	0	0	0	0	0	0	0	0	0	0	0	0	0	0	0	0	0	0	0	0	0	0	0	0	0	0	0	0	0	0	0	0	0	0	0	0	0	0	0	0	0	0	0	0	0	0	0	0	0	0	0	0	0	0	0	0	0	0	0	0	0	0	0	0	0	0	0	0	0	0	0	0	0	0	0	0	0	0	19	53	84	269	1113	553	46	697	21	9	43	5	93	598	91	136	208	323	6046	676	53	14	42	18	740	774	1119	895	241	29	742	66	672	2775	449	103	31	49	97	47	32	30	14	45	41	2	123	26	59	40	89	90	82	109	5	0	0	0	0	0	0	0	0	0	0	0	0	0	0	0	0	0	0	0	0	0	0	0	0	0	0	0	0	0	0	0	0	0	0	0	0
0	2	1	12	0	0	1	98	0	0	0	3504	2413	5	0	15	0	0	0	0	0	0	0	0	0	1	0	12	216	13	0	0	1	12	0	12	0	0	0	0	0	0	0	1	0	0	0	12	0	0	0	0	0	0	0	0	0	0	0	0	12	0	0	0	0	1	0	62	0	85	0	0	12	0	11	0	12	10	0	12	0	1	36	13	0	0	24	74	2	96	0	12	0	2	0	24	3	0	0	0	12	3	12	13	37	0	0	0	0	0	1	0	0	1	1	0	0	0	1	132	0	0	0	0	12	0	12	24	0	11	0	1	0	1	0	12	0	0	0	12	0	0	0	31	0	0	13	15	1	0	0	0	0	0	1	13	0	0	0	12	0	0	0	1	0	12	0	108	98	12	12	13	168	11	24	36	12	0	60	36	0	0	0	73	148	16	0	13	0	46	1	96	0	0	0	12	13	0	17	1	0	0	2783	12	0	0	0	12	0	0	0	0	0	12	0	0	0	0	0	24	0	1	0	0	10	0	0	1	5	0	12	2	0	0	0	0	0	0	0	60	0	0	1	1	0	0	0	0	0	0	0	0	0	0	12	0	168	0	0	12	0	5	0	13	401	2	1	34	5	0	0	60	0	1	162	12	0	23	24	0	0	39	0	1	7	0	0	12	1	0	0	12	0	2	0	12	4	0	2	72	132	0	0	47	0	0	0	0	1	11	0	12	1	0	1	0	122	287	36	0	0	0	0	12	0	0	0	0	1	0	1	1	0	1	1	88	0	0	0	0	0	0	0	12	0	0	1	8	0	0	0	13	36	72	48	1	0	72	1	48	105	59	60	25	0	0	0	0	0	0	0	109	13	0	3	22	25	24	0	12	0	0	1	0	1	35	4	0	0	0	0	13	1	0	1	12	1	0	0	1	0	0	0	12	0	0	0	0	0	0	0	0	0	0	0	12	0	0	0	12	0	3	0	0	0	0	0	13	0	0	0	0	0	1572	0	13	0	12	0	424	0	0	0	0	0	0	0	0	0	2	0	1	0	11	0	24	0	0	0	13	0	0	0	12	0	0	0	12	0	1	0	36	0	1	0	0	0	11	0	0	0	0	180	24	0	0	31	0	0	48	0	1	1	0	0	24	1	0	0	0	1	0	0	24	1	0	0	6	0	0	24	0	0	0	0	0	0	0	0	0	0	0	12	12	0	1	0	21	0	1	1	1	0	0	0	8	0	0	0	12	0	0	12	0	49	0	4	2	0	0	0	1	0	0	0	24	0	0	1	0	1	0	0	36	0	0	0	13	0	0	0	0	36	0	0	0	0	0	0	12	1	0	1	12	1	0	0	12	24	0	0	24	0	0	0	4	0	0	0	0	49	12	1	19	0	36	24	0	0	1	12	12	1	0	0	0	0	0	1	12	0	0	0	0	0	0	0	12	0	0	0	12	0	1	0	13	0	0	0	0	34	36	46	0	0	0	23	319	0	12	180	48	0	0	0	12	0	48	0	0	5	125	12	410	0	0	1	24	1	1	0	60
871446	935499	901839	914780	869792	881566	964199	881488	921159	952425	924400	859539	884336	842897	833235	788545	869801	860208	818726	752466	790139	796642	832878	817290	777955	786759	845554	849687	820462	865587	881235	821850	935243	881543	649902	907649	926890	886740	838083	778766	836953	852892	793158	757270	711925	789162	768374	735247	696509	756815	789871	791072	762214	794252	761574	823331	828036	773854	816414	674814	745651	757815	790911	757943	732387	778385	721631	790411	836301	805926	827340	749198	768118	753577	841195	748836	779912	769194	788458	718847	796846	700056	757043	738351	779361	762596	750978	755330	748630	751978	760006	774660	847584	788543	837524	759731	787474	734548	742537	853940	749206	801895	737209	707227	711752	733714	739085	764074	703598	700128	679405	771512	786918	851869	826207	832040	808635	789405	787766	813095	792320	768222	807264	731172	696952	697710	739163	694730	720409	579972	691361	748035	755050	791034	715066	803069	854041	691689	876541	765762	769634	776974	804980	728912	739953	732020	736961	728233	799749	782247	818652	792156	773102	800859	726612	740109	747924	702262	705347	649121	721371	636069	581757	628711	759192	801356	731260	688428	678032	665099	745629	702599	793576	745685	681919	770772	806696	730825	609379	754969	810392	864650	864498	801811	889545	886993	901882	838140	783909	669751	685560	755530	639278	706561	675913	716199	703535	783188	755959	789195	731377	822622	832284	724510	686921	776569	821932	889079	893295	826358	887333	803281	782806	846553	856570	752503	901633	869423	840039	776303	884576	802464	812528	727979	915960	787686	743074	584206	762025	795588	855398	816524	670147	628758	789016	788678	758583	691532	770084	778532	790516	808657	793945	775595	744755	741438	644188	832005	754310	714065	701577	731060	797408	92962	840084	724878	447337	703030	482352	771519	817733	738253	699741	818661	889938	702626	884288	733718	816148	916837	803349	743657	804395	1201894	816097	850244	801490	834839	811833	852379	773351	876136	890604	776047	837983	777952	817291	759427	857544	763165	852806	813760	908113	705144	855913	800886	842866	765182	800266	776940	869914	703437	865964	817247	723581	814000	839210	869425	781364	785566	797671	858623	747713	767173	834208	859693	864899	725444	819966	769775	774606	783603	544377	730544	802502	686210	929159	776556	767348	766602	800522	851312	695254	919615	791911	743102	818163	818133	794206	826239	804249	810499	786446	733685	804512	739687	805957	752299	741556	779165	624293	772654	773221	844155	471538	649133	701606	697154	759127	648046	640331	651220	619441	605870	715895	579373	752265	545789	607166	452807	521136	505052	547246	593314	502534	553421	525826	486729	385210	347831	378553	404222	391639	446724	391236	435355	434063	398388	428564	477949	454295	364773	449117	441273	477220	523352	507620	521259	520829	567589	570774	562073	578909	522212	479741	469613	523397	410076	453815	448010	547281	526069	496795	506068	499004	477188	424827	430781	366375	264419	397852	462334	507710	423741	398187	370811	416606	660525	700603	684020	706815	626165	729726	768184	712213	722730	758548	749697	803434	593789	798457	682204	702741	693883	834817	728632	754790	807865	692556	693546	777608	789737	739582	812987	774800	772211	787765	831432	772381	760906	668413	820087	760406	810814	703584	880447	816602	790923	779210	815373	844709	787374	719464	840544	709485	806212	842127	723838	735811	718569	858200	839131	790773	741811	784678	761783	730812	805547	763070	813484	695747	836256	718837	860077	776564	710047	839984	855627	774773	758360	799988	789537	792715	697422	775522	812899	746300	763072	797364	767754	783218	658317	820014	614409	600714	779497	901562	822569	810321	709221	812082	786138	829830	727257	788609	768905	818342	699192	840171	790620	787026	772457	799552	791121	821299	767940	805438	856281	772186	776297	813642	747742	840793	798550	810096	783264	836616	784189	803423	803396	685027	792160	800556	785057	762182	677051	764736	741522	726852	776156	735116	703662	676049	636881	745009	768052	780182	730385	751871	679033	727950	648705	680130	815750	806785	771424	738354	743332	783805	788113	750195	829377	856094	713552	786830	750122	731740	575260	752382	740985	740459	644190	603812	727659	763377	629609	641224	736642	731907	724624	645355	714373	778790	678140	708678	722613	665661	707816	723950	533500	764440	645589	740068	764657	684656	663889	788311	592746	758443	783318	687753	727066	727644	689607	742628	695956	681834	704309	711855	670539	743890	631712	796754	765602	775763	634435	672559	681848	718984	553260	750757	796763	740793	634014	704995	712217	729607	683597	669035	350073	131888	17022	20673	22619	23931	19574	31072	22308	28834	30891	30786	27653	23251	20222	21112	27445	26976	27348	26967	21670	38992	25381
2078	873	667	557	682	712	721	666	621	652	732	331	392	448	781	555	535	394	507	451	632	921	1456	774	973	931	884	889	1127	503	471	344	204	152	305	359	98	319	370	273	416	109	425	118	138	129	108	88	203	77	110	100	51	188	170	87	114	178	96	108	110	401	430	343	309	136	452	612	529	607	1050	560	1364	1844	1942	1781	495	549	493	1619	873	539	1483	991	1484	1831	2049	1743	1462	1508	1271	883	784	1076	1258	1943	1341	679	1250	633	636	1509	582	575	968	2520	2476	494	510	941	766	941	825	681	606	686	824	951	785	456	394	680	1246	1286	468	534	521	736	395	344	493	266	326	620	463	405	376	305	460	361	283	120	260	204	365	172	129	199	169	381	230	139	102	189	312	229	331	379	506	389	562	307	654	581	2697	5462	1071	366	466	653	478	595	1076	855	959	684	653	713	975	877	795	1021	925	829	1049	920	1104	947	846	1047	1181	934	856	1868	5308	3232	3634	3033	821	825	328	482	452	504	551	807	830	707	562	757	648	784	873	751	747	319	312	493	566	358	767	383	353	303	1384	180	216	272	180	325	426	331	248	255	261	210	467	144	251	207	176	115	186	158	89	180	158	69	168	331	187	184	131	392	460	477	430	292	491	391	8663	7068	6783	6530	7035	5989	2410	8828	10191	2037	1814	2383	1796	5093	1315	7949	1080	7278	1273	3407	922	1112	8823	4301	963	3199	7319	5956	2446	7063	8289	901	674	2586	5913	1298	1015	8064	9521	3887	332	952	2269	4553	7551	7472	10789	10379	2448	761	687	231	427	486	302	215	368	337	329	290	232	120	159	136	115	418	390	308	308	137	151	206	168	129	235	83	108	241	299	74	172	287	157	152	47	81	67	93	106	347	316	258	171	230	553	361	1417	1533	1245	1044	547	463	716	1608	799	1092	2463	2165	1720	1075	797	2013	7750	7834	7856	7462	4953	653	500	1397	1125	1847	914	823	1205	1290	947	1461	1818	2080	1865	1664	336	500	1381	2030	1976	2169	2060	349	328	246	610	458	623	856	602	673	362	142	616	263	372	221	242	102	266	156	108	120	130	298	435	225	227	178	92	92	148	66	130	70	40	47	204	76	110	203	41	55	56	60	178	66	91	294	274	420	229	132	237	170	276	329	514	111	131	145	272	299	170	79	282	264	1676	3663	1550	172	1064	590	516	2573	1628	598	2103	1262	559	769	322	168	520	182	196	132	149	186	197	228	203	124	278	275	244	384	264	704	275	207	407	303	363	388	415	126	96	61	231	164	116	300	201	95	131	150	85	46	71	258	373	231	199	28	40	213	252	405	306	243	140	114	309	163	33	203	90	103	104	42	232	249	135	362	263	222	211	88	312	145	400	534	314	93	189	105	236	263	109	114	172	170	148	75	197	110	94	254	102	117	231	265	388	250	220	166	313	587	1261	1490	1001	1081	738	984	520	1241	1411	1718	1743	437	596	533	570	1836	245	144	473	159	491	481	1380	1196	454	609	669	189	168	443	213	116	272	100	173	220	104	259	459	407	183	101	167	52	132	115	82	93	112	394	402	92	68	235	83	58	40	76	77	50	86	346	330	595	378	199	461	327	846	587	774	304	330	565	1563	2033	1017	1070	1242	1016	995	605	383	435	303	492	1376	1797	459	219	235	289	463	318	539	841
11661	16552	15850	17132	14199	11392	15418	12177	14024	13006	12130	10622	9867	9398	8846	10032	11100	11504	10456	9799	11504	10121	9805	12022	7838	7367	7623	8084	7185	6679	7408	8111	7682	8378	7811	8623	9468	10558	11479	11705	10791	11130	9590	11457	7513	6819	6715	6781	8270	7330	6930	8747	9368	8710	7580	9036	8713	7256	6383	8418	6616	7191	7269	6604	8431	6568	6827	8792	7364	10743	7938	11234	9707	9161	17332	19448	12193	13570	14350	12945	11417	12858	11909	11222	12292	11348	12090	12006	12010	11150	10348	13278	13252	13465	12501	15310	13758	13310	14443	11450	14346	14861	13310	17718	16171	12817	12351	13476	14540	15947	12951	13289	12169	10281	11999	11897	10456	8912	8900	13671	10537	8841	9313	8548	8087	7913	9373	8737	9248	9572	9493	7038	6337	6873	6317	10251	8694	7378	8649	10472	5651	6747	7056	7395	6641	5717	5819	6591	6523	6114	6555	9960	10102	9141	6486	6819	6967	6160	5328	5437	5987	8360	9186	8361	8694	6194	7664	8396	8247	9559	13225	12564	13421	13426	12146	12280	10934	11152	15161	14283	12517	11720	11276	10674	11099	13573	14670	12859	13623	13085	9970	12184	14404	10864	12834	13233	16011	13860	15684	13572	12495	11290	11268	15231	10256	10175	10578	11827	11833	13432	14855	14175	13120	11441	12338	15627	10714	10202	10477	10094	10001	7977	8262	8069	9898	9325	9166	7879	7221	6565	5787	9372	10034	9328	10067	9176	9342	7866	9692	9954	10270	8148	7548	7026	6362	6726	6985	9265	7897	7443	7226	7088	6574	6821	6423	6027	6740	8342	6559	9253	9000	10972	8451	11317	10951	11964	17692	14852	11592	12987	12140	22540	14798	12369	10272	17828	7846	8902	8856	17461	11857	11482	12100	22198	11337	14244	11761	21704	12217	11516	12143	20639	12065	10757	13203	22784	13174	8491	8922	20172	12230	12362	10267	23842	17689	14556	12644	23539	13039	11529	10776	26718	15669	13323	14491	23511	13798	14440	12703	18111	10338	10057	11170	17279	9967	8007	7546	18143	10224	9562	10774	23699	11642	9516	9823	17013	8349	11370	10942	19764	9891	8751	8093	21608	10690	11195	7794	16059	8605	10081	8636	16685	9031	10269	9401	19302	8605	9087	10635	18927	10993	18749	17447	20913	13240	10977	14521	12467	23331	17658	20435	16601	22132	10975	11150	19932	12967	24696	21264	27596	16056	17477	19220	22320	14239	13012	14658	21856	13678	16214	15192	22345	14873	12597	9440	19598	9153	7224	6353	15357	9345	7321	7061	15255	7536	6883	9696	21441	11168	10688	9009	16481	6094	7728	9931	14596	8082	7497	6802	17021	8530	9073	8210	18044	9346	8397	8790	20623	9196	7465	7011	16811	8530	7462	7188	18062	9414	8854	6479	20208	7138	6546	6600	14906	5821	8115	9201	18394	8045	7231	6945	16147	7975	7493	6886	15824	7063	6747	9355	20508	7575	6696	6117	16224	8465	7454	8055	15807	7278	7544	7402	16555	8467	8257	10161	16307	8234	7950	8769	17516	10015	6230	5425	13955	5485	6629	7035	14769	5975	6293	7597	14533	6038	5872	5576	14413	4284	6351	6107	13753	4837	5896	6227	19453	6788	6277	6337	16489	7669	15063	12302	16426	5876	6766	7227	15867	7516	8638	9771	19818	10088	9112	9791	17149	8664	7679	7245	16414	7388	6155	6553	16221	10284	12502	15213	25810	13231	11199	10068	16992	5024	6014	6083	15405	9485	7808	11229	18464	10507	7415	10565	16390	7069	13446	10286	18620	9907	7238	8568	20635	8720	12630	9578	19564	17908	18056	19904	28385	18816	16854	20821	25280	16252	14621	17465	26325	15503	14083	15162	27205	16856	16327	15598	23710	15386	9542	8522	17506	8749	8952	13319	27615	15306	14815	11575	16450	9423	7077	9818	22724	10066	9316	10532	22822	17429	16625	14736	22256	14563	12402	11978	21250	12047	11796	12824	28112	18157	20613	19072	24829	12072	11396	7469	14070	5279	5965	7215	16309	5709	6326	6039	19720	6039	6180	6427	15830	7369	7815	6579	15257	7414	7891	11416	21237	10682	13732	13479	11521	11512	17510	22504	23683	12360	12912	12742	20667	12902	11704	11999	21349	15391	11243	10010	19180	12390	14401	10201	17999	14136	12311	11329	20742
94487	93313	87094	78922	79361	80241	69584	66354	71140	68964	68692	62061	59687	67561	71559	70074	64020	68512	70071	68319	64097	63695	63467	56099	45882	41921	44692	42676	43497	39062	37170	38705	34834	35464	36729	37824	36687	36818	39066	41429	45302	37168	35296	36781	32965	33073	38508	39926	35760	34698	36432	33838	34599	32481	34367	35025	29741	30989	31730	32380	36702	37094	42117	45574	43483	51071	53606	53283	61127	54384	58362	61434	65120	65167	71911	80746	73497	70326	75671	95460	84476	100173	93561	95617	105215	94265	80848	104001	111939	104245	111284	103968	87910	90213	89940	86138	87200	77528	80707	84102	77830	79401	89810	87291	95385	114114	106026	88586	85306	86943	94898	85830	93052	82224	79306	90970	94507	85109	91227	78711	80863	65861	84221	72210	53593	50101	55778	60983	81877	64850	48817	52216	43855	49436	41546	46412	46344	50404	45470	57409	51490	51906	57544	61483	60692	67855	54586	77414	70361	57104	49556	61749	63787	66302	61374	67323	51570	54736	62438	64891	47828	50038	78174	78412	73650	66823	88369	102060	103278	96285	110395	96416	111336	125442	118551	110012	88682	91183	104533	122315	109052	93700	105225	96482	91109	116103	129601	155447	157343	132557	110447	114979	110246	116675	120005	123821	93276	112218	91578	96997	97101	85066	93644	87184	92762	95323	98082	93799	59979	71090	88230	101272	86334	83245	85072	93745	74379	78405	59428	62123	59892	83049	87993	82219	70648	68346	59707	68246	78315	69759	76495	71406	72690	73273	77307	80573	68155	85532	66288	50526	60056	49098	63321	61254	67332	71590	85410	73148	70746	62259	73090	86103	75759	284508	61323	46476	62776	110875	113105	111018	129687	118687	140067	151985	137254	98449	96643	112687	125373	138595	135430	130837	106834	102575	91461	89229	114983	118462	107734	104861	101836	106704	116043	105272	96560	96533	113364	126483	100420	95380	131473	103189	111544	97244	83774	95974	87856	80390	103739	76787	90372	86009	93426	92200	83084	82018	99284	93361	110850	109913	88963	93908	95446	100061	124029	96378	93041	98237	88847	86660	86266	77211	73792	76272	75637	58242	58726	86000	94293	76689	78720	70577	55631	71188	77022	84589	93821	88872	98985	102209	84314	86288	99029	94228	107638	109377	98480	90201	87579	88487	105177	117474	96713	95170	103122	106126	98006	92429	106277	108354	120535	122579	132234	125297	129610	124003	138349	116812	107625	119179	119384	123415	133384	148771	127880	133360	127029	122360	115719	131455	122133	116391	122644	119307	132727	119333	120390	138215	124661	126805	127969	112161	114442	106810	89664	123111	130354	122619	112403	110853	100556	107959	117219	119284	115720	116604	91957	86181	96213	99237	97927	83444	105578	127241	120644	113772	101543	102551	94106	78316	87907	81088	73507	97868	110053	81318	104777	103864	92636	85285	102585	79291	82872	84445	89940	86180	111449	101084	83836	75625	73985	86500	86399	82929	102992	85656	98926	90594	82260	92848	123214	100697	89272	85275	99234	92212	116371	105288	95688	80146	75851	90427	109797	108076	86379	110129	104016	95580	81575	75661	90236	84828	107297	99942	94987	96296	97932	101854	111397	109353	123411	107055	81303	108915	111006	99613	91901	86916	73518	63007	49805	48924	67053	76315	71974	66106	69428	87962	93407	89894	84135	62909	44326	57738	63091	64316	69580	69479	68354	72892	67607	69422	85709	71733	82416	84672	93276	75997	72242	86134	72438	82843	53936	49604	52859	50805	42164	44905	41093	37309	38965	57452	69820	46989	55217	62794	54583	53774	50821	56443	55396	40856	60473	57518	57892	46918	40752	50493	66868	70742	89905	89036	72274	65103	63531	61051	69040	74705	75418	65824	72678	53534	49653	51011	43899	56499	55753	75758	72109	65113	62928	74564	71446	73001	58153	70757	86731	89039	73889	61275	84146	72470	79305	78181	63154	53892	70380	71365	66606	80337	81777	81428	71010	80901	82690	84058	72197	58229	72912	69353	86670	72226	67599	77427	66151	68297	67475	74947	97152	99157	82380	66128	57630	52304	39179	50907	82527	64034	69511	63267	70522	45234	75654	80341	76999	67438	61633	69996	50810	51041	52641	54312	58341	48562	46832	65440	80060	65628	57441	66630	77832	66010	67339	65453	50796	87339	94307	105446	105864	107230	107671	104120	122795	118142	119243	147932	151678	132912	136851	138387	153169	140898	159513	128163	141641	158656	153435	152267	129744	88970	97277	106595
258226	254706	256884	261809	271330	273278	282605	274303	288563	286116	300714	297043	283065	281762	284062	303259	311629	313157	326879	306592	316399	325887	325754	327008	312338	306299	294745	287628	274811	270235	277362	271839	287367	283628	286359	290670	297229	284308	279595	254719	238201	239639	236449	237567	237135	226284	227714	228998	235300	215050	228144	229360	229855	233025	232217	233236	235659	234271	232907	218925	125035	207450	228128	220819	224130	221422	230592	235591	234944	242195	251326	268561	274866	256338	261196	253201	256952	264033	261943	257556	261762	267652	282848	290620	282468	275328	266443	257184	271269	288949	275204	269204	266430	262794	264675	264157	265647	271701	272367	273795	277024	284804	287710	290723	288208	304980	303665	310573	300717	305713	273080	253756	264287	289090	300037	281579	280997	293524	297114	300473	311432	306808	299895	292644	272802	276998	295252	280020	257337	251547	253717	248364	251487	247942	242339	252609	241477	237975	240130	234659	231717	232110	228452	230284	227552	224895	223205	218742	208665	214605	211631	226514	254721	231801	232098	228691	226735	217665	226230	210325	218721	227758	235259	218989	216990	226976	226156	224952	238450	263301	262119	266092	259205	262664	258909	259043	247788	255595	264814	274574	270598	265672	286487	274541	276301	289081	291495	312982	302854	302930	313313	307199	305712	312617	285259	309143	293269	282081	284993	300590	290202	289027	277289	298376	327368	321331	323216	324694	319017	303684	281673	283761	301366	287209	306128	316923	318474	289950	289639	276656	278202	284498	267223	261124	264877	278475	271981	269409	259370	256788	268752	259652	255377	250900	249038	245436	237168	237725	239048	236713	230484	223307	223998	222427	218031	214919	219072	219055	213214	231734	239376	229001	219738	205694	208356	213587	213571	217921	221001	228209	237302	240794	231231	233426	229797	243283	253654	259581	269626	279802	293282	271284	263985	291865	294783	271683	263645	253998	249447	252613	260654	275642	280747	286029	290481	278348	281053	274395	278385	285841	280908	271666	273153	287502	284883	283432	297726	299006	294332	294596	288185	271658	286964	281112	277804	278076	279148	264440	273423	262611	257330	268001	282887	291690	300837	273318	264207	283871	263680	277680	267663	264693	261077	250648	249394	256696	254242	251598	250976	248996	243611	238045	239861	250265	256169	255878	266006	263547	266117	270304	268898	260158	268312	267134	277494	276655	275304	276833	277057	260902	272712	301988	299777	302518	297755	298917	292071	286283	278494	286686	292178	286990	285986	286227	290077	272034	271200	282598	282660	281422	295203	299247	279194	284242	283170	284380	277849	291331	300842	283298	288403	279447	279941	294314	303715	297210	291008	293426	297399	292573	295214	302929	311941	301041	312756	316166	311731	306819	308738	301453	304554	292744	298957	294464	292142	291097	317284	290956	296040	295292	284963	254397	236411	231817	221516	235287	235258	254036	251253	234350	214460	214111	222689	232769	220657	212325	211403	214123	215898	220333	217618	219574	211938	212260	213130	213991	213333	197148	186394	211922	207247	203810	198900	201930	196266	200218	205110	198590	208411	203712	189714	189167	191506	197787	193485	193356	197666	207765	212922	231751	228426	225327	240299	218561	209896	213809	222697	224064	224362	225658	233302	225366	227561	231542	231539	226236	222165	223022	232369	225964	240534	269100	261733	253774	253094	256894	269485	272208	278405	277375	278180	269260	271512	261706	268057	265685	244566	250453	257086	254227	254154	250205	238258	244792	241512	253779	256001	255291	261064	261754	249989	250865	242067	232674	233866	230338	218770	211892	217189	216086	217093	210996	206072	219671	219941	221550	216398	224470	231937	225408	210046	204369	200544	205722	203193	198693	196704	197225	193163	194515	194753	193277	189230	188112	184720	184021	192585	195071	195995	200390	203515	208869	218307	212814	218933	233911	231248	233516	247124	258708	248127	246148	256735	244909	248709	245199	261950	269210	277678	292889	299650	281361	280583	283587	279802	277282	275987	280560	281729	291141	287423	299463	302005	312026	314584	308074	308187	312494	321789	316994	331959	333347	334880	327226	312590	319847	314197	309024	294060	297355	299734	298509	295005	293694	290655	280197	264930	276309	267627	272916	267077	263251	252695	259412	237451	251830	263503	259339	261622	246657	240434	236779	237631	230758	232692	234799	240918	231946	234983	231656	227011	225301	231301	226690	228377	234766	234667	234073	234970	233738	234460	230425	231407	241135	240920	246239	254292	261815	258342	265807	266085	272301	273504	284324	297112	280550	288112	283484	292001	307686	305571	293561	275403	274321	272876	280602	284484	285466	297516	288440	284268	286327
120	142	68	82	124	84	139	82	45	125	31	35	27	31	24	15	7	39	45	49	57	40	27	115	33	73	7	7	5	10	15	35	79	56	27	38	32	15	6	17	5	27	26	59	25	16	17	28	5	2	4	2	9	26	4	15	2	6	14	24	32	4	8	27	46	13	30	139	69	118	185	113	138	133	98	405	95	91	82	78	173	87	29	81	91	61	26	98	88	62	119	95	59	360	80	63	109	151	61	51	155	74	20	16	62	140	159	28	22	81	22	14	16	6	8	23	14	8	21	12	42	29	29	19	33	16	5	44	28	67	45	60	2	12	4	25	22	48	44	23	18	34	28	52	28	37	7	7	26	14	53	13	18	26	14	14	69	41	55	123	21	48	37	78	50	143	255	123	79	77	46	32	62	104	34	28	76	48	49	75	159	107	50	95	58	128	233	149	187	189	142	168	120	60	174	120	220	77	66	30	46	158	18	55	1	2	21	3	14	2	9	57	5	1	88	7	10	22	50	2	3	12	6	4	15	5	4	3	4	1	2	7	8	15	25	18	2	4	3	2	2	2	3	0	2	5	3	2	2	3	5	2	3	18	67	77	62	76	28	18	42	92	97	86	86	58	60	51	89	48	59	74	48	78	108	115	55	98	92	98	39	122	132	85	167	67	46	35	42	103	79	110	129	166	95	165	63	79	48	62	18	28	70	53	14	20	6	11	14	15	8	17	3	13	2	14	16	17	6	6	24	8	1	5	2	2	12	8	6	14	2	1	2	2	30	14	3	25	4	1	13	3	2	5	1	18	25	83	4	20	29	20	54	48	34	81	17	56	68	43	113	111	131	37	38	98	87	60	259	185	109	133	92	64	82	38	57	68	119	78	73	57	104	43	67	31	51	151	131	31	101	27	17	24	80	16	14	13	26	5	31	6	46	29	36	14	14	9	26	40	101	77	14	6	5	21	17	31	17	4	23	17	60	25	20	15	1	5	32	76	13	13	5	2	37	40	3	3	4	7	6	3	14	1	35	106	8	4	7	4	6	24	106	133	168	185	138	107	13	3	3	4	164	146	197	217	101	145	255	239	184	143	180	155	271	143	262	188	313	187	173	222	207	188	198	261	280	66	67	38	11	26	21	29	66	36	23	117	60	25	35	8	40	30	23	5	20	5	10	50	84	49	68	26	19	12	11	15	16	11	37	12	40	73	46	61	34	15	35	63	72	98	105	10	29	56	22	31	77	73	70	38	69	123	33	59	4	50	28	27	65	19	15	4	52	13	8	14	6	18	4	57	46	62	86	34	28	26	27	53	18	12	22	65	22	50	51	38	39	45	52	97	16	73	39	48	22	10	9	17	23	10	32	23	21	55	93	52	89	17	51	3	9	19	19	19	7	27	1	11	2	57	35	53	3	1	3	1	2	17	6	78	10	60	53	6	64	81	34	4	20	18	9	44	14	46	27	4	8	58	23	67	63	48	51	70	60	65	35	123	69	78	113	67	142	125	93	93	73	88	159	120	59	123	97	217	203	40	56	57	119	47
3892	1739	2206	1383	1831	1829	1216	1237	1404	735	2437	442	437	724	485	754	867	878	688	444	580	804	652	552	585	906	2007	1636	1084	1381	2316	2386	2751	2505	2401	2037	1661	1458	1616	2923	4562	1320	2222	1157	533	603	733	823	576	702	665	561	747	828	598	619	842	754	661	604	593	567	433	397	283	529	585	463	402	544	790	1182	2944	4407	15942	16648	16405	16387	17057	15717	15315	16676	5947	2570	3168	2685	2412	12422	2516	2691	3786	2693	3086	2993	2893	2333	2235	1682	1761	2416	2476	5557	10009	10102	7669	4835	2159	2333	1453	1682	1690	1495	951	853	837	809	743	1166	606	934	852	818	777	601	611	743	841	559	604	479	1241	2708	2841	3161	3398	5620	4055	1509	1082	1342	2333	2349	2196	2003	3271	3597	3060	2229	2823	2803	3330	2477	3336	2283	526	553	526	1539	266	126	164	484	272	237	208	377	681	689	2610	3277	2283	2859	2499	4450	3125	3119	4450	2870	2165	3951	3434	7119	4444	3798	3490	4559	3706	4211	2914	1792	2850	4831	3069	5343	5361	6404	5725	3787	3014	4027	3567	3713	3600	3228	2464	2338	2771	1861	1943	2481	2570	2733	1710	1178	786	854	1319	1205	1275	1109	1314	1392	1416	1422	1306	1138	1303	1251	1094	1440	1355	3408	3343	3150	2548	1488	622	707	685	776	754	586	548	520	480	637	562	357	365	449	436	400	1112	464	543	705	1003	1424	1225	709	745	453	617	693	853	747	1158	1214	1525	2898	2378	1459	1696	2398	1303	1433	1287	1997	1877	2628	3711	5218	2830	3502	3464	3740	7917	4969	2363	2401	2088	2676	2466	3622	2450	913	1311	1167	1793	1597	834	718	1979	1964	1792	1882	1124	667	494	634	554	812	752	731	746	611	400	488	438	599	878	1171	671	544	854	373	633	2848	3451	792	912	953	915	855	705	983	958	692	268	455	682	991	612	389	432	620	595	483	207	253	161	678	330	484	482	469	1260	1178	1929	996	815	881	2320	4890	2929	2264	739	874	2059	2442	2385	2939	1861	2184	1808	2081	2376	1729	1524	704	2954	2899	3883	3201	3769	4315	3559	2752	4717	5638	1180	3630	2680	1778	1269	1051	1195	1341	1209	2572	2148	930	624	780	1016	983	942	1206	1376	1436	1098	967	854	952	3277	8304	3999	657	556	655	1522	4448	3212	2332	3626	315	192	279	635	254	185	4241	2360	279	207	671	653	540	575	282	297	370	270	337	305	362	297	333	241	429	269	259	361	306	442	1269	1641	1461	1541	1015	1399	1922	1397	695	632	765	4449	3911	626	607	470	411	463	545	455	3643	1506	538	573	690	247	445	585	1133	730	765	853	584	594	251	708	792	788	918	1452	793	325	343	346	214	349	426	226	280	231	414	402	249	299	534	450	580	927	432	433	713	153	339	218	1923	3201	436	364	399	386	645	555	643	2523	467	258	336	253	362	194	236	173	287	286	454	192	252	236	317	246	311	107	280	192	110	297	321	390	320	363	544	373	580	495	334	577	792	845	2898	2814	2716	3401	2761	1297	3817	1952	3031	1607	1590	2614	1713	512	3141	508	383	336	737	659	1027	993	879	683	1237	566	511	627	438	734	202	204	324	1379	334	285	535	1323	1148	1147	798	832	1392	1732	1998	1237	2219	1964	2068	1586	1299	692	2376	4314	856	378	334	554	732	867	733	552	344	307	776	629	572	231	284	217	510	319	395	249	260	178	190	290	626	938	2207	5784	3350	2312	6325	11545	5939	1914	1365	1193	936	1056	1153	738	1374	777	1606	760	1383	1382	1364	3261	2639	1325	1699	2427	925	921	1626
239698	264461	241165	213425	203691	201173	242636	232960	215509	194405	194367	234230	218024	252859	253651	292164	272166	271077	255390	226221	240720	232297	224437	223093	224798	201413	209910	220378	258834	242842	222530	196734	208996	203435	217293	210938	204607	185989	188151	202625	219376	206674	176303	179598	173975	175575	175255	173701	172799	178836	173902	176601	181083	177481	172172	170763	176940	174263	175228	167676	180214	182581	182145	182261	187875	188255	180885	185292	183713	178813	185796	199362	197386	201444	196011	193849	182504	178700	190938	192028	205021	198742	201328	202967	208285	205517	212307	213871	206242	193787	194740	200734	197282	201932	209212	201008	202918	200461	218290	268807	243017	227197	221203	215105	202571	194634	219468	222860	248764	232948	239014	263081	261135	237594	221025	205568	211744	224366	205359	224345	206934	207306	201520	211590	219992	217097	205195	203873	192652	208456	223875	184946	180254	184072	183536	174636	174766	168414	162378	169560	184483	168046	171781	173576	164163	173084	169241	167531	160335	163214	161199	167730	167411	161605	159312	154206	161270	156403	170683	172297	161574	190486	179565	176369	191368	187026	194975	190570	170667	163320	166322	181475	178499	185785	183603	204967	208800	203176	208223	196489	204392	195983	179363	180711	177216	178715	174356	186123	219364	217330	240399	204472	170948	168468	171967	178086	183953	191595	203044	227441	204825	192548	205397	239267	203496	218759	252496	210691	213318	208796	204956	207156	218161	221608	237703	210119	199789	229524	207408	194412	201805	195460	195976	193134	185276	188069	187619	185167	187869	184532	178534	172465	165613	166627	171892	174380	173900	177814	170380	172966	175235	178538	167266	158758	160438	160780	162410	169480	165309	165805	165571	156892	166287	166121	160020	161475	170144	171368	168341	170541	163064	172807	176997	175792	189007	193022	186072	173627	181648	176390	171443	183346	190403	194773	195607	196832	209314	193380	195162	194919	202955	210793	211313	220517	222165	209493	215117	216888	196525	188601	189723	204996	206607	206705	206768	209814	204012	215504	223797	232576	234000	230533	235793	204942	212162	198986	213448	205303	191044	188029	187734	189674	186129	189941	186627	191899	201432	196029	192736	182271	178052	184166	189455	188186	185686	189103	199684	205250	193435	201284	204821	206712	210066	226549	206429	203764	199639	196056	197024	197268	191855	192633	180613	177830	168891	186622	193375	171514	182489	180782	265972	206864	194090	166981	175450	185903	176328	180774	183645	183551	196518	223536	251676	237514	235503	245199	239395	241524	245620	252791	251235	246573	237973	239826	240739	225037	245580	230209	235891	243301	234831	229983	230270	224670	225502	237376	247232	244963	244964	245350	256924	251832	253389	256276	228369	205993	195187	190039	188224	193981	179433	181795	186359	219350	221773	194542	194203	196016	200495	191378	185060	191876	195316	195799	187532	207162	199993	182571	171006	171157	166409	161593	154283	162765	169829	175415	166726	166365	166495	170837	164423	163523	164680	153580	160395	174871	161411	159629	157891	154576	159110	153791	155286	153322	154601	158561	163934	183539	221981	172414	164827	189668	225028	247491	248291	245391	244198	242723	197077	163687	161580	166593	164317	157300	163809	158882	165262	163192	165172	162372	164122	161329	163271	163017	165651	171367	168470	164503	165485	171493	168094	176225	196372	176551	182123	184513	168704	148184	158369	202970	213911	206402	289454	266030	208723	226461	224728	220781	211942	210223	203254	210050	207631	198917	192750	222150	201215	186936	206833	187873	184220	183321	193813	182324	177146	195576	196439	239178	180947	248956	230344	195713	208558	230169	212261	161680	157879	161616	215133	153081	155198	150427	148726	148810	145118	147882	145001	143558	141371	136272	133215	140697	149587	148639	147873	145800	135963	128965	143270	152653	150698	162507	153744	152222	150013	147404	147023	156189	158064	146274	141967	149503	149129	149865	142376	147893	140718	152374	137208	157802	147380	145213	154690	150010	146616	152023	151295	158353	142959	141509	145093	152580	155493	159955	157919	159413	161651	171035	170943	170498	160330	151519	153170	167307	164006	174875	150019	193980	171066	190062	163561	165126	162761	191336	202503	186885	176733	173246	174339	153113	152905	147006	163031	183754	190483	176964	159778	137094	131643	127596	129856	123939	128054	130892	138251	133487	139255	134778	143430	140405	141507	134840	174805	169663	133046	125542	131489	138425	135968	136619	134152	137286	131064	141321	146552	141822	148029	150023	153074	137391	141735	149197	158019	160072	170554	169956	164267	170666	174874	162525	171237	173247	174407	181689	177348	174008	204971	178289	179896	192270	196708	191608
435374	436765	435580	423435	452879	458875	445729	453722	456997	487913	500996	493841	474117	463582	472082	469545	480364	491790	492368	504251	498915	494849	492294	505979	530961	542148	519319	505310	510119	501532	496303	493881	508233	515862	510402	499538	499340	501031	501188	490252	497204	486956	460745	463232	443495	444791	457286	469246	462995	443471	448232	451121	434466	442490	430046	372394	398179	403017	411980	425056	441296	455836	473678	447220	438848	458152	440558	443951	443564	464153	438086	433528	440041	431933	435117	418223	420288	426277	417053	428905	433028	438772	493168	469571	472244	470299	439936	428241	430874	433204	459000	448480	464330	455430	468858	457338	466975	463437	439368	456765	483046	463769	479804	470539	492171	473974	474140	473899	467813	482830	479506	498875	488564	506901	496754	477234	505298	512988	515616	509523	530076	504166	478372	479803	511181	487869	464723	482006	527113	460493	461309	476006	461505	452769	445828	436401	452060	442865	440692	429102	437609	425818	446927	435464	428480	465220	446882	433203	442632	447430	434867	416341	425233	419577	427800	418571	422748	427059	431082	450513	436892	435279	438625	424211	455597	438547	451637	451733	467556	464032	465116	445693	436135	430070	439077	449969	480334	479749	471037	490652	478226	476585	486577	482070	452048	456133	458938	480778	498732	480371	467071	478623	470323	478292	497434	497859	489001	489219	517362	540429	517482	540744	531929	555741	536864	504461	479292	485423	506688	479778	477707	465443	479184	465568	475811	490377	480960	476193	462470	472585	503889	501502	492192	493140	506845	507429	512989	531721	515151	517241	499561	499831	500646	500349	491018	488800	480615	469222	459924	461871	454699	439163	445466	437426	418575	422303	436131	422856	425057	414321	412256	425924	420442	427021	412763	433376	434213	431826	469502	455135	457844	457470	453940	440414	459676	460914	453147	462399	464853	478317	464740	450335	463846	467635	476469	480348	474155	487610	489388	487173	489544	503454	504540	460721	459886	453017	461726	460598	457167	458309	462771	471604	465606	475508	482354	479621	474532	455580	469347	476614	468588	452862	442839	448738	475278	465457	468599	483084	492987	499830	493393	513666	509936	510908	500747	475815	483208	484055	488266	503298	505763	468103	468273	481874	449175	454668	439280	441512	452367	458067	460915	465503	447093	455374	450097	455339	440331	448294	450181	454450	448802	443336	447426	460520	458127	454409	454076	452710	448426	443463	444628	452148	434569	434581	454970	465742	472146	480143	481116	466487	463256	442725	445340	440165	438475	444809	448598	452868	445418	436820	471077	438246	450106	432552	442837	441709	439847	446726	436333	442815	432357	443381	442804	435159	460517	449642	431834	412187	436776	446791	441492	430914	442345	426190	423805	427359	411420	400060	417686	443933	443423	430593	431857	455136	434989	436416	426965	433890	440270	433791	429412	438651	419821	424441	401300	405499	395139	390216	393556	410083	410576	409660	397098	407415	411390	406962	392038	400821	395004	405310	400998	240505	219221	219084	220901	216513	216039	211191	206187	207876	294447	347121	368409	364233	378357	383232	389172	377438	382829	371290	370957	370646	375570	365715	390009	384052	384833	413501	394537	400565	398555	392134	402081	393039	382944	399104	406225	402990	388667	379031	392696	391585	376294	364686	377816	413074	386228	407820	392653	399507	406567	412969	413551	389429	386721	392004	384353	404285	439773	420035	413386	422493	411884	396205	404109	392572	390847	400642	403434	386379	392051	387809	391129	400142	405248	407037	405392	410257	428987	412825	404915	417090	411392	413993	417623	412453	408616	395740	428481	410630	442222	409009	411119	388820	395387	391152	387345	383820	383109	373221	373025	369182	375253	378396	370914	363218	354527	341561	345898	345277	337577	341009	342429	351355	355095	349982	349438	338945	344939	363092	355529	363479	361712	361054	368721	388908	364843	365937	369384	367676	373816	370552	377750	376622	389366	387735	405212	409319	407319	400113	387142	389934	397618	412288	391419	377997	382305	378513	387840	392651	394950	396609	387750	396093	398985	402441	396506	397173	376256	384503	389102	401720	394763	412902	411037	409874	404944	398420	410811	434247	414752	403368	395570	354965	363413	369556	396796	379848	386884	391304	391752	396656	372016	378443	381644	377030	375261	366168	358999	385143	368640	369604	361073	367870	376403	364357	357054	350965	339103	335389	364502	458127	487770	418175	547754	452797	429175	432085	424727	416713	407292	400859	408067	410476	351112	349838	363705	350609	381385	394604	390087	398956	404691	425153	415766	409010	397045	415202	420633	420549	404292	398225	412867	406811	407623	387676	384206	388494	397449	419054	438128	428966
34097	30368	29895	31551	29530	34028	36621	37503	38342	37794	26864	36317	33702	33345	32624	38528	36975	34173	32257	33410	31250	23055	22878	30759	33611	29500	19807	17497	14991	14653	18795	19095	19943	18886	25135	36957	32333	26677	16157	14753	15255	15096	12899	13480	11501	14356	11134	15451	8777	7813	5993	7350	7459	12873	16889	16722	12483	14132	12729	27168	16245	17720	12052	15585	11334	19136	16980	26457	20941	25293	23418	32997	26132	29345	29208	27840	28159	25617	21805	30445	36487	33785	33162	35276	34308	26180	39666	40684	45598	49019	41528	40700	45785	44626	45010	51161	57183	53228	55307	48080	47027	40587	43630	39215	34770	36214	29304	38584	38616	31579	24111	30437	24805	26242	26611	23864	21204	20682	19807	27863	28469	23616	19865	24349	25220	24556	29758	26583	28302	25467	25513	37743	21713	20207	30862	26242	19802	21964	20745	21269	18236	22083	22340	37244	39640	37916	32469	30084	31139	33314	30511	28002	23445	23343	21303	44797	36282	28706	23902	24948	30764	21765	21820	32616	26445	34106	35906	36892	43437	46923	35626	29254	34587	39639	45524	51935	44951	31493	29595	41588	35627	38882	40295	39001	35263	33950	29306	0	0	13324	27133	35650	46147	41931	39016	33254	39547	32223	37808	40501	50682	43941	32443	42625	43744	35704	34564	33053	23710	19776	20307	26260	28595	22627	30160	41277	40244	36113	37728	26512	33806	33159	33191	31637	37473	29567	31612	50895	43086	27842	22039	23488	23339	25005	28398	24336	19985	20896	22451	29144	32645	23284	18010	21134	21023	18127	20321	23251	13373	15488	16733	31737	21976	18488	18087	20001	12532	15336	20030	28739	23286	26845	23475	31439	29154	22480	38250	41898	40366	29339	37330	29465	34129	47673	58613	60860	56605	52380	52828	54404	49188	51425	48742	47106	38301	35188	41984	41719	46112	40208	36586	36886	38569	54765	48771	41563	47425	40019	30453	38095	45516	46149	44970	46210	38583	40316	40879	27270	30664	25415	24062	35821	34036	27395	31876	35504	23726	14478	15686	18374	18396	15465	17113	28880	30498	27586	23703	24747	15768	20100	14645	20996	14959	20417	16622	26713	26519	20586	16246	15654	17659	17029	18333	19834	12858	16471	15422	35390	20106	14018	10949	16302	12305	11386	13335	20268	18346	27938	34961	44206	55158	56668	57474	48705	38533	42770	34133	32644	34697	46751	44795	46626	52644	55961	50864	49460	42641	42367	40501	41128	37800	35420	36866	47656	50488	41510	37576	36413	26768	19847	24899	23968	33391	38237	32470	43561	47830	38300	29240	35009	25024	28052	29243	23113	19637	18668	24264	36095	33296	27515	28007	28700	18206	16374	19957	25932	38676	42328	39482	51440	50074	46954	43094	49454	35101	36939	29611	30064	33413	38917	43118	50458	48606	45940	43473	44851	38451	31918	28599	30533	26679	30408	18998	41622	39845	25387	27474	30028	23420	18838	17004	21184	17267	15375	16796	23998	21910	22165	21289	22647	22208	20692	24792	30175	29586	23015	27430	28216	30498	30592	28185	29306	24961	27110	28365	21664	26917	26826	22463	24004	30069	18290	17503	12595	11393	18730	22219	20828	30229	27566	26579	38525	41386	42648	28369	33720	29910	29033	31052	29394	29643	28693	33232	42714	49643	40872	44893	40443	37307	29016	29225	30098	24460	23219	25150	40183	45222	42395	37076	39229	15877	18702	15655	20778	16893	20659	25208	29465	25191	20724	17644	16966	16224	22560	25152	23081	22224	30664	26694	39774	30046	21458	16658	16604	12411	14278	12358	15896	14207	12334	13189	18182	18097	25227	33972	37150	37844	38874	38238	37294	34851	39131	37976	39225	35594	36754	41128	44664	39998	42839	41106	38681	39816	36143	35839	36924	34514	32940	33621	37760	28546	22048	19715	22588	27158	25942	21717	27132	31807	31156	28812	38032	40301	39277	38534	41033	39329	42550	38266	36574	34261	31397	34977	34002	31387	29562	28276	28840	33663	33591	21715	26656	24362	31904	20870	26657	21912	23268	19723	10941	14101	18860	20202	24360	25748	30258	29620	31496	28042	25776	25711	33083	23513	23800	20453	27959	15583	23979	23600	25095	25957	25989	21920	30283	27677	27415	30776	34385	44021	50520	39444	38305	51306	52259	52586	51375	45797	54834	46200	47990	44939	46671	46996	55082	46657	59305	47581	39536	39756	41953	41698	36685
14024	13516	13503	14957	17239	15528	15131	13489	14030	16904	16675	17240	16743	17005	16859	15762	11906	11403	7223	9659	7881	7717	10749	10069	10110	10486	9629	7714	10628	10386	10822	8285	8916	9609	8093	7589	8466	8837	9135	9013	10853	10526	11638	12036	11500	12455	11665	10168	8291	8161	7732	7806	7865	8680	7502	8938	8575	7543	7797	7238	7709	10067	8645	9232	10358	10601	11306	10725	10265	10364	9490	9647	9688	9135	9890	10081	11608	13227	12151	13165	11504	11721	13522	12467	12720	13733	11312	11656	15340	15179	13017	10476	10911	10357	10671	12280	12570	10837	17812	21467	22082	17707	18772	17842	17453	17766	14807	16813	12494	14306	15402	13721	15006	14153	14269	16224	19341	13901	14301	13643	12380	11218	11826	12794	12869	13867	14414	14865	12094	10378	11623	10623	10512	10099	10838	11582	12684	11270	12536	13132	12000	12608	11964	9914	11407	9009	9791	8601	9307	9173	9347	9482	11568	10154	9556	10637	9633	12583	12661	10429	9290	10110	10865	9664	11767	9587	12097	13564	11679	11187	13732	10990	12418	11637	13092	14008	14564	11914	12813	12006	16203	14769	13559	12391	12344	12836	11658	12701	13892	13948	13719	13017	10690	11744	11037	12932	12455	12500	13756	14893	15218	12913	11341	10336	11947	13244	13908	18287	15974	15436	16251	16100	15546	14781	15255	15193	14516	12855	13128	15451	17086	13284	14154	12300	13508	14352	14201	11169	11416	11358	9820	7148	8376	7962	6714	5983	5364	7231	8914	8754	7015	7163	6699	5939	6278	6990	6449	6419	7137	7330	7392	6422	6520	6974	6715	8961	9101	9515	9038	8702	8791	9588	8605	15949	18591	16901	16929	18070	15883	9403	8541	10696	9583	9318	12385	17430	14161	12682	13684	14247	16337	16456	20254	26186	16746	14318	13517	13450	11956	13114	13706	10071	8147	8557	10550	23846	14151	15934	17505	18788	17481	15792	15743	12840	11869	10665	13199	11521	14816	13856	9972	9004	7150	7714	8042	11313	11005	10656	10805	10372	9114	7418	8422	7924	9818	8918	9089	9972	10303	7957	7256	8806	7960	7857	10496	9190	9091	10027	11455	11867	10287	8200	7687	8549	7552	6851	6749	7024	6628	5741	5928	6634	9490	10232	8158	6992	9425	10783	10563	13041	11418	11501	12436	13177	12192	11892	11690	11426	10125	9301	8920	9095	8840	10754	8980	11714	9715	9505	10379	9729	12072	14722	13548	10683	10647	13113	10648	9992	11776	18535	16169	15990	11615	10240	8525	8799	10872	12480	12563	12898	13378	11393	9939	12551	11666	11781	12846	9484	8699	11163	11569	11046	9030	8138	6994	8951	12939	13362	9793	7902	5770	5936	5152	5197	4818	4662	5064	5407	4935	5436	6322	5714	4809	5362	5116	6045	5647	5627	5018	5499	4511	5119	4805	5091	4746	4455	5195	5348	7079	6531	6328	5810	6534	7090	6913	8331	6974	5171	4870	6249	6128	7681	8287	9981	7378	6036	5852	8815	7672	6623	6970	9920	8263	8503	6975	7336	7911	7589	7635	8949	7997	10052	8298	8277	8772	7439	7437	7384	7657	8879	8530	8447	7997	10661	8967	8916	8527	9670	8562	7314	5115	4997	4798	5057	5594	5801	5752	6618	7061	5729	6813	7406	5996	6170	6579	6193	6471	5589	6371	5574	5409	5799	4481	5476	5731	5614	5090	4457	4907	5828	4968	5210	5037	5060	5830	6276	5883	6740	6562	6921	7515	8284	7667	7124	7904	7542	5890	4858	5745	4790	5747	5244	5833	7473	8356	7446	4264	4750	7897	9811	7570	7974	8307	6576	5659	7201	7647	6848	8465	8236	8513	8689	9738	10622	9616	9704	11664	9969	7824	9481	9112	7905	9444	8240	7151	7238	9175	8188	7805	6808	7775	9115	8846	8624	8969	11252	6467	8215	7659	6315	10345	10134	9558	12087	8429	7693	8012	8610	9141	8879	8778	9549	10090	9829	9975	9389	9558	6710	7837	8565	9134	9689	9908	11010	9909	8890	7613	8713	8454	8518	8080	7744	9017	8494	8950	6784	6148	5492	5978	6646	7326	8551	10141	9258	9708	10668	12995	9007	13191	9450	9101	10516	9946	10740	9265	10455	11158	10565	10456	10544	11784	12660	9826	10100	10972	9326	10001	10956	12127	11962	11268	10824
11929	13340	6664	6401	6064	11731	21485	17994	6853	6986	7165	6445	8484	18073	20816	7823	8634	9864	3349	8674	11014	10508	12086	12158	13260	18947	10813	10841	12533	3562	3219	4123	15696	5144	3933	5655	8052	23950	16625	3261	9051	7112	4337	4875	4200	4386	4712	11184	5061	13216	4171	2393	3491	5420	9210	2598	2709	1960	14704	2234	7815	13283	16745	6286	2351	2344	2395	9260	2757	6931	7039	4065	3841	15401	4822	5049	4671	8316	12874	8217	10538	6481	4330	5056	6114	12023	14670	15969	11116	15493	21236	20458	17926	10985	23104	10940	11425	22621	10640	11271	12052	10093	30644	10995	12093	11455	11945	9685	13940	18879	19141	15456	8805	15020	10188	5458	4310	4415	5098	4586	4420	20970	8041	4832	5945	6030	11249	6570	3312	3410	3387	3480	3190	18582	25844	3351	2890	3475	4101	5691	6372	12177	6531	6801	7603	13644	5847	6079	7024	10549	7209	5300	5439	6350	6778	14699	11447	19592	16226	12240	3789	11209	4308	6947	7030	6148	3080	2947	12795	13874	6961	6848	7937	19537	7074	2661	14736	9544	6931	5148	7460	20139	9343	11878	18208	19127	4817	2812	9142	2462	3034	3248	6090	14871	14755	4311	6331	9052	3591	2976	8006	16140	7436	7825	7334	16980	21300	5536	2905	2922	2703	5071	8386	4200	3446	2150	2498	12077	5573	3247	3015	3217	7364	2263	1801	2552	10172	6069	4016	17000	17866	2062	1964	4062	3942	12484	6397	3974	2841	2059	1596	11189	2694	8673	2427	1904	1764	2256	6800	3639	1658	3157	2163	13428	15294	14119	2011	2743	2265	3504	2181	3877	10049	5763	4742	10378	5591	6257	5746	13465	6094	8487	6418	5352	6802	14525	6378	6052	9004	5157	5112	9813	16082	5809	8801	11839	5776	6340	9332	20758	5255	4234	3027	8409	4248	11474	3916	4195	15274	5422	2583	16461	17446	12193	3532	4188	9244	2722	2865	3335	2275	3549	2667	17607	2834	8392	3864	2206	2187	1979	12650	4202	2907	3077	3004	16358	25082	3562	8770	5518	4633	5667	5303	4587	4561	5323	12220	4515	4548	4514	3754	3287	9096	3090	3312	3372	2976	2922	1998	9041	2118	2052	2058	1396	1662	1804	8382	1886	2005	2389	2626	3117	10419	7322	10414	7754	10887	8282	6821	8297	19039	10483	9773	27265	18163	8842	6961	8898	7716	16770	9820	4850	5662	10243	10819	11822	3197	4593	5181	9723	14914	5362	5909	6521	7934	2361	2778	14191	21700	4381	3047	9366	2317	3242	3438	3416	3072	4296	3915	12669	4465	3369	3355	2057	3039	8992	2973	2054	1697	2459	1975	3231	8757	2022	4203	4990	3540	3771	4576	3729	12010	4700	3243	4872	3197	1769	8422	1784	1715	1545	2145	1678	1667	8343	2384	3095	1517	2423	1632	2407	9485	1445	1489	1872	1980	7410	3405	19926	8646	7752	7328	1518	3232	3994	24032	8634	6655	4276	4437	4846	11090	11491	9503	18852	11899	9131	18578	14161	10303	6361	5387	5422	5295	5262	10247	8297	7416	7512	6128	3960	8358	2324	2044	5540	2178	2363	7611	3231	1715	2092	900	1593	1611	1705	8301	9122	2280	1369	2693	2287	7960	2031	1977	1808	1893	1958	1805	10325	1703	1742	4171	6201	2533	3055	9580	3332	3176	2987	2657	3427	3276	8230	1417	1792	1426	2486	8060	1219	1367	1507	7287	3824	2249	1798	8227	1124	1539	2161	2460	2606	8157	1524	1269	2057	1616	1811	1349	8078	1314	3280	4957	1829	1446	1516	7633	1689	1914	2814	2551	6908	2172	1586	2151	2017	1902	1986	2567	8353	1978	1663	1927	11450	6453	7267	9544	2486	1766	1378	1710	2820	6963	2362	1436	2027	1537	1396	1778	1587	1581	1705	1558	1914	1243	1233	7733	2703	2004	2013	1533	5090	2667	1692	1684	3061	1198	1097	4264	5429	9461	3430	2841	3170	3309	3255	8136	2536	1806	1263	1308	1578	1271	7744	967	1265	1250	1390	1206	9015	1510	1518	1590	1515	2169	1537	6188	4820	2191	2195	2828	11339	5854	4388	3064	10428	11588	12585	8247	4917	8867	4955	6526	18135	18339	10624	11955	8361	7805	10550	18071	14333	11662	7342
3361	3105	3085	3949	4912	14645	4272	3045	3269	7675	3641	3712	3687	3462	3839	4301	3840	3768	3495	3716	3956	3178	1489	3137	27070	18818	4609	4315	4289	2810	1948	3075	3156	2649	1591	1655	1214	178	311	311	155	103	121	265	175	470	167	137	1211	529	111	189	73	100	167	125	162	96	95	246	190	238	171	755	555	480	663	860	469	944	1594	1434	1092	1702	2327	2609	2412	1092	1867	2589	6313	3686	6269	1952	1712	14525	28238	6315	3526	2455	2509	2851	5744	7631	7717	5638	4633	4771	5187	5332	7399	4118	4387	3036	4082	2429	1300	3224	11005	8387	9914	4368	2147	1692	3628	3191	2120	1777	1778	5557	6809	5545	4253	5303	6534	4185	3579	4820	1536	1161	858	294	182	183	276	426	415	693	731	8166	12139	12542	11868	10331	10649	10331	10672	11212	11437	10976	10525	11431	9593	10439	8084	181	140	553	389	135	485	1157	171	407	657	2016	4916	2271	1743	1843	2122	2681	3024	3199	8288	1477	1423	1795	1159	1020	2769	1358	1049	1654	2204	4230	4142	4465	3944	8586	4149	3735	3134	3839	8527	7306	10326	3611	3862	4956	3530	3392	2717	4074	4411	2412	2815	3589	2900	1522	1153	2051	2021	1984	2307	16401	12446	1386	5266	5281	2937	2472	4897	5811	5499	5195	3255	1100	1063	750	735	325	267	586	275	460	2557	18726	1240	676	1053	1161	176	232	84	128	129	133	417	324	280	206	732	152	86	83	532	287	571	685	610	648	1710	1627	1985	2712	2346	4568	3808	2508	9515	13938	14165	12405	12340	16711	11871	13625	20236	10567	11073	11134	21184	18449	22756	23987	23618	30670	30363	28631	30866	27973	5777	1459	3304	7289	6597	5454	3482	4209	4451	4699	4022	6044	7473	1265	1430	1060	1885	1582	1328	13253	10459	1757	1351	1428	1293	1108	1248	1184	1600	1921	2387	2179	1821	844	1076	1115	599	1612	1560	769	829	781	3671	2078	2692	2556	3255	3596	3348	584	470	679	632	386	586	503	589	740	898	611	644	620	1003	3745	922	1761	1885	5963	9032	8002	7785	7520	8267	7659	7420	7096	7476	7582	7878	7072	8205	8059	24515	11096	8047	7619	11732	12146	7240	6994	3795	12268	3249	3557	2898	2614	2941	2611	2157	930	1305	1207	742	1596	1661	1267	1114	1919	1342	1693	1109	1625	1348	1197	4955	12892	8916	876	531	765	1363	1132	1456	788	1579	1508	1581	1454	1535	1419	1368	1349	1356	1382	1138	1448	344	617	1360	2152	2099	1458	1035	1043	1176	1016	854	691	698	710	384	309	556	382	439	321	293	450	270	417	400	342	356	650	627	531	426	687	616	1115	1010	565	555	1009	818	569	826	582	1259	1335	1122	1200	829	971	934	1072	14371	28705	24403	13082	5971	2221	1119	1566	2876	2491	1883	1833	2474	2252	2295	1895	1344	1941	1314	942	731	652	845	829	3386	19125	11793	1784	1042	746	912	1666	1933	748	1269	895	971	483	425	1024	1589	1851	1422	1683	1471	1508	1676	1771	2439	818	299	266	252	238	257	104	77	117	88	135	232	121	136	120	160	278	237	446	209	140	193	155	211	259	298	396	307	281	339	7328	5527	2192	619	1304	216	381	1058	296	436	507	395	314	1209	2869	834	876	1046	684	1570	1475	3172	2368	1809	1963	23618	17172	2529	2225	2072	2008	1811	1734	1947	2591	1108	1613	3183	2766	3281	3254	2279	12271	10967	2185	2057	17727	20034	6510	3336	3596	2909	2977	2981	1532	2012	1980	3602	1810	1158	1125	1353	1003	870	1811	2565	235	140	121	83	128	121	142	222	113	63	53	124	298	444	255	99	43	763	548	602	287	857	547	2655	2185	815	1070	946	1747	2162	851	2419	2188	8144	13626	15622	15378	6588	7500	6796	6157	6817	6515	2924	1780	962	1569	1158	1364
2531	3137	2755	1915	1333	1738	1598	2564	2702	2174	1542	2212	2172	2244	2420	2129	1546	2356	1694	3067	1675	2696	1866	1349	1727	1646	1730	1556	1263	2157	1625	1377	1143	1314	1496	1749	1097	1393	944	829	1100	1882	993	991	1695	1200	1201	1249	1959	2466	2648	2886	2641	3082	2865	2424	2537	2903	2513	3402	2910	2868	3028	2814	2157	2811	3039	4285	4201	4935	3882	1796	2099	1899	2396	2560	2796	3442	3521	3168	3012	3007	3341	2935	1873	2164	2850	2813	2473	2957	2457	3212	2900	3319	2948	3182	3540	3892	2902	2923	3506	3927	3126	3128	2548	3118	3131	2632	3736	3225	3405	2729	3901	3074	2946	3906	4191	4068	4560	4434	4284	3557	3081	3156	3777	3286	3313	3166	3005	2406	1978	2073	1278	1963	1403	1580	1250	1310	2960	3737	3109	3072	2817	2384	3368	1746	1065	1710	1919	1867	1736	932	792	943	948	991	810	895	1220	923	993	1174	1192	1354	1535	1952	1759	2328	2220	1960	1414	1311	3238	3981	2496	1737	2108	1478	1835	2402	2133	2119	1454	1355	1610	2044	1741	1584	1770	1262	1699	1940	1952	2022	2173	2425	2882	3315	4780	3648	2188	2006	1785	3966	2669	1789	2154	1822	2260	2618	2321	2868	2541	2063	2009	2000	2224	1963	2820	2028	2313	1697	1970	2106	1735	2122	1489	3699	4001	3465	3585	3706	3140	3787	3390	3491	3098	3078	2667	2950	2766	2678	2414	2233	2799	3337	3553	3095	2625	2869	2036	1369	1277	905	1382	1611	1584	3162	2606	2613	2033	1415	1284	1236	2361	1387	1333	1183	1415	1113	1125	1749	1680	1602	1243	1509	2646	2694	2763	2295	2951	1889	3032	3608	1925	2015	1878	3064	2222	2281	2401	2071	1861	2139	1993	3887	4118	3023	3250	4663	3988	3797	3983	4008	3891	3717	4847	2951	2447	1557	1819	1525	1868	2676	1680	2397	1681	1622	1120	1424	3427	1506	1115	1084	968	664	1174	1146	1065	1246	1253	2149	1989	1161	1151	1920	1764	1521	1682	2363	1636	1553	2018	846	1282	1229	1917	1481	811	688	784	592	1271	701	1252	797	1249	961	920	892	1086	1158	1072	947	896	1282	945	2531	2847	2572	2328	2544	2561	2377	2725	2960	2530	2303	1809	1290	1004	1647	1683	1095	1349	914	1650	1285	1732	1568	1635	1270	1100	1317	980	2278	1831	1776	1482	1388	1412	1522	3093	1442	2186	1401	1124	1174	1225	1605	1596	1986	1874	1563	1603	1645	1573	1339	1260	2196	1013	1509	719	1147	971	605	745	941	961	856	621	674	560	751	1093	1325	2155	1854	1137	852	764	1316	1319	949	2227	830	903	655	793	728	703	980	1294	1124	1146	1268	1510	1290	837	792	1355	718	1138	3113	3102	3643	4092	3350	3096	2926	2986	2760	3167	3617	3267	3089	3054	3326	3515	2979	3511	3468	3363	3583	3500	3415	3654	2514	1998	2317	2356	2888	2889	2987	2884	2394	2204	2455	2823	3817	3836	4198	3678	3867	4054	3978	3137	3664	3654	3665	3323	1781	2004	1869	2038	1748	1875	1918	1758	2107	3031	3219	2869	2106	1727	1455	1454	1680	2050	2245	1839	2303	2777	2457	2927	3353	3457	3611	3635	4041	3825	2641	2488	2543	2550	2268	2149	3411	2209	2417	2547	2193	2359	2758	2342	1754	1307	1098	893	2339	2791	2700	2536	2408	3380	3266	3254	3812	2974	3125	3309	3111	3321	3664	4132	2863	4403	3950	3726	2449	2470	4216	3680	2561	1845	1683	2275	1848	1046	1096	1638	1360	1337	964	768	742	1377	732	936	996	839	1035	812	1560	1243	725	1163	1107	1225	864	764	1602	1416	902	1003	858	958	878	960	1257	758	940	787	811	857	699	634	1254	1380	1067	1303	1062	1176	1455	1499	2225	1770	1732	1648	1660	1884	1424	2018	1601	1747	1697	2240	2536	2049	2595	2423	2895	1778	1977	2201	3141	2952	2977	3233	3736	3261	2849	3977	4450	4196	4988	4278	3725	4077	3953	4984	4437
412	588	419	441	635	835	1106	1168	1531	1180	1837	1453	996	1487	1392	1230	1200	2186	4375	2380	1554	1552	1322	1120	1216	1284	1198	1309	1253	1327	1467	1699	2781	2491	5970	3525	1668	862	402	765	957	707	873	1061	1664	1052	684	319	217	576	594	2706	1999	409	393	1294	2244	1962	1486	2147	1802	1703	2053	1259	812	854	1004	885	1041	940	1051	993	1835	2494	2087	1668	1203	1139	2490	1078	846	558	529	676	491	485	565	1506	4487	5887	7504	5559	7378	6090	4204	1259	1289	1843	1928	2168	4316	3906	3481	3454	3149	2396	2209	1729	1391	558	456	563	416	394	579	2206	1333	948	979	3630	1294	1130	845	424	590	1216	788	570	934	987	987	1036	820	681	3291	2770	1265	1499	938	484	558	383	1035	380	1212	1524	1580	1337	1151	1282	1391	1909	1498	1449	1331	1685	1578	1219	1105	1039	1466	1546	1086	1337	1341	1916	1975	1937	2446	2359	1905	2638	3161	2718	2576	2493	1991	1262	1274	1239	1194	4417	1763	1018	943	1024	1250	3629	598	411	1170	828	1747	598	397	535	2625	2630	636	360	525	321	321	457	385	319	522	1147	1452	1698	1334	1422	959	927	1182	1462	1427	3119	3174	1906	809	836	963	1025	592	533	431	345	418	589	466	560	715	684	582	643	792	569	614	790	1291	1160	1227	1379	1528	3290	4979	2675	586	586	786	675	763	1323	1269	763	760	785	691	892	1777	1627	1277	1264	1423	1195	1211	1126	2333	3499	791	704	799	1738	524	1784	897	888	828	670	663	885	1968	1521	2198	3933	2060	1086	1476	1755	1111	700	1239	964	868	1540	2523	1005	977	827	733	966	1100	876	996	902	863	829	889	861	1395	1576	1632	1797	1112	846	2600	1197	1193	1235	1129	826	898	831	393	610	978	1894	377	422	378	506	423	198	238	364	162	414	425	454	563	501	480	981	1204	501	357	200	1492	2367	2766	2554	2965	659	979	1488	496	425	485	677	535	710	620	1121	722	811	826	609	642	1178	563	548	890	505	678	645	778	970	729	667	759	756	694	842	821	701	531	481	1355	1805	1288	660	469	575	378	495	257	209	269	172	361	215	166	681	354	570	447	672	400	251	469	495	302	72	217	393	233	274	380	340	397	403	264	255	277	477	281	381	431	365	192	268	437	1302	1276	1200	1502	2055	1583	1530	1734	1921	2019	1498	1125	371	984	123	21	95	470	1216	643	617	831	941	1662	527	468	108	157	1698	150	192	310	313	72	452	1324	1652	1675	683	478	579	525	395	365	336	483	320	408	350	412	473	472	350	444	366	276	309	912	904	859	633	558	549	588	619	1186	1116	1179	1531	1597	1151	1867	1734	1055	749	475	470	845	1095	1114	547	715	688	601	831	1051	1081	905	765	519	312	175	135	117	119	131	182	181	90	81	88	84	830	2110	511	237	267	176	168	208	171	137	83	145	97	62	138	114	89	310	1439	1549	143	95	207	92	108	156	84	96	105	56	160	93	71	89	178	158	138	529	1320	1282	1141	89	76	79	85	608	622	790	418	327	217	200	221	134	172	179	278	149	145	75	73	387	91	110	109	74	127	310	255	286	421	306	266	150	378	480	402	352	171	183	173	1440	119	202	294	234	195	319	493	2118	2722	3292	2587	3083	459	549	529	420	146	1024	719	860	749	484	450	441	571	581	582	609	771	930	1137	946	1062	2100	2783	1677	1206	958	982	1377	668	3311	6154	6435	1083	1033	842	1773	4557	3086	1113	754	677	1742	2256
23957	23441	27422	23423	20815	19700	18692	17445	16535	18041	21972	22050	22503	22264	23849	21730	21178	19813	19062	17820	15705	16425	17831	16405	19641	16029	15670	15827	16516	16964	15812	18926	17529	17014	15960	17640	15504	15885	14938	15249	16652	17196	17044	15374	13520	15103	15256	13393	12329	11434	11772	12188	11128	10856	11625	12209	11542	11834	13504	15099	14366	13475	13879	17510	20378	20221	18569	21263	24578	24850	24728	25151	25772	22796	28415	29914	27549	27096	27295	29310	28407	26595	27773	30097	32019	32594	32485	32756	32737	29898	30190	29417	28821	33332	37140	38672	34383	37030	37771	35798	33789	29967	26560	28316	27593	27734	24440	25409	27730	27714	28912	24486	26622	26001	24125	25206	24711	23996	23534	25770	26876	25669	23583	23289	24878	26518	24520	21566	23359	23130	23919	25418	25833	26928	26924	25412	24083	25105	24058	23435	21949	20729	24091	23001	19884	17081	17469	19076	15601	13775	12791	10969	13468	12952	13724	13468	12077	14560	13776	15905	18095	21289	20383	26940	27065	25356	30016	31388	37828	38396	39084	41851	43840	40608	41662	38386	38636	36458	38567	38188	32977	35525	37351	39294	37513	38173	37681	38752	36569	36066	28884	30108	29948	27228	26348	22612	21891	22001	24215	22946	21173	24201	23668	21697	19067	20765	18852	18073	16660	17396	18028	17705	15925	14808	15215	16409	16646	18546	18781	18439	16714	16523	16112	17761	18453	15452	15304	16891	16680	15704	15541	16249	16021	16471	16150	16712	14848	14098	13335	13153	14817	13246	13912	13978	12118	14303	12311	13323	17296	12586	13640	14239	14975	18876	21196	21589	24031	23129	23861	22383	27207	30217	30741	33261	32031	29390	32916	31579	32066	31466	34307	32487	31687	32854	33233	38343	39145	31389	31822	36319	35887	36277	39517	37830	36195	32256	33442	35596	32149	32154	27726	24805	22440	24257	22181	21232	23581	24522	26102	26235	27576	29439	25262	21762	23577	19248	20458	18719	18181	15913	15477	17675	18772	20299	20083	19372	22024	21919	17638	19281	19416	16668	17203	17948	15273	13908	12997	12443	13079	12498	11387	9546	12075	9276	8714	10403	11214	11105	8676	10153	8487	8577	9079	8490	9240	10165	10431	11151	9840	10135	9716	12576	13485	15852	17461	18023	17927	22522	22016	22195	25844	27737	31329	33945	30616	29648	25562	24295	25747	24787	27295	28704	31616	29257	29600	30726	30485	27377	26106	28184	27256	25374	22001	20752	19236	22166	22962	24059	21322	21201	24345	19636	18264	16883	15722	16992	19765	18461	19184	16519	17919	15766	15316	15123	14381	16866	14049	15409	17814	15132	12726	12100	11343	11619	11270	15948	11892	11595	12049	13091	14817	12943	12136	9651	8817	8572	8373	7929	8384	11350	10556	8369	8951	7180	6678	7398	6474	7960	6371	6576	8467	7593	7336	7304	8717	13729	9163	9433	10446	10395	13423	11459	12859	14300	11933	12175	13594	12978	13669	15161	16777	14445	20855	17280	16859	14812	19044	19277	18226	16952	17463	16394	24084	15277	17027	16249	15099	17558	21214	18204	21557	21986	17179	20364	18110	18814	13749	17012	16141	14207	12756	14902	12200	11548	14581	12200	18830	15264	14482	16121	17019	15254	13704	14339	15088	14394	14067	13409	14712	13493	12101	14294	11765	10534	11645	13517	11076	11860	11024	11728	12703	11929	10792	11148	11073	8846	10877	9010	9106	8921	8897	11642	9602	9697	8090	8064	7212	7876	6854	7573	6412	7482	6200	9418	7807	6417	7544	8850	8915	11965	10365	12650	13084	12035	14640	14501	14128	15245	17813	23985	15340	14455	15651	19701	18020	16413	14795	14883	14526	14229	15248	18678	16421	16867	15428	15741	14392	11790	12697	12491	11457	9932	10079	9277	9923	9216	10509	11982	12177	10377	12687	12815	13996	14241	13292	14255	13626	18267	15931	15533	15780	14565	14020	13695	12144	11958	10748	10528	11839	10746	9850	10191	8853	7875	7635	7510	8827	9608	9667	9089	8986	9387	8197	8003	7890	6287	6006	6438	5993	7796	7646	7289	6635	6508	5471	5933	5798	5451	6316	9046	9995	10380	10703	11249	13682	16919	19431	43781	42845	39967	23479	28962	31236	30796	28414	30154	33622	29686	28699	29087	15202	15882	23486	12129	13182	22928	25399	26718	28781	24999	22268	25283
31295	42329	50688	57435	32132	39089	39488	67605	47524	40956	48075	62527	47142	35372	48481	58182	34174	38086	31953	51914	37621	41370	34013	56436	44308	46835	42332	56786	37794	33607	33851	50133	28697	25591	24695	40850	22035	17947	18730	38300	22639	24422	21807	35365	21435	22416	23669	40075	24560	21542	22766	35878	19152	19407	14844	38035	29606	27544	29906	36728	20033	18144	24180	40531	22932	27516	22768	46843	31102	32019	35352	42569	38217	41434	34936	52517	41658	39525	47985	60751	72849	65792	62654	74069	61722	73623	75675	70218	63320	68418	64030	76787	70938	67198	72542	80309	71697	63440	82770	104322	70118	58629	51163	68973	44555	39388	36370	58582	44841	42209	47733	57445	35720	34562	37297	55080	50719	32695	37654	53506	33567	40875	36505	61036	47168	39846	35002	52817	36015	23818	23569	43569	23218	22499	26446	56539	90687	82987	73162	90541	74102	71783	66597	80889	74674	68887	21733	38809	24341	21014	20721	39025	29283	29640	31957	56190	35707	29252	29486	41792	25171	22423	36095	62007	48879	56125	54443	74834	46613	49847	51307	86819	79261	67232	61000	71157	53116	47603	45737	64167	47648	47165	54427	69475	67292	62325	62562	77833	67388	59898	47815	60493	44759	45085	45700	64514	48245	48255	63189	79884	64267	56159	46832	62570	41637	41503	40903	61923	40746	38309	42387	70289	52762	40829	44791	68399	45710	44636	39996	56920	36243	30497	38703	51526	28348	26717	22619	47556	22412	24055	24810	55119	27542	39243	42153	49935	33028	37059	46576	50101	32547	34705	27494	46332	28055	28335	25918	47213	32393	37882	36422	63861	33603	27001	25922	51919	28787	36753	30724	46647	40447	37919	37575	64468	42048	42809	47259	69165	55972	45670	58887	77545	149817	116473	62593	63093	56514	54919	47469	62867	45221	45290	43578	59354	56111	43803	42944	51363	56169	47693	47054	58474	70071	63307	57302	66873	67945	56348	58571	62564	59628	56011	72460	69299	63363	53239	59302	60317	55996	43348	38761	52885	46499	40495	43679	58108	43010	46840	40827	52067	35611	30301	33596	49054	30098	30208	27645	47543	37281	34455	30588	43969	34069	33609	37651	56541	40798	41451	36551	48833	26919	28819	29046	47695	34830	43217	41261	48619	31378	29600	23994	32003	26035	24190	21128	29508	24212	22209	23458	33095	42396	41973	48180	44023	40316	50848	63580	61558	51899	51726	45420	51229	53598	49175	56141	45390	34563	37591	34679	42795	53157	49896	47956	51724	56552	57193	74110	78876	73482	75528	64177	61391	53222	40469	38573	36711	41040	41491	42529	46506	49636	39738	35040	41774	43640	33722	35780	46298	42183	41833	45557	46529	44616	46719	44688	34975	30899	31778	47981	42904	37751	33117	30582	36163	32579	38733	35645	35351	36786	35456	37048	30793	30611	25534	25003	25856	25955	23068	20453	24782	24968	27701	19111	33277	25878	22735	24756	19389	16814	24524	16601	21656	27081	24408	24993	31991	28658	24654	27227	27587	30975	29100	40397	32944	28996	28707	32091	31866	26655	27398	24669	27597	43755	35865	34038	31344	31703	36890	34903	41438	56324	40597	37787	36010	34968	33037	41553	20313	21591	21218	28572	24858	20336	21571	19262	19914	19025	21608	18406	26119	23983	26429	29655	28176	29097	25942	29462	27621	21608	18747	22263	25736	21802	17381	19136	17588	20075	20918	24853	20105	20183	21070	18424	29059	21637	17071	20680	18405	17264	17253	15066	20058	26835	26200	27805	25322	23685	17980	22149	22762	20138	23013	28178	17147	17757	16476	16183	18622	22202	24146	19429	23633	24727	35826	30027	23493	24042	26855	33832	41233	22767	22077	21515	25212	19208	20581	17399	21788	26472	18749	17784	20520	18564	19755	20822	19741	21448	27025	22741	21510	20378	22350	27988	30032	31086	31436	27603	30572	27658	27050	26645	26593	27787	28061	27794	26062	23072	24483	31540	35877	34563	35816	33408	32612	35797	36356	40645	46527	41044	36738	34431	38387	33179	30754	35960	37751	39493	28100	28016	42373	36609	33892	30688	23032	25631	22197	25091	26766	30209	25542	22755	25231	29353	27096	20877	39173	34475	35891	32901	31028	26289	24928	29256	30453	39062	40685	53158	40214	40888	37927	37915	44702	45922	44457	50960	39547	32468	37573	39437	42525	33617	33769	47432	41154	46768	69375	58620	67210	52016	86745	76889	79393
930	812	822	889	1087	852	833	784	688	455	637	779	537	586	508	473	374	512	451	712	413	189	221	333	351	455	240	343	404	479	429	348	212	435	380	260	335	474	495	380	403	302	266	329	313	426	276	278	289	165	357	364	444	228	273	262	295	192	334	209	277	435	196	472	267	344	258	294	306	292	628	722	389	475	781	834	869	1022	994	1003	747	800	778	957	1271	981	997	608	758	451	784	601	476	647	422	862	1191	790	950	753	710	714	650	1215	1277	1099	849	679	708	463	621	539	524	447	646	596	476	432	544	375	414	311	468	587	622	497	488	563	601	388	382	327	331	481	515	483	492	782	585	566	382	412	575	547	422	382	325	344	487	492	299	430	439	381	493	455	348	421	467	406	392	354	296	338	387	330	284	442	567	312	650	392	487	421	508	528	535	532	393	875	773	437	642	684	520	518	530	405	404	509	410	629	595	677	598	542	415	505	528	478	587	442	486	330	433	351	304	273	346	220	236	381	239	394	349	415	567	373	278	449	446	304	377	389	258	327	320	392	244	416	281	338	360	246	370	331	1102	191	811	708	551	346	236	338	189	207	448	549	380	456	344	279	306	377	299	256	460	560	487	384	312	446	505	424	608	478	742	505	364	317	345	444	642	334	608	558	517	513	584	700	458	565	417	508	660	532	461	733	645	783	796	834	666	568	1425	3064	605	480	644	712	589	549	385	550	821	688	415	457	616	402	393	337	332	543	587	428	565	518	391	333	352	372	479	449	367	257	330	313	431	299	263	269	392	252	253	302	879	693	557	736	542	437	927	821	690	515	456	416	497	517	480	432	517	511	482	460	502	874	544	718	446	494	579	403	1200	1671	1145	918	1268	1156	796	762	913	713	904	412	444	515	559	464	510	595	796	774	554	821	1010	895	746	730	769	831	938	1102	578	1003	883	593	958	862	781	597	403	460	516	552	524	1127	493	490	758	1483	891	658	812	1113	708	769	645	648	471	508	710	631	568	575	531	505	658	585	683	392	251	301	387	368	236	232	189	344	408	605	612	450	276	244	308	193	662	144	288	509	1059	1171	1037	1104	1062	1253	261	230	234	263	1030	942	1472	1153	1240	1552	1781	967	1085	967	1276	1445	1779	1464	1547	1600	1468	1882	1360	1413	1456	1293	1484	1504	1450	598	436	675	416	622	566	757	517	510	209	494	340	496	88	328	119	128	113	344	297	314	257	357	286	181	325	350	265	358	260	397	339	367	302	317	319	327	596	527	596	449	567	417	330	247	258	320	492	424	650	673	405	585	295	372	187	140	168	227	144	142	191	138	225	207	169	195	174	227	140	241	291	309	188	304	159	270	134	144	198	273	167	198	133	139	184	283	123	182	177	331	230	422	260	309	433	319	130	160	296	295	331	316	217	235	357	196	116	269	259	329	187	147	149	204	185	349	298	665	328	211	217	307	330	387	389	264	342	231	253	248	201	227	248	242	247	172	252	150	184	306	278	108	157	197	342	535	212	356	303	285	255	323	461	439	412	393	332	423	368	505	472	431	373	569	662	1531	631	540	858	611	656	508	722	799	594	449	306	591	525	401	480	529	394	599
7300	1394	6745	825	1215	794	857	1540	1135	1164	1177	1372	1693	1752	2038	2740	1339	1458	1272	1232	1110	936	759	552	777	526	734	793	749	1019	802	1147	1068	1287	1073	1232	782	790	1287	1104	569	625	549	730	593	797	769	973	676	1115	1051	1039	1100	827	730	990	1127	947	998	1671	838	1012	796	802	1487	1014	761	1047	822	1127	1349	1262	1059	590	679	831	1227	1407	1394	1758	3305	1592	1190	1347	1519	1810	1310	1873	1954	1549	1528	1396	1011	1285	1225	1363	1352	1249	1261	784	1091	1227	750	935	604	357	587	801	1060	1995	5851	661	615	491	453	431	595	726	569	742	1896	1165	1103	658	1032	588	879	1056	1270	914	833	832	862	394	327	571	329	1049	870	555	438	462	607	531	329	309	334	522	288	265	307	250	170	255	243	300	278	374	345	364	260	429	294	193	472	425	490	572	539	645	737	822	660	721	653	820	1227	718	668	803	470	471	341	283	474	487	383	818	527	641	518	664	602	691	562	1582	889	1111	599	623	498	246	431	226	640	622	274	765	138	274	134	784	325	185	237	180	181	175	165	230	402	178	149	157	213	145	183	1395	125	299	123	301	809	897	662	863	645	520	674	894	571	458	175	355	237	200	97	128	198	113	227	53	169	166	134	314	296	203	339	1619	1426	425	1783	3172	724	238	445	443	876	1507	1451	1058	1282	1476	1489	1186	1561	760	1082	987	1353	590	471	824	1024	553	376	715	546	813	416	564	724	827	1145	784	566	1043	388	533	413	473	383	520	554	739	872	685	725	718	588	654	597	652	779	549	729	837	549	679	458	550	493	524	343	691	866	538	567	1063	330	656	715	517	714	1193	431	760	715	751	874	805	827	971	695	827	768	609	965	888	826	903	1068	771	904	1056	1026	711	616	667	836	685	874	887	843	1014	661	653	925	883	927	733	909	1086	859	835	894	658	602	668	719	337	476	555	995	675	732	889	609	806	864	392	1261	1818	666	545	634	402	670	742	652	989	893	836	1584	1118	556	554	658	685	476	399	251	379	451	354	236	275	256	247	321	84	230	326	545	322	284	302	270	377	610	761	548	505	633	504	574	578	1369	555	433	556	687	530	541	461	566	733	637	944	969	1049	910	719	2367	6887	2087	527	274	250	506	501	514	687	605	1106	747	644	662	600	693	475	523	911	692	727	717	585	482	461	1868	8820	3993	600	520	537	417	588	6436	9347	9767	9932	5010	829	767	558	642	317	480	499	562	564	435	496	372	441	458	694	847	439	490	675	585	857	545	279	337	335	390	403	377	394	384	405	314	411	537	550	518	413	563	242	240	515	566	419	326	361	385	553	555	528	591	763	564	542	756	219	382	466	910	326	343	297	467	240	297	483	425	413	1015	1065	750	688	543	473	1506	1939	1661	2469	798	615	642	838	615	706	629	547	570	743	597	556	584	642	718	558	855	551	421	376	218	320	561	573	686	860	592	207	222	228	264	218	190	249	226	164	233	137	359	314	623	540	734	542	598	798	808	727	712	741	606	638	530	643	465	782	702	784	614	726	683	876	928	984	890	1364	1181	1615	1488	1146	1360	722	875	1125	642	758	990	930	627	630	732	796	666	978	1147	1011	820	596	710	775	560	708	943	1074	793	976	897	805	757	522	469	446
3467	5238	4844	5349	5081	4491	3636	3456	7348	8150	5832	6361	7740	6261	12907	5818	5215	4613	4394	4880	4579	5200	9445	21845	18645	7606	6330	6803	5632	6084	7117	12154	7920	12798	9707	10864	6620	8298	5805	4971	4479	2741	4234	8201	6415	5837	5804	5669	6252	5881	6183	5449	4577	5145	7028	6884	8606	8067	8195	4407	6257	5917	5508	4913	8061	5884	8184	5582	5411	3810	3536	2957	3885	3742	4540	4568	5321	6993	4086	5963	7126	4797	5640	5085	7131	6014	5109	5905	5016	5173	4835	6488	6070	7423	7278	5875	4361	4647	6347	6457	7320	4347	5882	4829	8545	8674	12014	9424	7207	5488	6643	4397	4498	4756	3523	4485	5117	3939	7147	8985	10751	8236	7494	7862	4238	5116	3351	4865	4463	3658	5213	5009	2907	11512	11681	9544	4426	6811	3192	3476	2865	3096	2617	3607	4847	3156	2233	3456	2597	2971	2638	3439	3094	3378	5747	7292	4176	2649	2974	4994	2770	3848	3422	2519	2605	2629	3101	4569	3102	13765	3878	3037	5017	5569	6696	6146	5729	3912	3665	3935	4758	3919	3489	4587	21859	28658	5353	3241	5170	3993	3360	7362	7819	7988	9591	11821	7136	3471	6753	8085	4841	3754	4815	6684	8190	6610	5127	5412	6742	4958	4174	4005	4323	3794	3845	6944	11208	9552	7267	7925	10397	5791	3229	3272	5129	6126	10683	11005	10779	11086	13300	14032	11434	13396	21178	7486	10003	7510	5927	4964	5158	3845	5604	5033	4037	5967	9691	3639	2794	2951	2790	3747	4598	4408	3816	3656	4002	5054	6081	7062	7714	6349	9520	6339	8114	4869	3463	4951	5145	10125	4782	4413	4275	2510	3977	3477	4514	3773	2886	2532	2902	5839	5243	6015	7164	3150	2692	3972	4989	3482	3714	5802	15079	16142	7736	5835	5363	6006	12306	12363	7347	5938	6737	5004	5129	6282	5752	6539	9990	8243	8440	8989	11643	6514	5678	7580	8145	10410	11071	9763	10864	5469	5966	6491	8328	9728	12638	11771	11688	9299	9118	9624	10989	8754	7300	7176	6522	4126	6075	3242	2489	2931	3635	7394	11934	2835	2254	2291	2994	2807	2877	2680	2782	4467	6587	4551	3474	2977	3927	3415	3578	5475	9131	8993	9991	6244	5992	8273	7117	7734	9683	8559	4158	3824	4425	6140	5867	8922	5179	6476	3574	2214	2248	3255	3248	3231	2596	4082	5850	6509	4671	3545	3826	5988	6700	5713	9941	9669	9717	6435	6030	7200	4346	5558	5163	5260	4063	4075	4535	4701	4331	5674	7795	6549	7272	11932	10528	9379	6333	7255	4827	9604	4301	3982	4478	6321	3650	5003	6357	5869	5853	5501	6658	6526	6185	4605	6221	7371	5031	5249	5690	5458	5450	5985	6040	4177	4835	5488	5071	4319	4876	4785	4246	3528	3667	3774	3885	7813	5072	5109	4720	3978	5491	5932	5186	4826	6092	5591	3570	2407	2943	2745	3841	5783	5925	2781	2095	2675	2963	2791	5920	5799	6524	9450	5991	5040	3555	4828	5266	6007	14486	5464	7191	6287	7248	7055	6399	3835	4214	4738	3173	3370	4940	979	13	27	125	752	8162	10059	4420	3881	5060	4028	2553	3713	2911	11863	2780	2441	4790	2903	2506	2395	2050	2331	2399	3828	3781	2927	2195	2066	2545	2689	3353	2959	2936	2517	2882	2556	2394	4563	2425	6123	10546	2073	5672	1921	1678	7493	7096	15434	15858	17247	19396	8031	5182	3418	3685	3044	3360	2950	2937	2435	8921	7169	5007	6189	2879	2445	1913	1442	1904	1794	2083	2906	6761	6806	4416	2738	2269	2537	2545	2429	2179	3341	3254	1528	1990	2105	2714	2904	2740	2336	2240	2066	2363	2204	2368	4283	2469	2114	2838	3231	4618	4104	3988	5096	3901	3879	3809	3640	4486	7491	5004	3334	4040	3206	3683	3909	3810	4174	3717	3980	4070	3887	7018	7259	3088	4461	3909	3721	4275	3801	3998	7115	7183	8048	3236	4913	8012	2638	3603	4013	4067	4382	5203	5748	7400	9068	5876	4728	8273	6064	4786	4844	3339	3281	2883	3600	3929	2600	2305	2585	3030	5477	5489	2700	4614	4138	4716	4369
6614	8835	9142	11499	11112	11675	11584	11773	10662	10797	8311	9126	8981	6836	4403	4278	4212	4868	3495	3816	4012	4648	4763	4360	8225	7756	5774	4723	4526	4407	4650	4923	5072	4048	4355	4325	4327	3120	3528	4349	3457	3399	3615	4176	4712	4911	4484	6257	3818	4384	3668	4001	3266	4129	3385	3499	3337	2450	2854	3014	3680	3590	3361	4148	4771	3870	3582	4100	4102	3255	3353	5251	4590	5985	6834	7185	7437	8861	7719	7133	4370	4575	4639	4905	5409	6430	8683	7562	5866	4607	4786	4561	5595	5438	6284	5302	5112	4613	6101	6225	7391	7182	5905	6273	6016	6197	5182	6029	9067	7299	12090	8169	7071	6226	7630	5612	6363	8219	8426	7876	9035	7059	8528	8727	6841	6385	6752	6639	4302	4500	4226	5197	5662	5982	6455	6112	6138	7090	5837	6447	7457	5970	6654	6158	6876	4482	3499	3116	2931	2795	2695	2770	2511	4303	3142	3322	3376	3455	3625	3476	3599	4904	4537	5242	5782	6108	5457	5568	5823	6052	5759	6144	5645	5031	6191	6945	6338	5315	7747	27467	18556	18874	12648	16760	15913	5910	7424	5699	5476	6313	9678	9212	5352	7903	9417	9630	10572	9457	9341	7295	8403	9034	8799	9215	11917	10958	9735	7791	5421	5982	6551	4859	3600	4522	4317	5292	6995	6460	8007	7876	6135	6462	5206	5507	4313	4149	4013	5904	3671	3435	3844	4239	5277	5486	5647	6200	5303	5111	3750	4386	3722	4619	4016	4464	4649	3780	3746	3643	4414	4960	5117	4646	4683	5087	5401	4955	4327	6486	3947	3685	3806	3656	4767	4283	5656	5387	5904	6644	9822	7602	8053	8595	8490	9342	8349	9915	8393	7250	8893	6880	8599	8244	7855	6672	7753	5575	5727	7856	6283	6124	8013	7326	6322	6667	10094	9213	10265	9888	10509	11248	10884	9851	7563	7530	7486	6420	21108	19503	7198	8455	8656	8494	7640	9504	10847	9823	6617	7101	6635	7815	5191	4655	5686	3717	3166	3535	3801	4137	4207	3871	4958	5152	3976	3514	3742	3864	3711	4399	3229	4396	3868	4200	4031	3532	3051	3474	2999	2795	2438	2758	3006	2888	3709	3920	3795	3628	3185	4443	5063	5250	4403	4795	5224	5655	7363	6797	6131	6367	6893	6001	5843	5639	16900	11938	28574	12101	19407	15312	6189	7010	6901	7104	10114	8477	7782	7690	7106	5876	10480	9447	8790	7646	10077	9943	8970	8151	7151	7607	4231	4213	4371	3802	4547	5184	3952	5044	6752	4808	6300	12436	8420	10631	11949	9056	7488	8917	8321	8191	7814	5387	4455	3712	3897	5859	4768	4443	6062	5045	5907	4665	3325	2738	3795	2098	3479	2436	4256	3412	2090	3213	3046	2760	4048	2480	3377	2175	3650	1957	1750	1771	3679	1944	2450	1695	3425	1713	3486	2794	2946	2113	3059	2753	2948	2839	2261	2226	3060	2101	2171	2326	1877	1998	2176	3248	1854	2201	2479	2083	2861	2751	2140	2088	2433	2846	2584	3666	2489	2260	3624	4263	4995	8664	3032	2832	2994	3068	2222	2254	2767	2382	2478	2452	4575	2269	1911	1735	2980	2313	2079	2130	2230	2176	2360	2339	2107	1646	1416	2208	3942	3594	3081	2101	4248	1870	1756	1994	1787	1720	1817	2350	1797	2034	1824	1283	1585	1981	2324	1647	1696	2340	2532	2243	1887	2009	2068	2102	2192	2250	1441	1701	1540	1556	2305	2458	3005	1795	5531	7104	3946	4295	4993	4747	3546	1666	3156	5273	5325	3391	4924	4969	4561	5545	4416	4999	2112	1874	2448	1855	1764	3134	3136	2881	2851	3068	3990	3310	3766	2779	2546	2621	3079	3576	3039	3189	3186	2913	3494	2579	3018	2120	2481	2795	2754	3107	3615	5077	4559	4125	4511	4576	3214	3546	3658	3578	3045	3120	2531	2266	2263	2224	2835	2991	3245	2727	2034	2113	3695	2206	2080	1934	2401	2149	2317	3143	4370	3772	2192	2569	2051	2696	5525	4199	4019	4052	4066	5208	3540	4003	3939	4097	4199	4040	3127	2870	4067	4155	3683	3887	3937	5359	3920	4366	4968	5831	6456	8396	6780	6766	8376	9374	11045	9601
970	644	908	555	1225	399	6641	2241	571	690	1327	3172	3176	1587	2467	1371	2546	2843	2988	453	3471	620	2128	1949	2244	827	267	276	863	1448	122	68	118	690	608	594	1291	98	244	450	115	248	96	150	1029	3434	2874	4037	2919	3213	3934	328	2010	3631	3217	3408	5132	755	196	550	29	8	170	1013	676	68	483	3056	863	274	94	125	371	1633	666	733	882	2120	2290	1133	2015	1659	771	1033	2160	2793	1251	1950	1743	3939	724	825	1073	1410	1509	1867	4055	2140	2246	1742	3078	4116	988	2564	1677	3133	2171	1195	1222	2363	1308	581	2044	1108	4211	4841	5494	1967	978	2008	2840	3525	4693	4989	2023	334	640	484	1693	688	2201	694	472	327	618	674	813	1250	1077	190	321	1135	1383	2690	1818	95	114	1648	54	76	84	134	60	202	50	77	162	88	110	261	1145	427	1547	318	152	233	240	378	540	767	286	590	1080	1540	3353	1103	810	863	1315	352	644	380	984	289	381	347	480	716	714	1052	1708	3460	2452	3909	1146	1222	1910	2071	3008	1167	699	1073	2898	884	639	387	510	595	950	556	1198	651	558	681	742	834	633	818	1771	581	1538	990	1232	2505	3075	2827	568	390	640	366	1051	299	707	345	249	781	669	890	739	536	781	708	823	796	593	1375	677	1209	1576	1800	1385	1663	1681	2532	1841	1862	1061	851	223	1986	4923	3772	896	957	1382	2750	807	891	1048	1457	1328	999	2299	2141	1150	857	879	1234	2246	2014	1925	1336	1882	1397	2045	2507	1379	1001	883	1702	1012	844	918	884	1372	1169	663	810	2652	4409	3037	3422	1475	2668	697	415	721	413	589	596	657	378	2201	5651	528	848	55	168	55	79	179	1271	1502	387	21	8	4418	7740	10977	25	68	36	32	942	69	6	23	79	35	37	221	419	117	56	270	248	1037	2436	1938	430	61	63	1930	235	159	674	1055	968	1365	1900	3087	1737	3459	1815	1491	1697	1756	1511	1295	1666	1819	2070	1816	3275	3382	4785	2231	2895	2541	2025	1592	1365	1363	1189	1871	906	3612	1387	2678	645	1781	1594	1752	957	820	451	412	4643	4184	945	982	570	597	573	745	188	157	165	2466	3577	105	105	71	75	14	59	145	701	3016	18	13	17	30	105	26	25	36	460	236	1536	44	87	87	28	8	212	294	60	184	177	342	1163	1195	317	211	20	47	30	630	104	105	34	52	87	153	29	106	258	2795	128	710	149	197	234	1665	205	290	71	367	131	417	216	72	106	140	365	207	516	994	609	921	444	790	952	1887	2100	1931	2075	475	901	143	89	337	295	69	333	255	72	93	1541	7820	12053	1583	6000	705	125	69	51	172	262	193	221	427	194	255	217	598	1321	2127	1518	958	1863	1352	1147	110	80	114	77	485	119	61	31	99	237	78	125	41	78	53	63	25	9	96	54	392	158	21	61	24	863	316	271	94	61	540	262	61	25	60	127	617	608	929	481	4146	3976	4300	4497	4500	369	21	532	929	143	1482	1193	1184	1257	1007	60	90	37	95	1862	1574	401	294	69	127	58	95	433	129	871	1375	1334	1530	1423	1216	84	127	61	41	108	46	71	45	26	49	52	30	369	100	76	58	10	13	12	69	47	1905	3693	1784	3429	3473	3515	908	67	29	29	11	56	38	36	141	54	106	463	58	68	665	63	514	113	30	80	103	228	229	1980	1735	1712	1089	1169	865	833	894	1088	862	983	2888	3903	6950	3352	3731	1025	1488	881	823	1233	1152	728
1	160	211	429	606	487	429	558	489	439	321	286	91	36	14	12	187	60	49	1	48	0	1	0	12	12	0	20	18	1	0	35	12	12	0	23	48	11	0	24	0	0	1	0	12	0	1	193	60	36	0	1	0	60	0	1	3	60	0	1197	1896	842	36	2	0	1	93	12	132	120	24	85	1	15	1	2	247	996	130	38	37	74	61	23	59	25	82	158	157	26	72	90	2	34	36	267	141	75	4	5	60	26	79	24	14	61	3882	41	0	21	26	142	0	12	2	2	1	12	37	0	37	82	0	1	0	2	96	0	0	1	0	5	1	3	58	141	154	156	173	155	149	136	51	4	0	0	11	2	0	0	168	12	36	0	0	0	12	1	0	0	108	0	1	23	274	13	2	108	147	429	127	50	439	49	1	173	38	9	27	95	67	137	99	151	3	81	204	62	40	113	23	1	0	14	26	18	66	122	37	7	4	1	0	0	5	43	157	4	12	20	95	0	0	47	39	1	0	16	0	0	0	0	0	60	0	0	1	0	12	84	13	1	13	14	0	1	1	0	0	195	15	12	0	301	12	84	71	12	12	0	11	0	368	0	0	48	60	14	48	311	0	142	950	640	240	161	0	25	1	88	1614	44	7	63	813	3175	3018	3195	606	15	61	1	17	498	61	212	22	155	25	46	36	29	11	3	13	1	1	45	59	74	3	13	98	1	0	1	0	0	12	95	0	0	0	0	11	0	0	0	12	0	0	0	0	15	0	12	44	11	0	0	0	1	1	11	25	24	50	12	0	0	0	1	0	0	0	1	0	0	12	141	239	165	254	255	105	330	69	511	84	12	107	79	0	13	1	12	86	37	57	1	12	116	453	13	1	17	255	13	41	70	8	28	23	18	26	21	11	115	30	117	362	229	7	101	2	73	55	106	55	51	13	12	1	2	616	25	85	0	242	25	0	36	2	1	1	0	12	52	1	0	0	1	13	13	13	0	1	0	0	0	12	56	0	0	0	0	0	0	1	0	0	25	0	0	0	0	0	0	0	0	0	24	0	0	0	0	1	11	0	0	0	0	3	0	15	24	12	0	48	0	5	0	1	120	0	0	1	4394	23	579	569	32	36	1	944	84	730	61	27	34	1	1	0	23	103	581	138	1	274	68	9	0	1	0	0	14	12	11	700	0	13	72	0	1	0	1	422	0	0	12	0	28	0	24	1	0	0	0	0	52	12	1	0	0	0	0	11	0	0	0	1	0	0	0	0	1	0	0	0	0	0	1	12	0	0	57	1	0	14	15	13	0	1	3	0	1	11	48	69	0	0	0	1	2	0	0	0	1	0	4	1	13	4	0	0	62	0	0	0	0	115	1	12	18	112	1751	324	25	0	1	1	0	0	0	0	0	0	0	16	24	11	0	0	0	0	1	0	12	0	0	1	0	0	24	0	0	0	1	0	0	0	1	11	0	0	161	125	159	0	12	1	0	68	0	36	36	1558	57	18	216	23	0	1	25	105	27	108	66	1	0	1	0	0	0	0	0	0	0	0	0	0	24
536375	286314	348084	290035	268149	392733	435175	544237	500743	468946	447084	335517	281962	512429	469472	455803	513453	442348	341159	332171	351522	348154	180862	205286	62062	229973	172811	168508	327788	315471	283142	326295	175043	156168	325662	358751	460109	521341	356065	213199	215870	201053	130873	207963	209862	214637	273906	201722	195005	168914	115461	233615	235496	173057	127789	182931	166109	288503	289608	292617	429157	384880	471648	383850	306721	484013	435752	383840	592122	518625	95489	16602	21353	22304	114650	143451	164264	163566	155429	154433	162427	122738	176280	201129	147904	221509	251477	280490	343039	302447	354876	295643	294665	460356	381268	392605	359742	386493	416534	331885	287633	176200	309215	196107	84844	281681	314295	316971	364087	382045	383432	254268	14341	15485	29099	27357	11817	23850	4649	21614	20486	12000	19198	4990	20570	21707	22173	20325	11333	11003	19328	18864	18943	21077	36857	19692	32304	27919	22018	50162	52162	110750	162360	108734	101973	107604	101569	101226	60869	72093	71730	62355	85037	97290	89309	98952	139924	344300	294483	189229	365030	228256	314240	318225	232803	198740	265914	431135	393885	456547	344176	384950	307739	272696	308744	222242	366160	335973	350217	362696	342809	506757	570767	151064	441558	321521	199185	438612	448038	431600	380480	377863	308425	295131	355325	330318	112107	312961	328861	597293	557673	482319	506772	536884	538039	702196	752966	672038	689880	587864	202088	186928	433833	565810	623788	611540	626254	676158	618529	323485	139147	173329	222116	325780	207128	204425	424800	398914	270600	124544	148752	246094	225119	592356	755293	748128	915871	882664	604345	614957	319500	114319	116409	56190	237424	125456	55360	35667	54671	41909	30384	33749	36488	16067	56192	106307	206067	198267	154668	252744	427727	219272	366835	460141	362112	612080	655025	643413	431147	414831	420028	502180	506855	54261	339275	307958	218895	368878	495590	507953	455562	328279	329928	316348	314135	361621	324659	326225	293374	337604	478609	561541	442205	408074	425563	517046	532557	272542	660603	775105	635407	191599	98752	166017	21994	27717	16375	5317	182007	147233	5248	202920	300242	257055	196936	54917	211489	4989	147666	183447	55578	78329	296366	103964	176653	251658	1380	153803	247576	165402	1338	1969	10947	61319	112897	1907	2230	3379	1166	1632	2691	1600	3084	1842	2215	3382	3749	4666	274924	4249	5504	11749	9727	7575	151027	117596	520689	110328	9786	455267	330273	308833	358711	319989	257221	427384	464403	363874	434545	217646	496970	446401	365749	367690	142979	377876	273728	345192	171723	97917	145965	404871	231766	45774	30389	364460	145468	88550	249577	64373	226160	118713	117634	18795	21176	32577	21222	35063	30984	21062	36469	29022	29490	19802	18436	25371	15036	13903	20282	11543	12124	15610	28106	25766	26956	27670	32629	28020	22291	22082	23678	22213	22861	23457	22650	21727	22290	28448	21647	18814	13396	12376	15125	11807	16251	11730	12727	12393	13039	12116	13775	12141	11408	4697	2923	3442	3245	4119	17780	21783	13201	10752	11069	5575	5763	4704	4262	11674	13095	14926	16031	23140	25085	17078	18128	3604	3363	2317	2879	2761	6288	14122	14168	13106	13721	11318	2890	3727	3322	10196	21078	12797	13942	14778	14089	21124	19628	18463	19275	20026	19447	18471	19503	30042	18872	18751	24924	20974	19674	22000	22973	41851	38681	40569	35531	31778	31417	34621	32939	33937	34354	33501	34595	33587	33335	29945	32543	31904	29797	33231	34727	30561	28677	23063	2475	1495	838	1729	6365	3249	692	725	664	2009	2188	1130	1303	1606	943	1760	1154	1530	1240	1095	4861	4627	1515	2868	2282	2222	2379	1343	1266	1377	1582	1311	2965	3790	3328	1856	7906	12220	3544	2521	2104	1633	1709	1613	2581	27336	9749	1485	1386	1326	1914	1948	4005	4068	1625	1661	2665	5124	2230	7639	1443	1812	1373	4381	2212	1954	3121	4858	4806	4401	3359	3979	2135	2215	2790	2340	5576	2199	1754	1962	2967	3025	2172	2762	10440	7187	1330	4675	1887	1637	1797	1174	1331	2658	2498	6340	8390	4604	2703	1568	2915	1229	1911	1196	2588	1085	1878	2112	3990	3736	4763	5223	4553	4710	4146	4771	11557	7264	8168	11748	12002	12442	11124	12882	15018	11336	10940	11565	14788	18828	16537	19866	18927	16644	19763	33025	21924	20925	22295	15934	20690	19066	20291	35012	65548	57401	36967	72558
67461	51971	52477	51947	60810	48534	50261	58245	51257	54625	42908	32909	32175	26731	26376	21640	21734	22612	26169	23077	23094	26159	15887	16972	13258	12896	13586	10926	12358	11404	12479	14084	10943	11333	13485	13834	13202	7129	7739	23817	15188	10273	12445	9251	7000	6968	12752	12253	13165	9571	13923	22382	23296	20453	19418	20758	18712	19596	19429	19426	8224	4247	5928	12694	7412	18906	39673	38863	33921	22499	42110	50163	52035	78042	70146	68407	79103	40464	23323	37289	59938	45984	39307	32825	35378	41111	22946	20590	19652	32995	42901	38452	31709	20597	33321	28016	36247	25513	26708	25389	24098	25536	20174	22662	53701	45256	25599	24950	27233	15640	18432	16587	18594	15565	25947	28259	29611	22015	17202	17374	17742	13732	11074	9788	8176	5139	4933	6211	9391	6754	8419	9252	10905	10387	9586	10102	5065	4816	10566	5741	6603	4703	7804	4475	6875	8967	10149	6866	6004	3952	5717	4918	2363	2876	2892	4461	3760	5315	4235	6251	6257	10250	16592	17476	9388	19706	31697	37170	22038	20878	22431	28415	27719	23977	37554	29856	28375	24901	30865	29290	29541	25117	27050	31852	31564	35796	42279	33033	33923	34988	26646	22233	23519	21098	23657	19108	23201	16928	16630	16642	38315	22393	14202	13720	11565	12593	16240	15789	17750	17105	11505	11305	14833	12619	12539	13235	11888	13464	13923	11813	11587	15125	13266	27012	10373	11936	10762	11062	10578	11009	10623	32196	19574	15204	17309	13532	11699	12169	13533	11746	13435	15442	9136	9220	9728	6914	6010	6497	6039	6600	6846	8615	7400	9590	7537	9854	3776	7153	13001	14129	9109	13121	20942	19640	15231	21426	17247	39514	23402	23570	29918	24228	26076	20779	27046	18738	19963	22507	17872	27548	36367	31969	20710	22932	27293	25095	30305	30026	32239	29335	35479	54504	43676	44831	48721	26296	33703	37436	38850	32277	23044	32822	33467	49528	37047	33948	25874	26240	38994	20072	30028	40303	65314	59669	50400	37209	32156	32790	55204	52311	26360	23364	19661	45122	20476	18693	20495	33202	22902	13764	14044	23158	19967	17165	14065	14856	23241	21788	30203	21729	19997	15685	11427	31904	25508	21982	17107	21710	24858	22203	19823	23370	18844	32543	24703	30047	23836	18272	38766	29872	17050	25311	32680	34514	21609	35091	40187	22930	27807	37393	34644	21239	30230	26947	28748	25536	20418	28772	38564	30636	33100	38305	43581	55334	55957	25272	30980	52696	32804	16709	28044	36460	26731	18916	31261	29232	23233	33167	26701	16417	17133	18766	21248	23937	29813	22075	17475	21578	22441	18970	26626	23459	22456	20647	22408	17240	25670	12462	14153	19993	18615	18504	14148	34758	22665	19555	19768	8342	15314	6159	5198	11575	7235	9086	9101	6286	11325	11205	9332	21583	5535	13473	12588	4332	8423	3829	3055	17669	5246	7802	14542	21166	11901	7935	5756	9010	11196	10371	7730	7834	10403	15048	15490	23667	14320	14609	14448	23019	17381	12117	13502	17323	20644	22249	9005	19408	20018	16471	16365	17331	15808	11835	18329	18690	18858	7569	10045	7328	10786	10738	7708	11143	7846	9413	7271	15692	11184	15559	18084	25172	26965	26883	32053	33978	23185	22656	30495	32475	30727	26884	14636	27760	17046	16179	12299	13456	11228	9997	5738	16467	13411	5869	4118	8721	9052	8382	9395	18549	9868	8722	9660	7875	6718	4360	2178	2364	2972	3517	2758	5796	3792	4857	5628	7656	8127	5521	9114	3268	3110	3554	3942	3465	7744	5312	6363	5000	4030	4329	6017	6924	5671	9240	8102	5973	7743	9901	9426	9685	9964	9310	10044	11341	14849	20914	18889	20474	24213	26787	19896	20591	20817	22233	21647	18631	17574	18037	16548	16680	11102	10763	13873	7466	7690	7643	19647	25092	25290	17979	16061	18593	12259	10613	15437	15896	15169	13685	14399	17956	14043	10138	17956	13547	12333	11468	17665	22637	16329	14434	8795	17864	21421	14791	18765	18349	7263	14479	13357	13021	17455	15621	16264	10689	18906	17368	13141	12282	14504	10351	14445	18419	14452	8179	26062	12791	28852	21304	16965	26283	25922	28914	41911	37297	32241	32435	32819	31804	29113	29738	44081	35728	41401	27339	27832	30741	35793	32281	26878	34109	39918	34544	32611	32700
36023	46150	38225	40051	36034	36655	31183	30303	37486	38506	48499	58881	66820	65623	41392	33334	33310	32708	36895	37497	32518	33712	41555	34999	44234	36768	36499	40580	34473	35464	42973	46947	36629	43504	37511	39117	38088	33148	27978	33901	40204	37449	29604	32011	41590	40360	38882	43100	37583	29150	28336	40146	67256	54726	45427	52359	53265	72052	77170	58082	83404	60311	58944	60246	64994	73877	60363	79572	64032	63960	61171	108993	91149	101024	84065	52805	38202	51151	59552	56646	40921	60531	44587	52058	54380	47316	58054	60471	53565	53283	58786	68949	61352	66799	73163	73099	60533	69510	73280	76629	73191	105961	88649	94257	94342	91624	83333	77667	69584	58919	59705	57800	42352	47404	36741	39363	28767	45212	30144	32705	28386	38218	35781	28429	31994	40535	34443	36494	28486	91020	80341	29317	33558	29087	41900	95679	38019	32485	37726	45308	40304	36619	40093	37385	34763	41383	33131	44694	38192	42025	36429	27535	31609	27788	36727	31356	34992	50293	33162	36051	24772	27727	36495	32802	44738	48868	51097	41514	36716	45144	60586	71455	67202	71525	74750	101070	67569	66479	69803	69517	54813	57673	56266	54595	79979	54615	75588	76309	40431	68668	60867	75814	76044	69376	65166	57527	76987	78080	71287	58298	68895	53371	54803	46184	54013	52485	26928	27493	26772	26928	26317	27764	27488	24179	25875	23923	28406	27573	32013	34022	33386	45508	42270	34411	40316	39005	40406	40187	36502	30325	28021	29923	29687	36451	38858	40619	32448	25737	33226	40703	36438	34924	26544	29759	30375	42777	35487	35809	29321	28892	31207	36242	33038	29058	30360	31060	30859	30585	55912	63732	43831	25665	24305	32836	27320	30256	33501	41360	39522	33882	36364	42058	34831	38015	38374	37643	36011	41271	37844	48264	30216	41424	46518	28887	32162	43298	40723	37837	27294	42071	45790	47047	52753	67046	47258	35018	33664	43570	29125	28465	25717	25470	24147	26513	25077	27948	25835	27826	33333	40494	43023	35973	42778	38458	39339	42366	40878	40952	40097	38934	46438	38684	40602	49071	36078	30175	32878	39052	35279	38767	33190	31193	30890	33507	36627	38053	35340	30094	32121	37966	30288	33324	32276	42623	41758	31860	31937	39642	28708	27055	31042	36672	39459	41533	27818	29006	21597	33537	27261	38773	35260	29940	30630	29464	32976	28863	31369	29627	33587	33774	38828	44809	48472	49603	47697	39976	35634	43040	40840	47891	46183	41989	38971	26708	27744	29980	33869	31420	24671	19932	21892	25680	22640	22453	44653	36179	33361	37623	34340	37081	36348	39368	26542	29013	28181	35919	34682	27246	38260	31109	36656	36268	32676	32735	34556	32321	35786	24523	24159	31735	20298	19275	16329	22969	16392	18658	16031	18624	16707	19709	21496	26839	18847	19460	17527	23661	25792	21626	18599	22798	24173	19347	31886	28906	24943	27024	31819	39314	26236	28753	33240	39471	34672	40137	41345	29624	37958	37490	28545	34990	42520	47112	48189	49508	26814	34598	31878	37875	28499	33812	29432	29612	29298	40790	41201	35595	32944	41839	36921	31754	44349	35308	39633	27544	28527	30559	39611	35815	29506	30324	28100	30113	29151	37760	32099	32785	39503	38307	33410	37048	32714	39818	36428	31609	42512	31593	31396	27935	34119	32837	23373	37479	30657	26490	21414	25591	26665	26904	25282	26065	25170	24674	31455	31216	29172	29060	20905	27936	31350	29895	25223	30211	30854	34939	22155	25605	19379	21635	28722	29949	17989	19575	18732	29898	24742	33014	38471	49649	32239	29292	28758	33695	38348	38042	43240	49504	41229	39146	38019	38234	40891	46040	41498	35025	29626	25411	30262	28561	24918	26965	25379	27396	35848	38049	37875	40905	41441	38046	35928	38614	37346	40720	38090	42513	42218	41871	45142	36659	28576	30427	35184	39927	28609	41015	31983	31825	36696	36579	36867	37109	39674	35173	45447	47078	41659	37344	36344	29676	39005	31836	35263	37202	30563	21640	21141	28505	32356	27168	21826	23410	29411	33039	29941	37499	22160	21195	22952	31703	30705	24148	20672	27938	17900	20400	28612	25343	19201	22082	25009	36637	27200	36515	29057	26906	34849	30883	33609	36942	36675	42300	39930	35991	40022	32913	36421	51641	52476	38981	38798	36357	30399	39984	51539	48770	44056	38776	39867	46699	51940	46562	39804	38857
92078	100739	93547	94666	90788	100167	92851	85907	80813	81277	74278	68839	89707	87014	81130	108707	97359	118857	113348	101230	72093	70377	67721	67918	76137	74136	74958	65184	76485	85193	86070	91288	70736	73091	72037	84939	61674	64549	60472	65035	59456	63745	63579	78076	63681	66460	67013	64951	66175	72116	104197	92596	88808	72297	82507	55116	49018	48822	46749	54664	51146	56569	58338	77162	97219	122675	117361	101054	92734	92693	95038	104861	102697	119008	120743	118737	93782	102532	116466	108027	104174	113827	95922	116491	113610	111905	115504	107032	113410	127630	113196	117477	128662	123766	123894	113745	120247	123885	121484	111850	109474	109516	102202	101018	99452	103726	94829	102786	88208	92527	81445	85738	87392	80268	83082	89563	82725	81488	77701	83929	76298	82488	87272	92587	80814	81572	77461	83606	82984	81913	82201	90607	84266	79535	68801	78273	71043	67120	67260	77353	62169	55871	51053	49381	50569	46421	44396	44278	42876	38408	37383	38441	39270	39179	31313	35561	34129	34693	60871	90050	90854	144356	141923	80786	64337	62318	69458	78374	96967	103907	84997	87518	85345	92666	87639	89104	89924	96215	100382	94420	93200	108703	109447	101026	95099	100943	111590	141294	139439	119349	105023	98438	97890	94816	94966	93232	82203	94870	81334	81474	75414	77474	75270	77928	68941	67992	73873	66000	57960	56726	68075	71774	67681	66238	64060	65795	62894	62889	56874	47227	49938	57441	44947	48216	42888	39313	46617	47089	39765	37636	41038	49659	49222	51896	51989	60148	57954	63254	60279	54826	55256	52766	51783	39394	36397	36927	37303	33536	39501	41178	39238	39889	40624	134346	36052	40218	42040	57871	51248	58947	54574	61246	67509	74956	81387	79962	83075	86546	94831	95130	96878	92282	104399	101432	93723	91926	91054	100512	93299	94231	89534	97656	109221	97523	89109	91335	82654	89100	75751	79345	81981	77227	76154	78911	109029	116986	107720	111005	89180	83945	90765	83286	94904	88786	97545	92459	67745	67094	57324	59583	65014	74625	60870	63263	62000	62635	61594	66408	58921	54612	49866	50828	73925	59650	50407	44488	43273	50787	45356	47421	51254	58223	60966	58568	52063	56419	51548	46901	44653	42319	37358	37986	38663	35212	38937	36202	37383	43363	48621	41102	37932	55529	58791	53854	64188	67781	75747	71741	78114	84327	81252	89427	90223	110537	96491	91720	90359	83975	87979	80400	88067	91723	80555	92806	90659	84916	83820	95438	100144	152457	171912	215306	162894	162828	171969	152815	134013	125715	99585	96969	87980	86970	92907	85634	82558	76462	77665	75934	72967	84928	89834	79850	73860	74897	79293	72447	70770	79030	78437	79859	72270	67228	60873	63815	57737	62279	62995	56094	61493	63978	58260	55064	61364	67794	61874	63762	67205	72268	67928	60453	57995	54450	46847	43691	41321	40548	37935	39009	35550	36500	38048	40990	38897	34792	41453	35155	29772	36415	40981	35394	41305	38846	39662	41844	47712	52973	51180	49341	44570	50647	46950	45272	39146	48024	47544	46282	49867	42135	49055	46676	51672	48875	46953	53094	54785	54345	54188	53948	56238	55390	58444	61574	66695	67072	63656	61368	58769	60516	56769	52479	49734	57990	54280	61601	54097	57621	52842	51281	47447	51763	52352	54036	55845	68044	69725	67254	67275	55659	50537	53082	53159	59443	59827	57392	54614	59469	52441	48526	50103	55845	52342	50828	51052	54508	55473	54196	46589	48940	46230	37231	32313	40896	34852	33805	31577	33548	30774	27857	34535	34382	33454	34493	33844	37149	35640	32331	30186	37377	33929	37612	38918	45721	44266	43077	50972	46858	46304	46322	48719	52808	54912	58966	55280	53200	49082	51362	55887	55161	55478	54932	55072	55186	60148	51270	49397	45595	47564	46584	49997	76533	63065	49433	48067	46886	49857	48928	48030	54372	47730	47296	54634	51992	50967	56196	49059	50318	46261	49029	44979	47419	49165	38657	45500	48910	45534	41757	38175	42154	40857	46598	46679	46354	42368	43839	41108	47117	46579	44033	40415	47195	44576	42980	41050	45418	40924	39966	36159	34449	30250	31959	27826	33924	36268	31430	33714	38458	33127	37985	36540	47177	46980	51793	60082	67549	66463	75424	89176	89772	97190	91763	95355	91382	92099	86346	83336	90568	91035	78081	86937	90290	88377	103520	99781	110449	102526	120150	133209	116422	117271	113372	104469	100671
38853	35161	36090	36137	39290	35424	34919	32887	34283	43333	44730	40087	44805	46706	46519	54321	49383	49893	48677	44698	46560	47423	49886	48809	48966	47622	47436	47848	44851	38044	34371	37970	43005	47173	45254	42459	46566	47314	43740	41654	35918	37638	35666	37150	42647	36672	31452	35583	32415	59940	29716	27130	29559	29873	26788	28447	27477	31171	27628	26245	13241	23601	26712	30957	34403	37710	40509	36138	33840	34609	34855	34034	36089	36161	33261	34080	32729	33198	31533	30988	33278	34264	38770	44957	40772	48112	48399	44829	41691	34447	33364	37615	36632	36139	42429	44069	38353	34302	35534	41232	40150	36606	37823	37394	36707	37564	38062	41873	39110	45841	39834	30810	37506	51047	34196	38767	39760	45781	42877	36156	35009	36366	35815	40251	36239	35201	39020	41961	35288	32243	38612	35633	32624	31750	30803	39527	43839	31626	32494	32237	30988	32408	32790	29919	29482	45618	42437	40088	29628	29998	27929	26776	24827	24546	25492	24710	26082	25996	27891	27751	25359	23789	23687	24762	27109	26320	28964	27958	30986	35471	43908	32595	34091	35333	40941	40910	39331	34122	33598	30585	31769	29169	35111	39167	42535	47782	57451	51097	51503	45810	42987	40125	42792	48856	40894	45629	43382	46187	52712	54392	43196	50729	48083	46035	63985	70922	54582	53038	43201	34544	35149	37446	34194	37586	46868	43918	48615	37690	39169	35820	47528	38967	40090	41527	42502	41283	41675	46788	47569	42255	41721	37524	36898	33904	37586	33274	32521	33957	33007	35138	29286	30842	32210	28283	28243	28145	28098	29038	31064	30682	29491	29247	34442	34529	31438	31555	35453	35152	37166	38526	30112	29590	35161	31629	25900	30223	28743	34302	32773	31860	31935	32509	30764	44485	58588	40905	38332	33286	33921	40781	37508	32617	36015	34790	32602	43528	41894	39610	44281	53520	39556	32065	34416	34034	39092	35371	34149	35395	32198	35856	32627	30226	33524	30071	28079	28175	33399	32500	31778	31587	37958	38773	31042	26206	30041	31652	30522	33765	34586	34797	30526	31791	37020	39036	39197	34001	30337	28685	30197	29137	33865	34434	43451	38374	29060	28160	33545	27656	24677	30024	27840	25842	27298	29980	30248	29454	30303	32251	31561	29755	27216	26291	25831	41121	37328	37532	32888	34047	31902	29865	36361	40298	40142	30802	32008	35816	35904	32973	32874	32603	33815	34678	34393	32909	37462	31975	34864	36946	38150	39612	42929	40280	43794	45896	46088	41463	40471	40895	39184	46372	47211	46834	43288	45608	49125	46642	41143	46364	42003	43317	41503	33806	28190	25625	26328	23992	24772	26183	28974	29554	28777	27155	22240	19686	19895	22007	23088	19644	22005	20578	18265	18346	18829	19414	20317	20681	21056	18627	21529	21110	21355	20893	20042	19654	17502	21657	19933	19923	19254	19475	17515	19049	19534	21152	19391	20652	20953	20530	21083	20398	19816	20437	18798	20744	19668	20691	21932	19760	19809	19956	20342	17562	17757	17545	19528	19289	21612	19281	20446	21241	20461	21156	24780	23535	23840	22953	22199	22019	20548	22660	24832	25407	24386	24938	29252	37835	31335	25194	24059	23832	23786	29094	26434	28389	25904	29832	30191	29419	29684	28578	27243	21740	24607	22960	24465	22977	24226	24302	22005	23096	23518	23049	23052	22632	22320	26869	25104	20856	21282	21663	20288	21488	20733	19954	20126	19258	19000	18597	19400	19763	17810	18477	20680	20667	20530	21003	21081	19675	20266	19091	18534	19965	18653	19947	19289	19066	19187	17552	17662	17478	16285	16485	18392	18451	17282	18327	19842	20539	26529	32777	20538	21179	21671	27205	27199	24132	23321	21978	21622	21469	20642	21196	21939	27942	23610	23659	25602	25229	26205	27737	28234	29997	26245	24115	24073	24640	24854	25078	25140	29682	34216	33204	32525	38487	37074	32028	32538	28231	26337	27002	23963	23511	27761	28983	25646	24027	24054	21939	61936	25999	24893	24124	26979	30095	51505	28863	27670	23978	23353	23658	24617	25353	28789	25744	27113	26034	24518	23338	23712	23525	23998	23897	21871	23556	22408	23903	24320	25587	25489	25209	24178	24445	23654	25567	24697	27063	26600	26579	27638	30245	28802	26902	26011	25638	26081	23808	25625	24240	24041	22173	21458	24325	23753	23541	22778	22611	23350	20659	23500	23244	22774	22174
25690	25994	27253	26033	26044	27134	26730	24883	25237	23927	24655	23809	24878	25755	25196	22996	22234	23395	22728	24255	23086	25387	26321	26297	26620	24896	26834	25220	24507	23979	21732	21751	21787	22444	21944	21854	22358	20523	18313	18565	18405	18809	15148	14619	14423	16449	14250	14696	15560	14907	15653	17574	19548	19659	19345	16851	16377	15405	15755	15244	17238	16911	18185	20217	21455	21802	22834	21332	23047	24154	23529	25122	23433	24381	24782	24748	25986	25185	25225	21327	21781	22248	23733	24479	23352	25733	24993	23791	23591	25004	24926	24647	24053	25928	27635	25635	25266	27289	25517	23741	23164	25749	25511	24395	24085	22410	22905	23400	23301	22654	24885	27813	27110	27590	25403	23725	23658	22720	23327	23602	23426	23141	22677	24105	23976	22142	20667	19814	20291	20073	20990	18513	18574	15610	14857	16210	15342	15761	14382	14285	15453	14597	14539	15122	15558	14456	14601	14560	15171	14360	15580	15299	13870	14147	14540	17551	16257	18072	16295	16133	19273	22040	20546	21063	21447	23037	20942	23931	24680	25093	25989	26157	24912	24044	26108	25785	27127	27410	26321	26132	28931	28924	29561	22152	21449	21457	21652	22124	23498	23681	22740	21734	23450	21593	19333	20653	19339	18277	19606	17031	15318	15887	16637	16126	16740	17414	17013	17382	18002	17839	16958	17339	16596	17397	17352	17557	17047	15407	16465	15096	16208	14716	15358	12708	12783	13182	13796	12859	12230	12350	11935	11258	11020	11435	11277	9945	10520	9003	10209	9718	9549	9630	8742	10034	10107	9254	10130	9699	9737	9885	10313	9593	9614	9636	9428	10483	10856	12552	13285	15201	15995	17022	16786	15850	14935	19223	18837	18258	19268	19698	18577	19079	18255	19893	19139	18649	18438	19293	20408	20898	20599	20376	19750	20380	21947	21787	21313	22327	21074	22140	22029	18388	17274	18332	17828	18711	17543	19955	19173	17844	18433	18409	17644	19038	18337	16858	15491	15189	14950	14943	14473	16833	15750	16009	16292	15165	15337	14147	13838	13239	14942	14988	14375	14757	13119	12542	11846	12705	12827	13790	12049	11648	10855	10370	10625	10650	9820	11001	10586	9402	10148	10067	9178	9472	9598	10745	9783	10558	11279	11594	12360	11703	13290	13656	13576	14349	13977	15996	15586	16181	17809	19479	17579	18054	18843	20669	19087	17387	19151	18600	18769	20360	20661	21118	21074	21341	20615	20574	19567	21257	20594	21143	20546	20869	21022	20481	19794	19012	18240	19303	19280	19158	16513	19945	15746	15562	15381	14220	14269	14585	16113	14981	15872	15187	15390	14843	14776	15700	15672	15312	14624	16621	14840	15044	14435	14379	14164	14082	12495	12836	13006	12683	11199	11637	11630	10585	11790	10175	10263	10555	10340	11204	10663	10393	9953	10554	10284	10568	9914	11020	11353	11070	9739	10257	10562	10801	10993	10496	11187	11201	11116	11481	13118	13731	13136	13058	14815	14140	15300	16035	16037	17167	15667	14465	15582	15473	15157	15681	14169	15539	15617	16033	15353	16421	15760	16486	14304	15842	15883	15443	16298	15951	15865	16070	16529	18122	16273	16690	17789	17951	17574	17820	17884	17268	17311	17087	16746	16400	16283	16344	15803	17459	16354	16067	16132	17379	16648	15850	15563	16104	15489	15240	14053	14254	14997	14172	13573	15645	13369	12139	12120	11657	13120	13811	14067	11626	10823	12130	12427	10977	11580	11125	9967	12795	11264	10491	10881	11951	11198	11034	10579	12353	11810	11139	11559	12564	10997	12635	13116	14088	13570	13210	14179	14452	14962	15709	16524	15522	15493	15052	18441	15985	16490	16184	16584	17097	17192	17075	17161	17559	17405	17293	18017	17517	18067	18169	19689	18730	18366	17972	18939	21311	19381	19373	18793	19624	19696	18182	18559	19269	18510	17761	17890	18553	18676	18669	16857	18180	17870	17027	16634	16493	18365	16865	15520	16169	15095	14943	15425	14449	13913	14823	14149	13842	13451	14299	13129	12278	11790	11877	11558	11186	10841	11072	11743	11510	11120	10832	11366	10769	11592	12567	10806	11774	11213	11903	12257	13166	12728	12698	12377	12902	14937	14671	15725	18015	17556	18347	18748	17107	18647	19509	19342	20547	20839	20263	21678	19723	19295	19451	21027	21708	21233	20052	20930	22961	23132	22439	23110	24561	20525	21612
23832	23578	27337	20527	18380	17446	21709	23990	18029	22287	17184	13855	15095	18994	16647	16745	14392	15094	11643	13198	12993	13403	11478	13147	11937	12043	10528	11737	12070	12959	12767	12968	15309	14474	14393	12856	11726	12490	11713	11951	11422	10729	10942	10482	10177	9237	9036	8215	7890	6463	6861	7208	6990	6472	6484	3326	2448	3825	5570	3742	6400	4817	5065	6263	5407	5901	5534	5134	5563	5037	7168	19944	10255	7164	9530	9673	9736	13518	15868	12552	13353	11166	11754	12858	11034	19043	13827	13284	13712	16172	16317	14709	16556	28070	12876	29358	21087	15823	26525	15650	13485	13438	10367	9759	11676	6601	8398	9716	19272	12855	11377	9891	8719	7653	8157	7713	7542	4928	5059	6201	5817	5379	5983	8328	7136	8787	8527	6604	5204	4788	4380	5006	4825	5560	5301	5424	5483	5509	5950	6482	5280	5013	5296	5224	4263	4114	3847	4204	3673	4167	3630	4231	3644	3972	3737	4730	5001	5026	4997	4911	4714	4650	6271	5079	8887	9137	7019	9778	25464	33690	32018	29726	33704	29665	25734	31968	31962	37035	35767	34811	14156	15901	17878	19174	12010	11886	15946	20552	15882	10285	13784	13491	16078	13321	13503	12556	13558	11091	10251	10047	14419	15414	12922	9140	8589	10184	9544	10126	10177	11846	10077	9703	10335	9092	11679	13347	26429	10690	10572	9198	10340	8469	7561	7221	7717	8349	8918	8237	7385	7633	8028	6943	6271	7229	6511	6589	6075	5826	5560	7093	5779	5389	5109	4811	4493	4885	4745	3957	3292	3377	3231	3242	2931	2771	2923	2770	3537	5599	4884	5242	7822	5598	7762	5837	7447	10231	10092	8676	10486	10196	10814	9699	12033	13646	14709	12068	14615	14027	13774	15281	17088	23017	13358	11269	16378	11783	18010	15000	19356	17152	18213	12332	7202	7497	9399	8570	7935	7728	11979	10872	6446	5607	6357	6496	6454	9782	7243	5935	6399	6780	7279	5960	11311	4932	5226	4414	4020	5472	5699	6948	5824	6015	5426	5832	6099	5412	3552	4079	4481	3100	2576	3410	4093	3140	3021	3023	3088	4127	3973	3117	3588	2663	3918	3359	3405	2840	2913	3408	3818	3028	2634	6622	4758	5878	7432	5653	4739	7433	7504	7563	7683	8120	10912	13016	13557	14735	18709	9106	8343	7349	12643	14811	14058	10410	22841	21961	18727	11978	11266	13092	13502	16127	18596	14264	16966	16244	14512	9900	7537	7862	6997	9998	12741	20694	13905	10312	15614	14287	17076	10375	9512	7373	7471	8003	7882	6447	5828	6840	9647	6619	7199	7529	7178	8030	7263	9430	6910	5395	6303	5619	6193	5576	5573	6457	6519	10844	6893	5719	5587	5642	6240	4597	3414	3448	2907	3191	3132	4224	2487	2355	2103	2541	2096	2136	2437	3141	3491	3807	4173	3219	11696	4327	4287	3790	8535	6228	5513	6292	8738	6409	7149	5835	4497	3797	4101	4623	5397	4982	5560	5861	10837	10431	9641	7855	10114	8575	9094	8382	6773	5127	3888	5128	7017	6038	4758	4831	5245	4865	5194	4503	5284	5915	4743	4665	9414	7637	6212	3642	3628	4882	4753	4753	6395	4336	5169	4385	4396	4635	3997	3880	7076	6391	4120	3629	2544	3566	2216	2492	2119	2774	4758	2188	2508	3210	3151	2878	2479	2202	2690	4579	4330	3908	2015	2944	3476	2359	2305	3071	3207	3822	2533	2648	2059	4043	6717	1731	2081	3001	3008	3025	3313	4416	4962	5111	4153	4290	5405	7743	9543	5252	3552	3540	2942	4940	6919	3953	4330	4843	3765	4415	4824	4222	6668	4271	5669	4116	4741	5504	5884	5809	6912	6589	6087	7091	4521	4483	3361	4609	4332	3595	5499	3054	3883	4141	3116	2728	2830	3971	3404	4688	4796	5649	5599	9380	4159	5673	4475	5862	12335	3952	8975	8595	4604	7741	7278	8436	5556	2955	2863	2743	3065	2364	2635	3101	2235	2684	2743	1995	2122	2121	2623	3096	2764	2339	2081	1385	3382	2225	4667	7008	7296	7088	2806	4101	4643	5189	11476	12764	11465	16874	7592	11502	9473	8253	20780	27000	22721	30402	24158	28638	18534	20025	34585	35081	17082	16201	11997	14270	12838	7654	8990	10871
29461	26918	29369	30973	29523	31315	29501	27943	30194	25495	24106	22103	27287	49401	28366	24184	24422	22287	21885	25561	25603	26539	42263	28818	28911	28811	26867	29268	28863	29865	23920	20865	23037	25318	26685	31420	25862	23103	24273	21529	23417	23393	21347	21988	25075	56149	25122	26699	26213	26183	24522	23370	23830	21966	21333	20254	21653	23403	19900	18853	22297	22002	19447	22875	26197	20567	21918	22221	21000	22429	20330	23582	24792	24428	25758	28060	32760	33162	31656	27382	29349	26096	26498	25698	21484	24810	24018	21583	22781	31353	31675	31325	29989	28622	27550	26492	44071	27854	28026	32949	28243	27275	29260	28820	30655	24086	27755	28465	26911	32809	36850	26555	30156	29040	27290	24140	24890	20901	29895	26347	29940	30026	25302	30651	31242	26287	24769	21393	22820	22291	21388	23399	23356	24119	24793	21048	37195	18396	16994	18554	17233	17059	18721	20327	17707	21686	20113	20302	20814	19730	20075	19142	20214	20182	21641	21133	19685	19179	19696	20188	19241	22430	26441	28788	27807	27913	30324	27761	25581	24255	27461	27492	26671	28017	28898	29992	31128	30742	29941	25932	32785	30932	23827	24276	25335	23523	20489	21380	23421	35107	22973	23413	23856	24665	23262	23937	23103	21348	23320	36897	27850	26725	27344	40185	33360	21564	22067	29155	27266	27252	49840	28866	28746	30523	30857	29293	27707	28686	28552	31973	30959	37516	31752	27619	28504	28039	24401	22352	21525	20902	17588	17852	19040	21136	17324	15250	15197	18471	21779	20554	17336	17992	19994	20543	20594	22416	21510	18823	16931	17276	15047	16499	18113	16780	14334	16933	19338	17066	15406	19513	17395	15934	22123	16543	17138	15795	18235	24107	25993	16716	15605	20017	17942	20565	22078	21369	22027	18959	19662	21329	23506	26248	24409	25549	26593	22954	22175	20091	18221	21085	20568	20319	25027	27119	24867	24277	27301	26658	25417	26988	26098	28563	28742	27823	24259	25390	26178	23909	21406	19981	18455	19421	23080	22682	22059	23092	24079	19606	20634	18268	19769	20493	20887	20509	19572	20997	24416	25350	24090	26701	43233	23974	21496	23865	23896	23822	24437	24569	19373	19002	25175	17246	17557	20671	17226	18614	17103	17932	19314	22935	16638	16642	17509	16629	14402	15783	13926	15571	15943	16831	42559	26419	24514	23079	25119	21659	20200	21059	22763	24744	23071	23027	24191	23442	22159	21054	23683	24264	30438	29217	23235	24741	24678	21334	22600	27560	26158	25382	24782	24611	26563	23143	20673	29116	23591	19762	26699	31492	27319	21923	34098	22967	19756	26665	20205	16160	14880	13930	14196	16083	14647	15264	15354	12998	19070	18946	14691	14386	13053	14134	14435	14765	15951	17344	15400	12693	12546	12639	12635	12446	14223	13790	14626	16481	16703	13960	15651	14699	15713	14876	14034	13928	14024	14937	14557	12388	14154	13140	14391	13106	13173	13719	13249	13710	13866	19025	17452	18720	17034	15912	16691	17151	17211	18499	15765	16319	16001	14338	15294	16404	14844	14891	14760	15016	17100	17703	19166	18121	16239	18255	21280	22137	20551	20181	20454	18999	19385	22033	24043	25391	24367	24211	24197	20766	18851	18643	13564	13197	13839	19170	15716	16175	14070	13129	15186	13770	15139	16433	17231	15087	15636	14527	33464	16505	15341	27943	17056	18935	15880	15528	14928	13925	17333	17061	16856	16858	14273	14535	18491	19683	18573	13617	16059	16729	16531	15362	13650	15413	15970	15134	12943	14616	15804	15322	15964	16551	16894	14746	12551	13278	13580	14315	13569	11318	13291	27084	29734	18396	15260	14420	13850	13403	12870	13421	12872	12719	12837	12085	10796	11280	12737	12476	35600	12224	14707	11686	11715	11588	12586	12294	11278	12911	13532	15156	15634	16188	14262	24864	21787	16175	14019	13651	15593	14302	13298	11473	11898	14543	14921	12908	15491	17766	33182	18795	11683	10762	11793	16524	18049	14482	12802	12213	13859	12087	11382	10272	10210	8638	9409	11605	14881	10991	11632	12449	13695	12447	13526	12194	13400	12664	11553	13697	14284	12203	12813	11992	13020	15260	15670	14649	13467	13689	11406	13877	12289	12723	12459	11911	11658	12394	12702	12669	12646	11365	11623	10978	11551	10834	11852	15867	17155	14012	13619	15595	18991	17945	18265	14861	16886	44642	15637	20191
67395	61344	63019	59003	60877	65636	73895	72227	72281	73498	74399	78674	73243	73643	81400	86800	84110	77536	82223	78410	75388	74986	92043	77836	76734	86014	76687	74501	78248	76128	71686	81619	87170	79727	74850	70307	73247	69215	70770	67347	70587	66381	69429	70986	65794	63267	63498	71879	65074	59215	60178	62366	62664	60166	53539	55320	60637	59512	56929	57012	61531	60187	65218	75128	59697	58860	59732	60198	56679	59809	57928	53635	59333	62985	55939	53472	61748	64850	56900	59498	64580	65924	57918	55539	56128	55955	54089	63094	60823	56174	52807	58010	61279	69793	63390	71860	67812	58164	64020	68547	64361	58088	61011	67594	64713	69213	60073	62610	60736	63866	69762	69897	68953	74105	68178	67195	68453	61251	61289	60339	61230	68053	67334	65043	63529	70696	75739	82202	77022	60164	62655	72635	68699	68104	65335	61951	59616	72251	71172	76427	80323	75092	67851	64432	65119	66945	58636	57355	57184	52669	51407	56311	56779	47824	52229	58278	63169	60206	64569	67243	55116	54702	60160	59178	69031	64604	63870	73694	60283	55291	62132	70430	67946	65210	60135	61460	62382	69314	65325	69486	86964	79056	90149	75897	85108	95436	102723	109783	97320	91651	80646	83015	90811	75012	76284	84638	87469	83832	72079	64480	71356	64983	66494	66831	62899	66859	78589	80152	73495	69759	57195	59969	69988	71615	76399	83689	83448	78360	75162	75660	74582	73254	77293	81408	83408	74001	81585	87257	92549	84846	84658	65051	58914	64500	60791	60710	59576	62640	62941	64174	60889	65387	59794	57716	59507	60230	59068	56492	58356	55188	51264	52363	52696	53929	53598	54363	56541	54155	52170	59603	58422	58696	75210	69345	68628	63868	78143	77123	68925	77535	74742	74028	78653	85346	86575	84403	83761	77976	75207	79055	85909	83228	84055	85160	83226	75266	73841	71023	64797	67625	70212	67542	67194	75250	68372	63130	69808	77871	81479	78830	74123	73636	67407	59620	59882	58438	55625	59595	65449	66077	64371	60951	58961	68162	68917	59911	64193	59680	70684	62646	66444	66647	63375	62038	66362	71429	66091	60466	56809	59823	61508	57708	57210	64868	60498	55729	51119	55490	50497	46932	48460	49037	56031	56613	56131	55571	57126	51494	55063	56805	55591	54500	52546	50056	52334	51107	59752	59508	60749	67921	58639	52295	55187	58472	52589	48353	47517	49127	50804	51686	44890	48383	52205	46547	50237	51559	59122	66724	57888	57669	57567	62241	68032	64623	61430	66877	65137	63264	74093	78585	69613	60070	63882	58448	57119	62837	66154	60807	59113	61126	70316	67613	55012	58160	52066	49686	46603	47474	43244	41149	38245	36867	39819	45869	52210	52557	48263	45266	47133	45916	47331	47961	46723	47974	43353	43275	43949	43421	45119	42700	39808	25829	29227	26707	26362	28052	30719	30925	29972	31768	43769	43754	46023	49189	47708	45568	44284	44262	40051	38015	42750	42084	37604	40834	37101	35040	37953	39689	46532	42760	46764	47025	49783	47365	43881	36742	37298	38162	38842	43464	41006	41614	46485	39657	40747	44571	45953	42418	40504	37955	40710	45598	45096	45998	46597	47433	43961	44773	44237	45573	49655	52189	53251	45477	47273	55454	51395	55214	58090	58517	55266	53629	49442	44353	43441	43576	42199	46364	55613	49332	48562	45629	47220	45606	47890	48718	45695	47884	50349	54963	58243	60862	57152	56302	56010	49949	46930	36804	36645	35350	44513	44082	42459	39346	41599	36571	40127	37717	42203	39092	37592	39048	36361	40107	38092	38329	39870	35787	30539	29239	30289	30317	30683	32697	28249	33128	34317	35339	35914	37651	38883	36542	31761	30627	30466	30988	32340	30250	31017	35960	39866	41310	34115	40638	34178	34105	41817	45431	38638	35740	39567	37132	39581	40932	40198	43577	43678	39820	40843	44467	45476	42656	41581	40375	37982	37993	37923	38178	37640	40899	42408	45169	38981	36708	40304	43934	41083	40903	40608	44764	45852	43166	38698	38139	39097	36164	40439	40252	40408	37522	40541	40014	43451	45342	43770	40580	40904	40180	43941	44017	43120	41426	42646	40476	37796	37644	38764	41371	40706	42407	44816	42460	40361	39702	39908	42949	39268	38194	37377	39388	39505	41239	41564	41362	39426	39448	39773	42702	41808	50845	43905	38233	39798	41577	41389	44910	44034	38787	39686	44476	47410	51887
54163	59121	60724	69088	69283	73412	74768	70781	74501	65184	48732	43720	43897	44669	52248	42565	43669	46484	54434	52028	54980	54502	51896	55264	44836	41676	32311	35459	38470	41323	40788	41059	38630	35655	42268	36012	34700	33940	33973	35888	28086	24662	28523	30329	34834	20570	20994	24764	26359	23918	21811	18290	20873	29297	32705	39632	39790	28302	26853	26710	33403	30999	24160	25784	25980	31957	31734	40500	40477	46252	62756	63540	64190	65945	61337	59693	63429	74392	69667	70569	70325	67467	62115	73454	69123	63012	66298	76428	68884	58725	59082	64878	74400	74370	65183	54959	54257	50651	52884	46885	46762	52753	52908	57847	62383	54142	45625	49942	60232	50069	47509	51607	48199	41821	45024	37475	35166	39312	36997	38556	39671	37891	37054	41456	41033	49867	47991	52218	40099	39019	46396	38556	35658	35490	33773	37402	30456	37774	32218	35212	44535	40328	41227	46420	44944	45345	37263	29175	36070	42561	43463	46290	43575	39231	29751	32612	28137	33110	29254	35240	37450	33689	27409	31255	24656	27266	33887	36351	37485	47721	39072	41892	49740	59941	52668	50737	58804	53742	52047	54528	53506	53150	52838	49215	50865	53040	39618	0	0	28092	56602	53200	51739	50139	52325	51367	52376	57266	58961	74773	64648	63043	61004	58480	55725	65096	66658	55457	48903	43387	43136	32684	26259	22525	24482	23286	23328	18977	20610	29242	33935	43255	42091	40440	39741	34198	31915	31696	31870	28216	28187	25208	24763	27648	27560	33573	41946	37393	32102	36519	31053	28591	28651	26573	23310	33689	30962	38626	32987	30239	24568	28463	26387	26131	26551	25322	31163	36842	31132	30332	46542	55321	49588	49282	52053	58181	57666	54706	60473	75735	61759	59609	62062	59923	53708	49780	50087	48798	53121	56952	58348	60265	70999	72216	72180	66422	65085	59054	47411	50228	53661	51357	50533	65652	74958	73493	72393	72122	50533	58634	54091	46669	42557	38528	35742	34937	31180	32425	32979	30606	29629	34506	29697	28923	28975	35316	39533	44486	46331	44158	43910	38796	30819	26681	20633	25661	29635	27768	24746	25461	29745	31921	39393	31108	24009	25849	27513	17251	19989	18228	19405	30476	27984	33406	30464	20718	16416	19763	19028	18491	16288	15421	22481	25354	33307	35948	39029	31976	26974	36940	37264	31089	50306	51028	56001	59108	68306	68574	62204	56933	76294	89553	65173	52793	52192	49974	52284	64854	60470	50776	44025	42437	41111	41020	44067	46298	43196	42983	47244	48211	46493	38684	42377	37432	25319	22708	33088	27043	15161	19453	21241	18477	18566	19255	22092	18415	13541	18504	16576	17446	14196	20869	24093	26188	26337	28102	33329	30469	31642	28782	23073	20368	21900	25539	34435	37834	40028	42469	48193	42508	44385	47304	45030	37118	34362	33208	27960	34502	30058	29321	29259	26050	25311	24429	23587	21734	17143	15147	15277	12647	12871	15864	14441	12974	9977	13004	11443	18390	20896	18031	28015	30294	27758	30637	30043	24773	23970	16642	18569	18452	12563	9919	9631	14952	12465	15317	12291	14745	17834	16728	16583	18742	17858	14167	13734	20820	24029	27599	31111	27236	22242	26948	35946	33619	29895	40436	35228	26183	16935	14604	15085	15987	17711	21638	15274	14544	14616	19314	22400	29505	29331	30341	34549	27040	27062	21381	18583	15777	16620	19070	18060	17622	21824	20875	23945	23085	22058	30452	28877	27427	28134	28607	29869	40433	36404	40446	36871	28704	18762	23639	23765	19471	20041	21856	21271	23563	26412	21440	19040	22717	18183	17905	16228	15091	15324	13913	17063	27088	26946	27085	29527	22830	19355	16292	19482	16320	24640	30622	28465	27754	20547	27680	28791	29722	30966	32612	31740	34749	35804	37892	42456	45438	35761	42701	43920	31512	24481	32590	22974	18549	17318	19579	16460	19746	14675	14200	18042	11105	12593	22778	19178	16684	18189	18350	19302	31103	28432	25949	28364	26110	20859	15558	15864	12056	14185	17115	15227	15450	20736	22957	21545	18639	14442	19866	15548	15502	18284	16204	21384	28501	31845	24832	27385	24135	16044	17106	18483	19638	17798	20135	16742	23357	32943	35365	34544	43306	44629	60376	64697	68235	60795	62690	77570	82645	84733	90953	71866	59200	59082	60650	73560	80604	80076	78711	75880	83140	88346	89053	85693	84063	91243	96946
602935	584692	582845	572176	561177	560174	563715	567897	570260	562371	568255	573881	569749	570441	578590	584161	568567	567859	563097	562192	548623	550887	542859	550861	541941	557891	571488	553392	559242	553885	539244	537517	554075	555352	534189	533430	527733	529708	531799	535664	528928	511658	515521	503964	497145	490496	502540	496286	486521	485679	501486	495187	497564	475281	477132	474493	482626	488682	488685	460796	457403	459985	462943	468432	475887	486653	493600	494183	495629	495587	525587	515714	533774	568225	597322	594876	617815	618982	615703	623200	627471	632364	638255	627236	635724	663705	653455	664837	661634	674792	669092	658541	650939	640650	648159	636617	629438	629929	634856	666171	651937	649277	671658	679688	657225	653650	624973	616167	626128	627607	629844	621642	603143	625799	615914	608761	629281	625302	620958	610335	599562	599295	591204	593537	581914	573842	570953	562169	572600	557275	562006	559739	565682	570760	561837	555897	552253	544164	545722	545953	528878	530014	516793	518577	531971	535298	525515	527253	514194	523827	512277	512758	516836	506131	510759	497986	474853	479949	473998	471677	463520	459426	465317	486836	489230	499949	509214	523269	539241	552630	575432	572863	577050	614957	611340	614397	597716	598419	607128	602152	632560	625937	616272	610600	614324	603749	614774	598627	582304	587877	607959	613524	609674	621313	593034	602841	605196	614851	619294	601802	596349	586170	577116	554655	569476	571855	567782	565351	565976	564474	556708	557835	552173	550903	556915	553517	552299	562430	563675	561126	569643	569084	550176	562219	544313	542439	547682	545882	529240	542014	530141	519204	530079	513681	527856	519276	497460	497071	482447	475210	472900	466709	469268	460137	437891	446819	443919	433578	439991	433554	444878	433237	400387	429608	442116	459075	442784	460416	471402	483362	494411	495574	496310	519090	540664	537516	543973	558963	568927	559705	575159	584035	585140	615173	620967	639275	625172	611769	606530	612272	622097	624015	614604	629555	634583	641056	617540	616287	616614	614274	622733	603459	597486	598524	591627	593914	609957	621048	617288	620537	598796	583348	573622	553267	555571	554394	565717	553362	545444	541357	548576	553726	566463	572249	573528	573553	568777	577956	582608	594575	597356	592975	598715	581515	586143	581246	581943	570559	558949	542822	550353	558419	557632	551506	554939	543973	546810	532225	532156	530328	526289	533056	527003	528463	517880	516307	522630	500918	494213	504011	514078	518314	504804	518282	519374	527728	535517	536905	552303	556132	582537	590281	576465	590373	588350	582836	594934	597478	601362	552804	578511	578426	581924	574266	582409	585180	568717	586657	595992	579774	566665	528513	525499	543102	551847	542458	544527	545886	545883	532763	529864	535698	521379	546665	545180	557985	546089	528707	534545	518156	524238	515776	508584	512187	515215	524757	521894	545058	523619	513829	516570	524455	518028	516244	508202	521987	511459	512399	513822	492696	486267	495321	499734	490154	497488	486864	484904	488538	507119	507515	488798	482124	478111	476504	478172	475853	460431	483115	454538	474935	469420	460681	457949	445994	443105	449329	443894	441656	453309	423609	391602	387974	395198	398182	410324	409788	413443	417475	415757	422333	449914	451980	462445	455736	458892	472316	464610	467539	479897	475630	457272	451562	471411	486832	475707	460846	472277	464829	461369	473451	471332	504506	509030	521219	533924	514169	519669	526769	528611	534792	540498	544308	528989	530638	525109	548932	534059	560199	529723	547656	545334	549379	551556	537470	544563	559071	562181	540272	515811	512231	514667	530541	514938	513724	506245	496037	492677	494952	496505	484208	491036	513589	473110	483783	485095	483549	471480	480158	464832	460612	458415	463957	454997	463538	445364	445970	451513	446911	443611	429857	418208	415042	424053	427475	430511	421178	437731	455059	475149	462530	474727	481719	484000	489086	517445	518274	523687	527010	515891	533167	536089	525573	497430	501547	518833	523327	526229	526026	537704	539852	539552	543138	540064	535854	540810	530006	505658	518797	539681	538340	561649	563807	562444	553758	543181	543041	530005	542568	541001	541563	526959	522628	543097	548603	544957	563420	551920	539669	542144	547891	544683	542936	533734	518959	516880	527761	521376	516235	506410	501427	500408	486937	506156	501580	493727	506445	505336	497676	507969	506975	497425	488822	469211	461609	463549	452796	455557	458396	470374	460028	449683	455053	438147	437070	447655	436793	442830	433027	436111	450695	458102	457002	461579	468318	468294	478925	481255	461175	466717	482957	482562	498650	513145	521515	521104	532874	515107	515144	551224	556237	559726	558459	557867	549032	543024	469353	521968	544275	558025	548463	554133	552622
127448	76276	51649	48853	43936	42003	75425	57888	51940	56255	54967	60330	51955	35881	34948	49989	38200	28430	39889	43071	32407	32883	38094	53697	41270	43499	50632	55923	70638	54277	47941	56212	44804	27935	26229	43777	46756	39329	32764	39564	44854	33764	33157	43236	52644	49571	47410	45047	35040	39538	30064	29096	26907	19947	21022	21587	20734	19184	21534	26009	35707	22966	24504	36824	33993	38819	27155	33402	39366	68524	79339	82075	87758	77180	75348	100312	89581	77881	69010	75784	67883	77909	87568	98170	80078	57768	57585	61931	56083	63630	68167	93753	95775	74516	78847	79719	93417	89968	81759	64862	64009	92933	88938	76101	47321	40062	39036	38977	39098	34857	39396	47829	41793	40040	36605	39692	35894	39062	48226	41447	34200	33626	32057	36197	52953	48418	37172	29241	28462	25365	22024	26559	27379	25302	14197	27762	29414	24035	27453	51480	46356	38369	22157	32115	23918	16113	16958	16897	24326	20636	13882	17941	15613	11164	10587	17479	17143	17382	14595	19184	24445	29677	22186	32389	41316	38665	42615	63548	71754	87630	80715	85356	72110	67885	62741	81478	82965	71907	58694	63596	54652	64650	62192	71679	59717	49725	58159	76956	60519	52954	63571	64602	60874	60687	67862	62746	71433	46306	53184	72794	74147	44717	35612	34836	39179	32909	32613	29365	33033	33688	46571	56446	65675	48429	34625	41110	38757	28547	29729	47427	53704	41976	36679	50796	42957	27374	29149	38389	29088	28678	33015	45623	37468	34399	26122	38247	38413	36265	29933	41367	39560	25476	18049	28972	25280	17247	22797	34835	32599	28381	34084	33047	30431	27563	40558	65982	65866	71092	52700	40321	37487	48843	52428	73113	85600	48931	54263	87494	71128	67554	82144	89235	75390	59322	60301	70587	68717	60945	54651	71751	68264	55344	70444	70087	63679	74478	73398	62685	53661	55829	60861	62281	66982	67175	58926	70811	64965	66323	49995	51603	41395	37129	36916	44914	42280	35159	34184	42020	36185	34801	33457	49827	30096	33330	35549	43822	53210	48000	39012	51453	41666	36474	28314	40576	43102	35879	35022	45381	44558	39065	35589	47480	43493	38041	34365	42467	32521	28452	20363	28381	27635	27798	27877	30507	26653	28813	20028	27242	29111	24203	26794	35219	38848	37254	35258	39136	42456	39014	48528	61206	44645	76392	95491	124080	71526	51879	69338	76822	57126	51451	63902	72974	55594	57476	71167	76240	80113	86730	67666	84175	61903	63556	57642	63095	54211	42537	44613	54718	41460	34689	38827	57636	74343	36427	29757	52110	41820	46205	42174	43484	38022	36704	31606	36862	35678	37055	28785	48027	39485	30784	38151	41873	36436	28265	24585	42667	30718	25187	24449	31002	44845	36414	41052	49681	29958	22544	19196	34035	35742	26887	41952	45047	33207	22357	25426	30234	29824	29420	31717	37415	29160	23716	30546	25529	31685	25416	14530	28503	25755	19931	24328	26211	42621	34288	32601	50052	34784	42323	27321	42698	27182	17232	18209	21136	26674	25268	24138	42644	37010	41119	23280	41892	34094	27460	24294	37743	31289	33714	29637	36390	29942	23928	33153	40381	34294	27503	41510	54984	40542	31070	27944	55495	47756	27754	26582	45334	40423	37775	43886	41256	44593	34121	32055	28165	29274	25269	26255	34223	30770	34856	28033	45597	37984	32658	28873	45504	42037	34132	42261	50076	40044	36114	26860	32395	35811	31972	26789	26387	16805	17901	22128	23742	26476	19236	27164	23134	23877	16852	16972	17619	19477	12806	14647	23837	20557	16359	21567	24714	35956	28342	27131	34442	27628	22517	15591	27359	26076	23019	28585	34690	28361	21181	33027	33676	51962	34277	27265	37661	31602	30499	32859	43582	45416	46844	34510	44704	42839	40756	33206	39968	42150	25856	28063	40006	44725	42165	39269	59249	43887	39919	39297	52617	50925	38782	41822	65481	56964	45360	45397	56640	37675	33834	43575	41062	48767	38932	37182	48496	43781	44414	44646	52787	52832	39468	54845	50458	48884	28385	37208	47189	48945	38726	42544	43196	35637	33471	31838	33369	33159	29512	27569	32174	26447	18776	32592	32295	29421	28282	22677	31339	26580	28157	31124	37396	42194	33625	42307	49468	46358	56702	58763	69451	64956	49899	49365	58488	58266	57565	71973	65320	71304	53553	66915	66306	54894	51119	58729	68571	61004	71860	66133	78753
20133	18318	14169	16585	14090	19405	17000	24888	24779	23831	12200	18160	18459	15720	11264	14404	11102	9630	14762	11102	11046	15560	11865	17175	14072	14241	12297	10953	8545	6436	6727	5215	4255	7576	9499	3203	4100	2980	2905	4453	4453	5137	5527	8381	6777	3088	5241	3563	2763	3462	2837	6626	5012	5176	5657	5616	5520	5859	7040	6074	6402	5755	5540	11640	18317	12624	6817	8015	16121	26716	28787	22839	24623	19838	28440	35808	44452	82860	68037	29065	76056	70933	42905	34113	41516	44545	28679	36876	36567	34064	40576	35104	39574	69801	64295	59289	38789	24246	43283	40699	29671	30442	32198	31111	30657	48391	49642	29349	30123	22849	23442	23521	23329	30702	20828	22885	29405	23765	21472	20563	18458	16779	14831	17390	16753	20216	15095	15804	14259	16302	16065	17371	14652	14212	15190	16152	17731	23209	19364	24040	33122	44744	27641	19583	18967	20455	19055	20046	16192	14831	15824	15578	16829	16228	27362	21285	26117	16241	22120	23431	40348	21363	24064	34027	73058	58856	41212	41270	53010	49529	40141	46599	59230	62941	47659	34962	36173	28529	32726	35428	40367	28446	32202	35228	31167	23948	39510	40344	45271	42511	40736	49399	34271	29237	21530	22897	22386	24878	18647	19411	15081	11690	12332	15126	16656	23377	19025	23660	13550	15432	11870	15478	13577	16488	20414	13267	12585	11715	13758	9612	9986	9253	8014	8330	7772	7710	9500	8391	6760	7380	5260	6505	7163	6893	12465	23613	22294	5796	6492	4700	4582	4565	4320	3943	3813	5061	3893	5953	3724	3614	4675	3932	8048	4544	13245	16805	20944	19486	28736	21329	24755	39646	32036	32832	29670	25874	26548	21614	20771	21795	24064	31290	34197	33219	37128	31195	22470	30896	48488	46760	27818	23239	20752	23594	24632	35041	48641	38510	19462	28126	29233	22326	26235	28977	19232	21496	19622	18549	19565	16205	15141	11700	12240	15238	12313	20221	11176	24848	22613	8929	7424	7525	14572	7764	13177	21957	10696	11337	11067	14786	13458	7742	5404	6011	10099	7155	5735	6552	8447	9192	18320	32523	11887	9185	32271	23580	12203	10000	8575	8663	8084	8832	8822	9884	9597	10394	26491	9192	10806	11596	14327	23458	20555	19849	17309	15407	16608	20822	22989	22053	19949	21089	30132	30161	54794	47932	67543	44735	37446	32529	35080	30036	29663	43007	34916	50478	31129	32339	31298	24872	35472	41127	49253	35550	30756	39950	38724	34518	36614	28942	27325	30531	24099	27449	31832	25288	21191	19604	14809	17344	16235	14548	16137	13903	11650	17092	16529	19459	18588	25964	25906	21430	19084	31703	23660	25789	23610	27978	28384	26046	22228	23256	23972	22727	24622	27249	31672	48449	37110	30654	28882	20097	14632	16233	18098	32991	15162	17928	13827	13939	12024	18403	20948	16786	16363	12432	11507	12108	14553	19815	10743	11490	13515	14994	8457	8715	7425	7658	25144	18283	17418	20761	20337	17974	12164	12895	12946	13017	17110	18912	21213	17614	19094	16245	15652	17524	16306	21967	14995	15263	13497	13662	16989	18499	17774	17534	18410	20937	17181	20514	18172	16759	17705	19218	16917	21179	23450	25048	28617	34415	23531	18112	15198	6243	11603	9220	9354	12946	15665	18360	13859	19590	20985	22555	18304	19855	17752	18139	16243	10088	8835	5125	8503	18500	21410	20132	13672	7912	4060	2724	2658	3350	3204	2789	3163	2888	2644	2840	6225	2738	2469	2935	2689	2958	3113	4307	7482	3255	4295	4807	6314	8380	14727	21795	18881	7395	5400	6854	9157	8120	8854	10304	9822	14710	13060	11820	14137	14324	14059	12429	14657	17342	28475	24231	22156	28658	20124	16409	17232	16059	12739	13746	15344	16341	12134	12240	10612	10228	8555	8960	7699	8375	6277	7828	10038	14153	29210	19783	19881	23366	22774	17995	35057	36250	19585	17099	12605	17496	12066	9700	11440	14949	13426	7388	6773	9096	9238	7574	7562	5740	4976	5625	12195	27330	6452	3131	3210	3468	3613	4195	3601	3123	8617	10958	22542	3449	5704	4099	3335	4362	4297	5843	6029	8488	12158	27545	36932	27615	26809	24173	25049	25772	13851	15546	20226	35842	22542	14794	17009	26612	24872	31248	34478	29931	31693	32135	72358	52077	38748	38958	25031	22558
31617	33638	41213	40432	39335	35065	35117	33609	33047	33269	33019	34217	30706	30393	27822	24385	28600	26904	24843	25242	26073	27447	25194	25936	25261	26512	25290	21614	23537	22688	19816	21855	22682	24126	20798	19472	18039	18477	19089	17624	18424	18293	16832	17948	16547	14805	14741	14322	14598	15624	14888	14050	12617	14673	14545	15056	15137	14416	16550	17690	19626	17095	18329	20857	21324	20361	20439	22940	24152	26106	27611	29791	30541	27908	31427	32278	33277	31689	34155	31392	36022	33832	37836	35229	36044	33728	37011	37296	37377	37661	37326	35595	31217	30614	33822	33849	33259	34925	35943	34966	34109	32969	32410	34366	38672	36251	30998	32298	31766	30322	31779	28779	29423	31599	29615	26768	28408	26740	27758	27997	29326	31099	30639	28090	29898	25180	23413	22032	18836	18068	16904	17310	19944	20750	19410	17731	18714	16608	20682	18455	17557	18642	20100	21043	23320	20256	16669	17291	21605	20522	18205	17267	20560	18050	16403	20572	19020	22343	21795	23528	26051	26298	27317	28618	30139	31737	31900	32307	32667	34177	33070	33261	35146	34329	36323	36725	40457	34122	39228	39852	41808	43842	43039	42733	40787	40375	40821	41200	43029	37026	36277	39400	39584	40301	39101	37345	37861	37037	33277	33326	33742	33597	33991	32088	30052	30170	30578	32468	32378	30094	29428	32128	35654	32591	28732	30672	28829	30896	28875	31747	36525	30833	31026	29787	28182	32172	33175	28397	30980	28987	26601	29149	28961	29898	25229	28990	29726	26483	26090	23092	23138	20424	19601	20776	23343	22261	23390	25361	28503	29258	26949	30028	29859	31331	32637	31973	35920	36398	33136	32955	37675	37179	36353	36195	36603	37673	34132	26941	27411	29665	31278	30830	31397	33429	30990	29505	32536	32144	36523	34541	39800	40017	38545	32630	36817	38480	45102	40205	37427	38164	39005	36439	33456	37862	33360	32453	29192	32367	34480	35461	34657	27886	30258	33111	30557	28531	31778	32145	28507	28103	29130	26812	24831	30155	28113	29170	29954	28826	24428	23574	21411	22238	20421	21398	17634	19188	18379	21232	21527	21926	19833	18672	19330	19377	21746	20717	18564	17565	17568	21327	21579	20686	18801	19043	20073	23071	19927	20225	16041	16509	17114	20033	19967	20219	19490	22292	20206	23350	23308	24716	26732	24674	24378	22302	21255	20988	22512	21497	23651	22730	24196	21273	22720	23131	22986	22920	19799	22520	23529	22513	22569	24375	23576	23589	21137	19350	18852	21259	24107	20838	21089	18921	20352	21236	21477	20500	20724	20967	20349	21275	18903	20860	21087	21695	21110	22117	21684	20402	21580	18587	19555	18294	17513	16053	16599	19215	16197	16921	17766	17904	15853	16104	16560	15429	14676	12887	14917	13908	13742	15489	15992	16385	16573	14935	16784	15176	15185	15091	15105	16229	15969	17146	17194	15687	15922	14222	15704	14800	14918	16586	14332	14421	16378	16809	15513	17401	15112	18703	17755	16365	18374	16116	15262	14773	14716	18438	18650	18539	14890	16253	15156	17378	16508	17851	16324	16993	17647	19753	17743	18110	20044	20024	20022	22318	20570	21269	21003	22514	21029	19709	20071	21555	21103	21544	22210	25564	22608	22831	24768	24594	24983	26388	26952	28911	24609	25336	20558	20615	21676	19769	20680	21803	26328	23803	23531	21899	21081	19871	20235	20639	20516	20372	18521	19271	18881	16152	18293	16849	15948	18407	17862	17390	17186	15816	13805	15116	13952	14354	18631	20400	19554	20298	19705	22479	22079	23448	23109	24653	25257	26711	25175	24024	24294	25615	23605	24103	24555	28273	28031	28616	26798	26003	26016	25498	25608	23945	24328	27121	27201	25412	30027	25452	26051	29154	25809	21996	31027	32197	30800	24007	23444	35742	28040	31071	24701	27654	23595	22838	21457	22555	23277	23298	25418	26714	27635	26063	25601	25187	25184	24502	23241	22867	24201	26196	24054	20374	18992	21374	22052	18895	19496	19448	18696	16453	16838	20131	20170	17531	16954	17879	16467	15615	21894	23338	18333	16581	17287	18607	17607	17483	17057	19055	16657	17163	18305	21084	19572	21094	23650	24396	23468	22341	24835	25625	27259	28197	28573	33452	32895	33237	33570	34250	32661	31233	31989	35160	30406	29054	30526	32119	30283	29060	33056	34391	32328	35374	37830	35290	30332	34318	33342	34087
6826	5353	903	261	295	403	441	398	380	360	433	889	111	244	133	59	146	159	117	68	122	100	120	134	183	305	225	259	135	1202	3251	2176	148	228	136	181	138	274	170	116	119	151	111	209	94	154	242	238	200	138	159	404	69	172	101	629	167	107	93	130	241	143	244	183	310	334	5824	5552	855	453	403	7746	321	262	209	577	495	216	10677	1844	720	807	659	861	481	630	1494	9703	819	417	827	1764	981	342	5287	3751	4914	6135	6765	594	396	322	315	334	706	418	457	416	266	273	338	159	263	1728	8244	2904	175	159	220	225	133	209	100	272	192	266	614	9558	9667	8070	8594	2499	98	86	1525	84	257	468	529	337	538	572	96	148	2023	2052	1290	487	279	65	99	268	126	59	174	113	256	190	93	1068	10534	9500	4825	137	250	12020	395	273	6071	222	253	1072	1698	979	271	261	643	595	265	391	407	1493	2397	2123	2580	6373	3896	419	454	344	493	300	1956	556	4254	7304	305	311	278	492	735	107	114	376	167	74	71	347	727	6083	11172	7544	243	159	211	72	242	399	40	80	214	125	159	98	200	354	167	167	224	160	197	218	171	94	155	88	45	82	172	273	179	250	57	505	268	205	181	109	143	183	91	55	68	74	61	3879	169	211	218	237	147	250	272	458	129	450	652	462	1326	1085	876	1101	4381	1957	1695	10093	10124	10880	9584	508	1052	716	692	810	497	545	700	484	270	451	329	375	413	8592	15775	759	496	512	456	508	406	300	486	533	544	915	779	1445	2536	2206	1437	519	543	651	543	532	581	464	1950	779	326	395	471	236	659	243	256	480	6266	2238	590	254	176	153	93	191	602	225	136	467	90	57	123	116	92	77	133	159	81	159	90	121	180	165	205	508	209	345	420	465	229	195	410	296	878	669	791	1546	1200	1340	3516	726	292	276	292	257	434	752	1613	1488	2009	2222	1706	2182	1755	1855	1663	1554	1541	1715	1543	1298	1821	1744	1766	3378	3610	2871	1502	1668	1479	1412	1466	3773	4292	1760	515	370	445	568	440	265	148	64	105	112	158	343	92	100	219	312	178	173	226	186	89	109	112	63	44	1108	450	65	46	30	38	169	159	73	85	86	99	66	77	64	25	45	76	52	88	82	67	68	33	146	208	1561	126	244	185	387	445	158	165	107	185	241	323	307	253	77	199	166	352	222	220	83	109	108	2245	2591	125	104	296	46	133	67	217	56	86	207	364	259	318	334	213	449	605	461	1730	625	544	440	267	132	111	202	135	182	81	62	88	90	70	103	169	130	69	229	109	184	171	125	166	136	173	94	89	105	109	191	54	54	109	83	185	128	82	53	63	131	100	87	73	87	92	64	148	237	136	72	56	103	49	75	78	68	643	196	403	163	165	100	100	163	202	139	182	91	79	111	162	161	152	101	180	130	97	194	172	165	113	197	236	185	793	297	315	183	264	253	170	153	738	248	182	183	151	106	5447	6956	192	151	91	147	185	448	148	328	126	87	184	91	133	282	265	414	519	373	461	438	389	396	489	554	359	194	84	78	76	70	80	323	533	61	69	167	90	72	158	182	221	136	453	737	1163	352	241	383	506	407	461	1196	1748	511	713	1184	353	272	443	604	414	273	391	574	371	1697	2772	2781	2628	2778
8035	10010	9264	11603	8094	7640	21182	8234	6729	8427	8738	9108	12721	8786	5675	5806	5623	5522	4105	2007	1565	1511	1593	1759	1752	1399	1317	1239	797	2187	4322	860	703	490	847	1118	1196	1130	902	1482	916	955	1265	4518	8575	9006	8723	4021	1698	1593	1392	1462	1227	1424	1306	1883	2058	1461	2132	1707	1288	1415	1472	1323	4837	2324	2343	4546	15830	11167	9835	7484	5195	7174	6685	9219	5708	7203	5387	6696	7296	9222	8613	10774	6625	6640	6791	12573	13728	8390	7828	9139	11097	13981	13466	19272	19764	19627	18431	13228	19662	14043	14556	17714	11268	10742	17078	12056	9550	11494	12027	9531	2645	2505	2817	2145	1491	1785	1302	2562	2040	1486	2816	2329	1855	1324	729	716	831	1004	1199	1850	849	898	857	692	1071	927	883	4376	3898	645	686	908	523	754	685	1167	2047	1785	1719	1493	2596	4476	4529	4602	4117	4006	3802	1896	4523	2232	1993	3093	8497	4990	5508	5139	7175	4901	8881	5918	5675	8295	9193	6611	6698	6737	10671	10606	8591	7927	9821	6460	7251	7731	10654	9611	6869	7694	8443	9744	7129	8945	10539	10846	7796	9357	10513	15663	8953	6352	4583	4682	6755	7774	8515	7889	8334	7296	5592	4659	4666	6091	5976	4938	4668	4855	6520	5654	4279	5134	6685	4134	3904	2693	2591	2287	2390	2372	2482	2465	2241	2879	3658	4256	2903	2650	2399	2139	2190	2159	2084	2073	2168	2082	2348	2075	2413	2346	2296	2497	3721	4537	3273	3896	3777	4479	5907	7449	6644	6273	6145	6609	13539	12922	14562	14855	13375	8325	5426	4760	5381	6976	7428	7103	10455	16637	12777	12737	11268	8849	9350	7037	8012	5206	4731	4704	5933	5121	5772	8698	4527	3975	7269	9245	4482	3672	3122	2613	3444	4792	2014	1722	1918	1823	1916	1809	1485	1177	1276	830	1436	2143	2091	2705	1421	858	1062	1449	1352	868	1335	1398	1018	940	1222	1276	800	835	1068	3018	2245	913	894	1040	897	739	855	1328	1711	820	1154	1251	1543	1466	1461	1186	1444	1269	2561	2683	2591	3422	3741	3749	3111	3210	5138	7941	8091	6783	7683	5870	4475	5111	4811	4777	6441	6365	4968	5066	9936	12451	12333	8958	10048	10362	10716	12712	12281	12904	8903	6376	4016	5585	4220	3671	5046	3983	3914	3154	4035	2306	1941	1809	1661	3186	2934	1684	1979	1329	1974	1440	1020	978	1048	1441	1459	1561	1487	2390	1094	935	3446	585	555	534	1007	1925	2553	894	2058	2068	2091	1211	803	5853	8754	8470	7568	913	731	487	1466	1522	1351	1607	1849	1337	1392	482	1013	596	447	662	868	357	327	648	461	580	631	556	674	397	539	520	895	1134	874	797	882	1015	827	918	3008	3219	2173	1152	1257	9967	5068	1127	3520	2869	2705	2195	1981	1305	2463	2203	1889	1983	1618	1776	2184	1433	2053	3486	3120	1946	1592	8916	8965	1245	1686	1162	1091	1150	900	938	860	1020	1501	562	660	1744	1121	1085	1026	1191	758	750	551	644	645	496	588	526	599	530	436	1033	564	449	443	500	416	371	426	463	642	636	657	512	385	2077	2826	2741	2110	1121	543	407	459	493	492	459	397	421	4951	4173	663	1321	857	1018	907	1604	1655	1177	2482	1373	1503	737	857	1017	1298	1038	1883	1630	1339	1291	873	1024	1421	1690	1195	824	1634	2175	3202	1883	2023	1828	1943	1266	1450	1437	935	835	923	1445	1329	1733	2047	1384	1523	997	893	9403	12015	12595	12135	939	1026	827	1466	910	637	784	715	3101	2778	2597	2806	2854	3586	3717	4252	3232	2440	2983	2894	3537	4406	4377	4278	2312	2384	2623	2398	2343	2961	1900	3456	4210	4240	3846	4130	3823	3523	3249	3471	5450	4314	5966	4679	5059	5006	5438	4477	8242	8295	7120	8091	6755	4744	4253	14587	28374	24796	10953	8813	11852	25003	8326	5117	6574	9122	8912	6409	7290
27656	39685	36963	44147	47393	37303	37412	31266	34451	39384	23326	28475	20037	15516	14360	13581	12627	14857	15377	15665	15837	15797	11938	12795	15222	14765	13317	16223	18797	22224	23595	21468	17310	12465	15682	14377	15264	20448	15602	12609	21192	27619	25560	33981	26894	23692	26025	25436	20301	13679	12718	17644	18031	13545	12428	14961	13034	12896	13429	13162	11239	12072	16036	13992	15980	18391	23927	22241	26981	25609	26160	36042	31803	35309	33384	26431	30452	22974	29896	30650	32215	33308	36662	42633	40170	39083	32096	32722	30502	30037	28172	31329	32677	40866	28872	25732	28933	24905	24893	25023	21954	26469	33981	29159	30332	25308	28038	27327	23002	25440	29317	27654	19885	20041	20223	19905	18210	18876	20169	19630	20189	19452	15759	18467	20308	20027	20104	22847	16630	11193	14081	15943	12147	17748	19513	10934	10282	14598	14607	29601	27075	26821	32068	29020	28679	28166	69739	64966	49565	11244	10817	9699	8500	8768	8824	9896	8945	9827	12517	13074	11966	17459	19036	19211	18226	27971	25717	27671	28416	26350	27634	22371	25208	25036	25901	38732	35770	27149	26730	25315	25281	22617	17577	26537	39353	25856	20472	24990	35143	48430	43230	30460	28489	37457	33721	30170	25595	25775	21643	19626	15257	17098	14472	15597	15233	18738	12891	14234	13879	16161	11836	11775	12394	15731	13450	13673	14529	13293	13282	14168	15684	19909	18714	17834	10610	9164	14476	18877	19021	16852	12315	10811	10524	15437	15270	23635	23148	21073	22930	23442	21087	21836	26155	22159	17996	17149	11449	10051	16637	9876	8890	10776	10847	15528	23042	25060	27196	27324	17540	15265	17090	20575	20051	26378	25194	24347	29965	28844	32986	30034	44071	40609	33894	31952	39161	33218	35330	35583	25450	29051	46411	33116	34826	27903	28650	28323	38137	34023	31425	36535	38261	36703	33367	36051	35311	29566	26687	23571	20978	21233	14732	20656	16787	17446	16310	17834	17482	21464	19924	16924	20339	19954	16979	15318	21085	16406	18648	32870	25580	25288	26206	24882	22310	22964	25209	22759	22317	24364	24999	25365	27425	26846	22101	18365	20910	20771	19150	19505	25567	21058	17179	16363	15474	21050	16236	14446	14528	13411	19416	18622	20163	21261	25435	20532	14746	17940	17019	23839	52637	57127	62576	44121	60827	74398	76051	64319	65210	57702	54444	54411	61490	56289	37955	24551	24728	24611	27987	33265	22371	22123	20985	23247	25084	27467	30729	28700	32442	30260	25556	24900	24822	26177	25175	26519	36835	51337	21041	16679	22274	25586	16102	21440	15568	17501	17751	17526	14828	15998	14901	14521	16392	18169	21603	18608	13469	18588	14527	21165	22148	14933	16277	16223	14813	15729	10731	16439	12711	19280	25572	23105	16717	21308	10822	8679	8668	9898	11035	17416	9339	18791	14008	10080	7793	8922	8664	12545	21521	12028	10544	14742	11185	9310	8666	7671	8415	9039	7100	7827	7452	10129	10399	9020	7926	9725	8192	9907	9383	8602	7913	8260	10075	15176	9101	9228	14368	13661	13071	10805	22156	17981	10420	11782	9569	9831	10607	9339	8281	9897	7636	10722	11608	8086	9643	8928	7276	9155	10255	13466	14803	9693	10766	11482	11356	10097	9330	10987	9152	14208	18903	16191	11571	17898	10566	16213	13728	9035	6916	9850	9468	12160	7708	10399	10195	22503	16866	17750	24259	20855	7335	7853	10446	19655	12105	7545	12257	16604	16475	11993	9288	7146	7102	6668	6392	7599	12580	16152	11830	7130	6120	7365	6016	6942	6685	7490	7428	8551	8445	7316	7487	10493	10460	8453	7702	8335	10533	12438	13451	13353	11825	10906	11126	13479	12252	12829	14200	14792	13129	16573	18531	15013	13973	12509	11802	13340	11540	14277	13365	13179	7459	6652	6737	11657	7973	8392	10426	20359	22989	17341	18673	32721	32097	23127	25608	23153	26531	27963	31786	27028	35376	35835	40049	44897	32716	24006	28246	27145	20275	19682	20001	24897	27271	21396	14561	8548	7120	5436	8385	7180	7617	6469	5988	7323	15018	9473	6358	8109	6648	5925	6167	8082	11161	12031	17311	10864	17407	18159	13234	18232	27794	27722	24696	21694	23180	24137	22769	22647	22231	19275	25198	32779	11130	10160	18187	17207	18357	23009	29725	36820	34297	26968	41281	55041
9794	9310	6716	9329	9858	6892	4907	5907	6608	6084	5549	6146	5646	5865	5736	6159	5677	6220	5378	4961	5029	4901	5070	5808	5540	5433	5791	6791	6574	6702	6573	7055	6679	7396	4799	5508	5346	5986	6921	6381	5927	6225	5901	4468	4051	4321	3866	4397	5011	5047	5180	4913	4812	5598	4999	5420	4657	4761	4576	5022	4321	4874	4270	4147	4022	4826	5508	5718	6531	6536	6782	6302	5777	6217	5422	5898	7336	6243	6771	6792	5410	6372	6475	6647	6569	6881	7324	6726	7629	7582	7888	8283	8535	8429	7754	9112	8469	8286	8748	8944	8851	9780	11533	10264	10821	11093	9378	10168	8232	8396	9793	9719	6836	7506	8731	8146	8494	9834	10074	10243	9082	8813	7834	6503	5681	6190	6040	6697	7007	8706	7385	6323	7309	6994	7452	6696	6863	6956	7138	7690	7842	7498	6650	6488	8055	9114	8259	7534	7975	7412	8005	6589	6682	6301	5953	5476	4837	4577	5119	5881	5917	5714	6208	5737	7229	8835	8277	8186	7801	8871	9837	9456	7651	9166	11514	8287	8175	7128	7735	8974	8097	6146	6785	9169	9856	10065	8333	7937	5756	5456	6703	6313	6864	7474	5994	6032	6157	6844	6342	6011	5792	6400	6267	6993	6879	7612	7860	5946	5059	4985	5113	4694	4863	5314	5202	6886	6385	5475	4631	3884	3886	5052	4918	4970	4743	4149	4443	4484	4094	4287	5119	6101	5769	5560	5373	4295	4538	4526	5331	4900	5331	5251	4315	4592	4497	4420	4852	4325	4584	4913	4743	5655	6230	3948	3811	4660	3817	4356	3590	4213	3781	3969	4115	4312	4349	4807	5025	4991	4425	5797	6230	6649	6119	5215	5512	5947	5799	4864	6151	5537	4591	4990	5295	4411	4183	4225	4708	5250	5283	5459	5844	5119	4917	5309	5251	6474	6783	5374	5614	6163	6273	5538	5050	4497	4903	4273	3793	4548	4281	4055	3739	4537	4425	4622	4004	4458	4845	4089	3597	4408	4118	3962	4600	4331	5780	4799	4380	4882	5446	4829	4167	4247	4050	4389	4391	3836	4134	4820	4123	4068	3339	3836	3645	3574	3666	3665	3852	3565	3787	3694	3544	4919	4119	3583	3857	3482	2839	2879	2783	4496	4206	3078	3766	3666	3849	4367	3919	4198	4048	4180	4251	4776	4545	5474	6855	6182	5816	6884	5713	5992	5376	4689	5339	5248	5524	4838	5287	5468	5554	5040	4712	5584	5107	4481	4393	3694	4002	4837	4628	4337	4530	4432	3469	3458	2837	3807	3564	3114	3449	4088	3498	3311	3929	3573	3540	4333	3779	3764	3420	3647	4015	3618	3209	3461	3502	3170	3294	3536	3100	3597	3774	3697	3621	3680	3784	3607	3653	3397	3438	4191	3678	3347	2985	3476	3471	3292	2717	3617	4309	2909	3456	4146	3438	2827	3004	2545	2822	2469	2457	2442	2060	2140	3774	4701	4576	2704	2957	2722	2795	2749	2935	3122	2839	3384	4014	3578	3918	3358	3335	3669	3120	3074	3030	3012	2808	2808	2529	3224	3470	3978	3471	3600	2598	3146	2515	2357	2948	3330	2930	2666	2557	3032	2577	2378	2710	3262	3497	2333	2388	2564	2713	2891	2880	3083	3296	2916	3805	3155	3123	3736	3573	2931	2763	2711	2387	2194	2695	3053	4086	3902	3425	2740	2756	2909	3146	2917	3145	2859	2779	2778	2668	2602	2656	2933	2880	2686	2651	3338	2767	2773	3152	4253	3049	2828	2788	2754	3189	3442	3245	3498	3891	3378	3468	3310	4609	5648	5102	4401	4947	3905	2995	4002	3802	3194	3165	4387	4381	4458	4485	3958	3829	3844	3860	4412	4494	5776	6002	5977	5877	6442	7490	5812	6116	6268	5371	5330	4643	4338	3518	3569	3443	3577	3639	3308	3460	4204	3791	3701	4953	5706	5359	4028	4296	3789	9540	4979	4829	2881	3231	3386	3248	3408	4013	3852	3448	3098	3802	3680	3275	3428	4311	3581	3466	3866	3914	3857	3971	3990	4192	4046	3963	4093	3727	3527	3652	3882	4309	3296	3316	4286	3780	3899	5374	4957	4300	4229	5176	5192	4494	5118	5161	4917	4433	4495	4521	4916	4551	6345	5987	5749	5763	6220
7577	3868	3680	2596	3034	2979	2200	1789	4850	3131	21842	9908	4137	7675	2089	1602	1481	1337	1047	1520	1459	2336	721	939	1147	582	794	1025	442	644	1022	885	1235	871	444	986	1013	757	596	1010	2971	3837	956	307	1069	978	608	542	714	965	736	2249	399	302	463	6866	513	595	1088	421	400	1566	1030	1799	2342	3232	4867	3536	2287	5211	1299	1427	3098	4503	9918	8144	7255	7396	7209	2139	7295	23013	16197	6047	2354	2427	4869	8802	2513	7581	8305	7652	7118	13180	9101	10258	9755	12554	11819	11074	11113	8239	6479	11116	6393	6877	5814	5075	5636	6481	6156	5346	6330	5942	5159	5305	8332	8473	6386	5854	5753	8380	9645	10207	10308	13915	14649	15418	16103	16085	15622	11508	11605	12623	11573	11498	10622	11184	11236	11465	11400	11656	11122	10521	10117	14677	14482	15277	13455	3249	229	1888	284	425	472	265	525	427	777	760	901	1017	1114	4492	7569	3736	1563	2104	3382	8428	3259	3964	4408	10338	13345	5755	7002	4695	5806	11636	2500	11217	2516	4125	3466	4167	4826	3856	3224	9825	14004	2995	4609	7698	8181	7148	8664	1728	1663	1607	1421	1591	1183	10161	5409	7803	1136	1204	3288	1488	1195	1166	1150	2600	1095	1194	791	616	915	528	942	1052	912	1377	1699	1159	1453	979	1044	680	508	889	1275	540	554	543	547	626	760	9673	881	920	755	3338	888	630	687	13229	862	1154	755	1251	1587	2601	565	1380	1473	930	1107	3084	1269	3130	1941	6161	3428	1962	3619	2824	3363	2820	2733	17716	22219	14968	4339	13674	16622	6955	3869	3983	2041	1949	5882	3130	3262	5979	6911	4002	3498	3570	2740	4870	2293	3919	2007	3498	1044	2094	1164	1421	1919	1517	1055	1053	4669	6942	9207	5111	787	2789	1769	1000	908	539	695	1313	1413	772	1929	1542	1415	854	686	2544	1317	1581	1026	779	799	669	731	915	748	725	645	2713	610	473	594	2073	1693	1801	1454	8235	1970	848	715	628	959	640	1083	1097	1261	2533	940	7330	2353	2384	3265	1362	1518	2081	2353	1852	1520	2454	7214	2216	5298	3027	1807	2415	2183	2118	1716	3671	5470	3057	5531	10017	3677	2399	2701	4616	8497	7097	5272	2801	2350	2006	2523	2681	2859	5218	2817	2546	4914	1905	3142	7160	2930	1999	1269	1613	1463	2935	1104	1472	1364	3196	4014	4786	1574	915	1147	2525	2361	2711	2209	1512	1456	1627	1035	4510	5859	5875	5769	8401	5664	5206	5766	6887	6076	5429	5449	5420	5458	5358	5530	8083	1157	664	745	1270	1008	826	774	663	1257	959	1431	1008	1208	1120	1613	810	823	1388	1263	1417	1869	2198	2120	1386	8433	2358	1588	1215	646	909	762	805	6734	7427	1036	956	1292	979	966	1102	1834	1732	1004	1600	1288	801	1202	1010	1006	950	922	816	1236	3205	5080	1415	772	720	414	626	791	2262	728	739	608	451	531	813	810	746	768	1155	1820	1332	710	1130	880	1713	1176	2459	12198	21679	19561	19944	19605	36447	37020	48402	37997	28740	30263	31517	29187	29206	17164	16062	6467	275	283	420	482	281	1276	438	538	371	314	643	721	668	1925	867	476	1119	503	722	584	605	640	473	2245	802	487	984	550	1328	455	2234	1840	460	579	587	562	1034	567	1093	1213	1286	666	579	697	896	1021	660	738	880	880	762	651	589	879	917	387	615	835	634	1064	2116	854	5765	1174	994	1043	1030	1123	2896	5861	10711	11047	1475	918	1654	1141	838	1099	993	1292	1087	1636	1934	1060	812	1259	1401	1069	851	1154	1161	876	899	831	2011	1071	541	1097	927	889	741	788	1325	2421	976	1108	1468	1926	1444	1490	1793	1827	1998	1862	1675	1228	1578	3075	17470	6747	2263	1216	7018	4711	6071	1435	4558	1837	3913	1892	5073	2641	2243	2442	10619
18862	15035	13402	13671	13754	11407	6630	9654	8372	7654	11278	8567	6679	6067	6744	6692	5771	7685	7277	8340	14277	10332	13243	2189	1912	1563	778	1073	9755	3419	1087	865	1839	1119	881	1079	979	780	656	893	1747	1503	1347	1048	1069	2153	2317	2043	1424	13166	8314	1583	1496	1119	11707	16211	11547	1926	1268	1730	2971	3203	7256	7069	14685	11807	12413	24537	18888	20453	16199	16575	20568	22254	24813	19534	25190	8256	12513	14827	12017	15071	11898	10992	13208	8002	8636	20219	18033	13210	12397	16533	13037	17891	32158	20733	19992	16192	13823	11706	10526	12668	13753	16178	16861	16640	14822	12781	13273	12474	10134	9908	16772	20113	15090	20213	12892	10490	12168	10509	6360	7449	13614	5732	20976	24682	5464	5654	5389	5136	5740	5039	3918	952	2497	21512	3167	1143	877	2392	3551	3414	3301	3352	3402	2750	3400	4665	7169	5260	4857	13610	17929	15798	21501	23774	20166	17533	19648	4791	4047	7995	26400	6728	6670	7004	16517	12715	11974	9487	10076	9472	10472	8192	10223	6685	9229	9770	7160	11879	9330	9008	9887	10741	15218	14040	15285	7384	12871	9285	15422	18827	13315	10960	7893	5330	6431	3861	4315	3884	11248	4159	1883	3842	3594	5083	2747	3328	2631	1173	946	1506	1222	7616	19744	19274	2952	2650	2988	1336	2348	535	1773	721	14031	923	679	1575	8262	423	836	1047	2429	1564	1192	1342	1110	1426	1450	1880	5573	1945	1635	7208	2414	1967	1084	1254	1215	1243	1231	1250	900	1183	1170	2596	3509	3627	1875	2162	5159	4180	8433	7221	10206	5679	7127	5756	8323	22854	81954	45708	5756	4515	3262	2630	1714	4757	4826	15573	24954	27524	7460	9159	7570	3748	5801	4666	2486	2515	3057	6986	4979	4694	4704	6012	4183	3139	3336	4824	4363	5503	5340	3329	4884	513	818	1032	793	8145	1747	2189	20301	28527	1962	480	1311	965	875	800	727	686	966	911	885	1196	2567	1264	2192	1341	1417	2362	4166	3810	3532	3712	4522	3115	2503	1666	6571	3147	1131	1696	2781	1294	2088	1492	952	1349	2965	1813	3980	8848	6570	9781	14978	17753	16532	24135	6706	8301	6662	10517	10144	11104	9729	8486	8153	5228	4680	6134	3814	5771	6535	6333	6296	5010	6255	4345	6559	8979	8619	11494	5988	7454	7036	5278	13487	9324	7762	7799	5095	3508	17053	22600	51559	42816	28606	9445	7338	5541	13922	17237	19137	14055	13446	4521	620	1982	616	766	1065	780	1437	4550	769	2346	941	1006	644	438	894	1193	11512	13579	8086	3926	3765	3734	4171	4314	15961	15382	3665	6268	12875	15444	12802	15697	6850	3619	2595	3744	5583	4769	12715	13220	9595	8639	3206	3776	4723	4729	4711	3166	2896	788	755	1727	1568	721	557	2628	895	4321	3327	1670	5634	9079	3183	856	1013	5954	1586	1654	2896	6566	1751	1017	1751	3120	2660	3230	3293	2336	1474	477	476	659	750	1377	1228	799	1546	2567	1997	1614	3440	1305	3046	6558	3948	421	63	48	55	687	11393	20083	7081	7625	6010	5530	1038	527	615	2169	13285	9303	4160	1116	1049	1600	1475	1291	1647	2186	2430	2193	951	1803	2018	1426	874	898	776	912	998	1007	836	1433	921	1087	1293	12268	14051	2918	788	989	830	3065	304	492	405	1130	6221	4088	1485	1721	503	856	3224	3007	687	431	661	538	1891	593	719	629	780	1325	749	636	702	428	4970	1047	1393	2639	2365	2259	521	487	1137	2772	2855	4384	207	738	8654	596	2592	616	522	966	2869	2879	2497	809	2251	3295	4658	4047	2797	1875	1210	5632	3508	1127	741	411	639	805	1669	1127	1007	1326	1070	1354	919	1376	1195	889	1004	1670	1524	3226	900	806	864	799	1136	1219	1175	1468	1284	1434	3647	1275	9202	8094	4619	4678	11207	6285	5805	3837	4790	8882	5497	3505	6061	9308	2698	3374	20059	5523	6530	6501	3234	3647	2604	4813	3575	2622	8038	11200	11837	5100
38379	38481	29846	33471	36637	31994	33199	34977	37276	32782	29436	38247	32878	33626	31845	28386	29977	25933	21655	22934	24372	23242	24184	25168	24610	23891	24014	24732	26761	26226	26624	336721	403062	415201	414504	423827	303108	289505	281125	336254	348528	335753	359668	368532	356640	259557	246110	250491	300208	298901	216725	23537	23814	24889	21493	21606	23608	22388	20189	21498	26109	25198	24681	22374	22772	27827	29592	24998	26163	23903	22773	22580	25903	22392	26337	27870	28486	39431	28811	27809	40380	28963	32510	28586	34368	33343	31541	29319	27448	28046	25105	26250	28851	27683	28497	26563	26983	28054	31033	28542	30283	28610	30154	27294	31600	28986	28228	28014	28105	28622	27984	27581	27795	29327	28223	28835	26530	21351	24061	25157	31145	28132	26132	27774	26442	29403	65795	28417	24733	27477	29156	27503	29708	27614	27918	26480	28140	27914	27821	26741	27227	27278	26535	27083	28856	26261	29771	29173	22903	20409	21725	21309	22753	21177	20272	20215	20429	20583	20290	19724	22053	25140	28656	31465	22354	24104	22993	29425	32573	24689	33184	29782	35687	36273	36668	36219	34073	36517	38984	36439	35038	29081	32479	32163	33696	31982	36391	36645	37549	35726	33761	40730	43663	47332	48148	45301	42040	40065	36009	35785	31079	32571	32221	35179	31672	33751	37235	32933	32232	29255	30297	29871	30059	30674	28925	33734	29270	31819	32880	32024	30963	31554	30138	32281	32801	31725	32476	34050	32258	30098	29664	29563	26598	26119	26717	22798	22258	19671	22962	20351	19778	19493	20243	19081	20828	17580	18550	17427	17643	19826	17688	17248	17617	18359	18208	18944	18708	20960	19322	21280	20317	24001	26286	24951	20899	21127	23268	22108	22865	23276	22319	26742	28548	25881	26911	28205	31187	28013	35686	41162	44726	49101	44664	48153	44449	43553	48313	43244	43204	42031	38704	43827	41471	42222	40609	46471	41580	39887	41167	44154	50613	46984	46033	44891	41532	37892	40173	35978	32385	29133	29959	27137	30834	29298	28941	29346	31197	33208	165868	446866	442162	457103	450740	427701	335126	302757	299059	356693	377534	380727	359618	351261	374057	381977	387345	391564	370910	309113	295107	283308	119182	22070	21354	21607	19849	19091	19596	18967	17902	17493	18209	19466	20048	18437	22927	20404	20411	19259	21819	20338	20412	20583	20700	24875	25039	28343	27483	26277	28885	27439	28873	27624	27359	34684	37328	29245	34598	33362	35869	33196	33203	37243	31467	25961	30918	29444	43062	37804	43011	43173	44033	42572	34538	37956	30629	33358	36508	25331	35389	26703	22480	21815	21822	25097	23656	20013	19575	19303	21332	20378	18385	20821	26938	22594	18321	17804	21249	20363	18629	19505	17474	17620	17639	19151	16928	18670	18319	18449	17666	17318	17947	15676	14249	13116	12501	12840	12383	12195	11820	12565	11784	11633	13037	12586	12622	11338	11171	10766	13616	13916	11594	14052	13266	12043	10414	11761	14157	14052	16568	15261	16397	17866	16982	18970	19973	22580	21820	22441	22857	23702	21980	21764	22036	21719	22255	21767	20935	21403	21654	21773	23311	26243	24224	21507	23046	22943	22994	20279	19175	19747	18802	20840	25599	25605	24269	24815	26714	25803	27718	25500	27602	25226	22853	21651	20292	20487	18758	21068	23365	23554	19892	21337	30871	52004	41707	54167	56549	42490	42194	34964	29497	34417	36016	33041	36160	33521	34304	27765	24171	25656	28310	23671	21023	30335	23877	20695	29518	23179	20886	26121	19283	28687	14171	15726	13655	13796	12670	12526	14640	15349	16981	18215	20352	20299	20103	20852	18674	17872	12527	18274	19073	17792	19367	19237	22154	19735	21692	18568	19997	20969	19204	24244	23014	22558	18944	19560	20595	20802	21849	20239	19953	22382	19672	20921	26893	32617	30895	29416	36094	33596	37492	48980	30587	29014	30601	28898	29398	33330	29376	28446	23809	21054	20508	20556	17841	16506	16142	23062	33583	20428	21700	20529	19299	23015	19651	18422	15689	16879	17356	18824	17101	17477	22230	17720	17012	18749	17272	19460	22068	18913	17227	20977	17800	22330	26674	36761	31097	27615	26630	24294	23880	25486	32487	32141	30331	26444	18274	19357	18117	23284	27260	26770	25644	25994	28828	29967	36290	35178	34495	31943	27842	28726	31381	31172	29947	29282	31304	31000	229825	352248	360288	349142
7222	4374	6045	9051	9899	36473	22616	11756	8309	5558	6733	9062	7066	5425	4954	8905	10967	8319	8028	10504	6841	7347	6207	6477	6388	6922	10121	9574	7774	5617	5321	4119	3474	3425	4947	6109	4859	5680	4477	5906	7734	3798	4120	3650	4719	5369	4404	5480	3065	3134	2986	3286	2152	1764	1490	1639	2349	2571	2204	2528	3362	4524	3411	2789	3586	3244	3992	3685	3421	3990	8071	5576	4777	6371	7846	9141	7902	14122	15595	8554	9672	12337	14609	14906	12168	10145	10436	6718	10347	12136	5469	5807	9507	9733	8132	10911	13900	14506	9618	10690	9202	8287	9136	8185	8058	10434	8610	9904	11565	9698	10711	9919	9352	6865	12474	13168	10013	8567	9877	12694	18929	15613	11569	6665	6653	7136	8272	7600	4940	5359	8155	4117	3426	4025	4821	5691	9201	7193	6896	5503	3396	4628	3758	3557	4174	3767	2792	2440	1829	2039	2792	2652	2142	1595	5492	7197	7964	6656	6492	7842	7582	9490	6671	6859	4185	3797	6672	10302	4192	10361	6631	8708	10495	11064	12836	12453	13434	10285	14642	12534	13516	14114	9829	7803	7985	8621	9928	16149	13680	13087	8285	14500	15993	12003	6185	6052	7979	6176	11241	11657	9906	9494	8954	9467	7919	10881	11345	9327	9883	10521	8880	8798	6016	8276	7967	7677	7226	7382	9830	8682	10165	9052	10970	10194	8631	13071	8420	8386	7391	9349	9995	10158	8162	7411	4357	3165	3223	2077	1212	2505	3111	2103	2434	1900	2110	2103	2240	1944	1026	1499	2799	2866	2202	3246	7394	7293	3985	2365	2230	3205	4418	4020	4949	3744	6038	7828	10497	13218	13048	12107	11768	15418	13545	10529	5988	8629	8528	12139	17800	19682	20225	24348	18711	15113	11625	10591	15121	14454	13827	17580	13855	16788	16269	13351	13249	12448	16495	17244	20277	19527	15249	10097	6998	7538	7267	5752	11771	6621	5250	5671	7980	9856	6139	5792	4344	6480	7160	6555	4907	9023	4326	7640	7895	5274	4598	2239	6401	6926	5120	6504	5485	2295	1874	2051	1916	2655	2101	2966	3415	2683	1586	1184	2308	1693	2067	1322	1502	1450	934	1480	2963	1466	3996	13117	5077	6240	7288	10075	13265	9464	15680	7029	7621	9241	10799	10804	13171	12213	12316	12350	13149	11040	10183	9426	11102	11264	9630	8507	8997	9507	13778	10130	16332	20135	17913	10264	12897	8302	4986	5538	5287	5197	4286	4606	6739	5409	3718	6201	4685	4429	7312	3586	3685	5185	4785	5789	5587	5139	4629	6994	8055	7959	4897	4504	3557	3022	3539	4439	4914	4056	3933	3969	3898	6924	3103	1734	1243	1950	1540	2650	1891	4646	3600	3694	1432	1414	1805	1214	1550	1214	790	754	890	798	950	718	1054	1117	1090	1695	1662	1164	1334	2372	2458	5157	3250	1613	1619	1815	2057	3399	4279	2640	3188	3508	4519	5485	4614	3803	11891	6531	2337	2658	2640	2430	4634	5553	9937	7682	4328	4116	2347	1875	1797	2470	1782	1804	1325	1158	1875	1427	1683	2890	3261	2013	1866	1406	2322	2894	3401	2643	1764	2523	2474	2608	1452	4017	2683	1668	1123	1613	3554	4591	3330	2576	2153	1385	1662	1369	3272	6536	2571	2041	2126	2224	1803	1828	2058	2092	1673	2719	2660	2277	2957	2149	2086	1938	1505	1096	952	1147	939	1266	1447	1233	1233	950	915	1451	1304	1204	1508	1095	1041	1283	1301	1722	1540	2065	4146	2821	3877	4406	3121	3243	3768	2957	2204	3584	4964	4427	2291	4458	1449	1259	1434	1043	1798	1398	1712	2192	2018	1180	1089	1502	2483	2477	2472	2414	2188	3516	4445	4631	3501	3101	1755	2078	2046	1796	1566	1954	4420	3011	3584	4091	3406	5882	7990	2564	1983	4729	4876	3918	2449	4264	2198	2380	2109	1568	1897	1456	1571	1942	2486	1750	1346	1530	1349	1790	1620	1566	1512	1155	1018	1037	1778	2190	1800	1565	1525	1391	1477	3162	5071	6097	4410	5546	4867	4879	5699	5785	7242	9475	7198	5529	5427	8873	6591	6291	8685	7033	7993	7300	6585	4404	3664	4260	5908	6105	7803	6510
5767	4173	6262	4200	1736	1651	1518	1282	3395	1436	3251	3593	5326	2919	3353	1126	2370	627	714	1170	861	5984	10867	9732	1794	1243	1082	2278	1797	1574	1481	2710	1615	1613	1496	2099	898	781	870	1299	1271	1219	1164	2885	989	1135	1496	4744	7456	7543	5228	6702	5751	5931	6962	5787	1498	1543	1798	2050	1674	3417	1492	1859	2524	2702	4154	2727	4373	11546	6388	6325	5601	10782	4715	8588	5336	4275	8981	6919	3321	4833	5879	5331	4335	2713	3660	4869	7046	5874	3725	3242	6275	6039	4500	5849	5048	3602	1387	1068	2118	1790	1368	1274	1728	2053	1756	649	2128	1690	1654	1977	2554	3506	2353	1723	789	547	322	480	650	851	1363	1245	1513	1545	2016	3850	2754	2391	2020	2222	2473	1921	1811	3510	3292	3262	5880	2621	2667	1346	1716	6055	11460	11077	12460	7857	1615	1401	1494	1581	1405	1207	1441	1436	1345	1326	3078	2959	2318	1805	3545	1012	5406	1975	1999	1864	2221	8389	2074	6905	3436	2754	3626	1627	7488	3125	2952	1294	1269	1688	1652	1930	1986	7058	2249	4376	7658	3773	2018	8937	7266	3356	2681	1802	1135	1453	1859	1882	3618	1154	908	1161	1123	942	904	3718	1091	1667	1085	2643	1086	689	740	1309	599	1117	1419	2736	2366	2378	2171	3366	1994	1890	1691	1043	388	461	905	711	1192	401	296	391	458	377	930	5894	11401	10202	10233	10308	747	652	880	1071	1671	250	210	422	224	387	2195	5050	535	1078	1629	2018	2632	3512	2487	2775	3232	4793	4446	4329	4135	2544	4357	2635	4790	1715	11224	1163	2140	3448	3528	2105	1673	3178	3553	4692	4773	1859	6213	5273	1764	1720	1721	2223	3126	2216	2252	5803	2540	2577	1699	3031	1755	1123	1630	1528	556	354	868	1544	471	394	2243	381	580	957	1621	2196	2690	2666	2746	4135	3615	3801	2944	4684	2142	1329	2027	2610	1488	1610	5849	13175	9955	555	806	5385	11770	10363	11723	5142	297	575	334	404	777	503	542	2936	2031	639	461	708	724	848	2383	1213	5719	7273	5842	6602	8030	8869	10278	9298	5843	2178	2906	2615	2672	4413	1660	1495	3387	1513	3209	5085	1554	2566	3515	2192	2022	2626	3992	2266	3201	11248	6676	6939	4541	1081	1876	820	1499	3133	3124	4520	3724	4232	3825	4611	4927	7976	2818	517	778	673	671	3002	2393	876	686	1881	1418	1403	1391	2226	2009	2432	2552	6196	3338	1185	4621	9783	1227	1504	1348	1665	1329	1196	2684	1858	12537	12795	11285	12899	3652	3971	3580	2262	1791	1174	277	3399	3534	3113	4704	903	272	622	310	3433	6469	1073	580	744	708	516	944	823	708	1330	960	1678	878	425	368	736	1348	3245	1531	1288	219	463	2273	980	1074	514	510	208	394	538	580	525	407	1574	1493	1690	2183	2223	1200	1690	394	606	310	532	333	341	4024	5226	2730	2519	684	727	679	511	308	2394	1646	2138	1457	5086	1388	1275	1610	1271	1400	1464	1944	1482	1243	2878	1181	1445	1511	1317	1568	5389	12893	11931	14208	6173	347	1495	1578	1442	1428	161	200	161	217	135	783	459	151	158	645	943	356	329	155	269	299	228	282	544	429	199	629	589	2739	1288	150	244	516	262	420	220	450	611	151	283	280	364	342	390	354	360	272	382	301	226	637	762	685	2151	181	284	260	2535	831	541	305	380	2078	590	445	557	1170	474	570	3716	2557	1884	1672	1205	1242	1579	3469	1395	1065	196	275	143	311	248	372	369	834	1297	1126	163	271	5342	12710	11585	13249	211	223	616	366	427	575	135	352	889	290	519	288	345	858	5088	2966	4613	8302	7175	3008	3558	6058	12962	11410	6703	3996	2334	3831	2528	3883	6855	4508	10221	7616	7735	2218	4354	6925	3902	2298	6907	4520	5980	3346	2876
12606	11552	10599	11885	11320	12043	11569	11651	11361	10728	11267	11575	16919	26734	24188	21907	21507	21201	18232	11489	11033	11228	11122	11206	10831	11385	11194	11817	11297	12367	11303	11035	10453	11281	11005	9520	9282	8997	9052	10858	10946	11064	11270	11549	11706	12365	12609	12617	11818	12421	16573	19349	17040	12781	12550	12512	12811	12310	13406	12994	12918	12803	11854	12621	12563	12943	11765	12032	11668	11486	11468	10855	11338	13543	11606	11130	11551	11830	12318	12159	12908	12171	12173	12163	13648	14633	14264	13400	12791	12107	13848	14127	13656	12720	11817	12217	18053	19176	18873	13148	13398	12960	11784	11253	11771	11710	10580	10315	11310	11778	11410	11330	11108	12579	11673	11408	11194	11852	11263	11080	12641	12059	12161	12470	12157	12640	14335	12449	11109	13508	12949	11426	9630	8936	9977	12352	13214	13875	11937	12413	11347	11065	10932	10326	11339	11468	10679	11730	11431	11376	11239	11662	11201	11321	11807	12077	11532	12563	11897	12056	12528	11973	11913	13940	12658	13016	12624	12346	12507	12851	12013	12262	12591	12092	12700	11820	10737	11884	11085	12121	11674	2744	11474	18873	15025	13079	14351	15498	15142	16138	18294	14460	13646	13684	14214	13451	12586	11976	11419	10773	11286	12478	12019	11600	11285	11591	11230	10565	11417	11584	11458	11487	12137	12258	10990	10920	10555	11915	11453	11871	11847	12496	12125	11201	10007	11838	12032	8681	8501	8706	9286	10300	10941	9662	11059	10523	11065	11447	11419	11552	12154	12423	11383	11552	12374	11539	11671	12231	11757	11466	11674	11112	10943	11318	11654	11990	11653	11701	11977	11431	11295	11221	10833	10682	11607	12013	12471	11239	11112	12525	11334	11765	11827	12470	12631	12697	13035	14205	12881	12989	11437	14141	14824	14040	15104	14543	13255	16730	18228	12408	12882	12207	15261	16163	13916	13503	13388	13098	13062	13581	13009	13661	13342	13196	15044	14458	16505	18934	17227	17485	16337	14038	14697	14922	14803	16277	14299	15763	17856	13526	11221	15007	14791	10482	10025	9869	11510	12475	13512	13442	13343	12282	10958	11992	13498	12426	11255	11375	10943	12574	13390	14029	19135	16374	13916	11523	11562	10952	11481	11534	10858	13036	11943	12379	16498	17915	13544	11933	12036	12318	11710	12192	11872	13103	12306	12793	12734	12701	13501	10476	12388	12114	17494	12547	13377	10762	11185	10155	11965	11466	9925	10340	10111	11069	11257	10546	10157	12248	11231	12883	11842	10394	10571	13296	15805	12677	13763	13351	15617	17788	17159	18642	20604	20743	20642	18487	17431	16197	15939	14345	12206	12967	11997	10713	10773	9507	9873	10458	10907	10040	9633	8655	8471	10600	12617	11298	11754	11195	10098	11229	10702	10540	11166	9639	10109	10227	10106	10269	10087	10254	10723	10657	10953	9834	10957	10867	10810	11498	10955	10717	10551	11470	10672	11131	10666	10630	10522	10643	10078	10306	10741	11316	11241	12722	12259	15908	14977	10768	11736	11314	11243	10393	11676	13142	12465	10043	11676	10882	10399	10411	11287	10850	11279	11425	10076	9623	9890	9512	10676	10118	9760	9719	10307	9669	10739	10690	10775	11132	10278	9813	10433	10119	10303	10455	10548	10405	10785	10617	10813	10671	11406	10842	9035	12385	11983	10072	9731	9711	8860	9981	10061	9973	9421	9585	10797	11345	11926	11674	11216	10838	11899	11921	12292	11461	14857	17682	14472	11401	11691	11305	12098	12246	11656	11396	12722	12131	12185	11387	11287	11642	12413	11368	12306	11898	10062	9726	10721	11478	11476	11038	13093	15465	15781	16068	15365	12390	11580	11588	11352	10352	11178	10812	10651	10326	10527	11478	10352	10642	9973	10086	9864	10144	9748	10120	10773	10388	11167	9997	9665	10428	10031	10139	10393	10393	11312	9738	11015	10199	10255	10352	11008	11935	11072	11076	10882	10484	10219	10315	10629	12221	11533	9553	9352	8691	9607	10139	10009	10157	10569	10679	10273	10733	10004	10515	10656	10669	10862	11147	11713	11799	11510	12350	12190	10440	11123	11498	11502	11782	12438	12014	16459	12863	12539	10620	11184	10182	11309	11299	10783	10965	11450	12159	11891	11230	10685	10758	10773	10475	11368	13183	12154	10775	10575	10212	11155	10674	10573	11698	11025	10811	10161	11828
102411	106937	107366	110869	100777	100483	96538	96961	87763	82273	79799	81428	77865	76077	75783	71634	61469	59313	55141	52046	50430	50306	46683	46120	44908	48984	50171	49367	47168	47287	48707	45736	44613	41262	40944	43949	40668	38844	43125	35532	33462	35149	31819	31313	31661	31828	29154	27800	30264	32036	30487	27732	26004	26132	24805	24611	24380	24981	24292	26553	27403	30178	32591	31899	30673	32539	30980	24154	24415	28682	31867	34569	43439	48192	58866	63321	70566	73078	70332	83271	88778	89075	91970	91087	86757	81414	74144	72925	71169	74524	75478	79808	95177	90239	88747	93046	92869	96351	95134	87046	91267	103087	104233	97758	96770	82600	74681	75518	74313	66267	66035	64545	59255	54180	51822	47185	46211	49946	44117	45196	45890	47895	49642	49453	49650	47560	46353	45143	46202	42972	40943	43599	44768	50717	48013	43285	41007	41215	40744	38487	37291	39076	40327	36726	33320	32935	31943	35815	31693	36210	36903	37266	36689	35469	35147	29076	25198	24218	24029	24814	27708	25456	24708	26947	27784	30671	38651	39848	44505	52523	52615	60815	62080	65276	65249	77349	75358	68221	71978	75508	74329	64943	68427	72236	67929	58701	65824	71903	72827	68203	74873	72195	79233	76960	86219	95763	88442	85665	82605	77229	76479	80926	72933	73261	68546	71609	67724	54188	54369	51266	44194	46141	44821	43900	42989	47774	44103	47590	48034	47919	43748	52157	52189	48742	49228	36496	35116	36134	34739	36681	36826	34583	35544	36777	34308	36800	35979	31540	33007	32466	32402	31664	27910	31387	36378	35893	33783	34293	32605	32669	30270	29314	27248	25433	26449	28135	29069	27435	26791	32043	33313	29296	32435	38810	45079	46923	55591	61844	59476	72367	74626	71139	70407	79201	74456	72302	66355	59724	66735	54966	56792	56105	65326	66310	70204	74050	79759	81550	81051	83371	80261	90255	85866	84595	86408	88628	84223	76125	75573	73142	68817	63206	60739	57539	54834	50895	48305	44141	45240	50825	47605	47902	48203	49204	48627	49701	46422	40886	39670	38430	36270	41876	39027	43492	42528	41160	38967	34883	35045	32335	31597	29997	28506	29709	30261	30821	27006	27905	24007	26350	25491	26018	27752	26619	28632	27064	28641	29680	26118	26813	24886	24221	22149	22032	25790	26155	29417	39503	45552	47159	43693	59039	56365	61734	62055	66382	63466	70314	74068	71499	71453	74634	73265	67450	61483	60120	64455	65443	69429	68874	74840	76751	80708	82088	83159	83311	81780	84191	85293	83866	87754	83855	82155	73280	67384	65743	62027	57612	54762	57981	54614	48652	46756	45164	45351	45691	44950	41211	40198	41320	43288	43371	38412	35367	36836	34934	35159	34701	34015	36092	35894	34126	38927	35587	29960	28698	29134	31236	33070	30027	26495	25327	25511	23826	22794	25382	24651	24709	25219	24568	25373	27186	25562	25320	24804	26008	25067	25362	24626	25192	23874	24040	24265	26810	28614	26995	28107	27026	28976	30024	26460	28029	26759	31961	31852	35467	37203	36395	37445	29265	26605	28064	27724	30494	31058	32291	32013	37234	38962	39819	43580	47477	45175	42822	35988	38188	31922	31026	34018	36533	34806	32226	28631	31222	27257	26252	27598	27171	27061	26844	28262	27886	23139	23693	22784	24036	24386	23322	21990	23841	23659	23489	22447	22717	23284	19731	20699	21669	21618	24033	21426	20489	19904	21264	22514	22953	26108	24220	22526	24647	22860	23340	23678	23402	22345	23212	22574	22571	22721	23387	28743	29203	29151	26534	21934	22288	20792	21066	19895	23572	27228	23659	20370	20507	20871	22637	21315	20980	21809	24569	21849	22940	22103	21843	23098	23109	22273	22813	21182	20813	21867	20165	22767	23473	25683	28197	27198	26403	25234	26728	25995	28131	25801	24964	24851	27297	28325	27087	26281	26713	28605	23532	22920	24276	19797	22429	22875	22704	23568	23973	27196	24971	23837	23405	21659	21810	22289	23765	22610	24740	24911	23597	23363	29434	23742	21536	20206	21842	22404	22581	23542	23196	22418	21673	23004	22028	21084	22456	23066	22547	22604	23326	22463	21363	20313	22284	20656	21016	20316	20010	20144	21255	24802	30919	32300	38963	43508	43243	50088	55670	51193	61690	59167	56390	66731	63866	68138	54274	58571	63940	58980	56512	56550	46236	46761	47830	56914	52976	54672	58211	59891	67192
1047	164	169	620	325	372	930	338	340	212	196	1540	759	1125	861	975	937	553	1796	1566	2026	1972	6206	7449	6735	2912	2879	5638	7236	7019	782	465	1872	591	550	809	508	217	183	326	192	2983	3469	155	77	197	179	141	63	200	202	73	157	189	323	166	157	213	182	84	16	83	142	145	48	19	336	141	172	96	204	85	66	105	258	710	619	447	350	235	163	175	341	356	419	410	244	214	651	665	315	302	551	366	376	1333	807	457	634	154	786	325	359	210	116	129	413	58	105	340	3497	10827	9353	79	117	132	417	146	90	83	69	111	209	151	218	61	520	3151	1638	1912	26	159	746	79	72	133	95	107	100	115	160	146	72	162	178	111	406	314	241	114	505	275	217	150	411	154	175	187	182	220	332	389	345	344	401	313	349	361	98	142	65	271	599	801	882	6464	382	669	430	604	435	416	836	283	443	316	2042	188	204	239	267	252	256	596	977	163	202	101	182	106	88	120	128	381	570	489	5201	11124	2675	176	29	92	42	1810	3118	771	720	682	692	788	522	175	117	33	1668	2593	2495	2987	2708	587	434	650	597	660	776	948	543	550	515	629	536	468	41	31	108	34	4	16	14	97	51	2	34	9	238	28	192	5121	2221	1422	4712	490	742	873	766	648	618	966	1045	1480	1019	1234	990	601	796	655	859	837	481	146	342	571	214	119	189	296	257	272	270	139	131	177	243	200	46	49	1053	2240	2213	3170	3495	2509	1714	2261	1770	2177	2977	1335	131	96	176	1763	5157	515	346	52	35	5	18	7	36	7	31	8	125	19	28	115	774	764	865	742	697	18	158	92	4	36	177	115	57	7	125	147	65	248	31	34	76	59	16	30	82	40	35	21	89	81	131	77	114	54	78	86	138	152	183	115	127	176	78	57	191	3009	552	1032	1141	933	905	2295	1791	1465	1740	3961	4028	3661	3892	4075	5043	4125	3318	1430	56	205	315	1507	6620	2873	1161	1058	1709	1114	1184	893	1103	976	1213	835	1004	1181	985	816	766	743	643	296	1002	9113	2391	1167	1208	118	77	6	130	52	469	1998	2654	1970	1592	1345	1244	1103	1294	1317	1342	1141	1456	1577	1309	1278	1387	1333	1539	1194	1551	1364	110	8	2	7	72	61	49	28	69	78	24	3	93	29	1348	3883	3587	5884	6792	2058	7	2	5	3	5	4	18	43	13	3	28	28	9	7	6	14	73	53	15	1	62	21	15	98	87	47	177	171	1036	1636	1493	1334	1227	1702	1367	1207	1498	1563	1211	1149	1186	1232	1114	13	17	13	60	3	5	5	13	5	60	4	17	4	16	24	208	77	162	191	232	232	119	78	103	188	47	75	26	92	61	91	6	5	107	233	141	87	59	46	106	44	104	108	223	60	263	133	596	50	87	126	112	61	130	59	71	46	56	35	1756	2760	597	17	1862	1704	2865	2860	1786	726	1894	2230	1116	64	55	30	1098	1238	163	349	137	22	25	97	5	16	12	108	40	3	25	46	26	26	99	23	43	6	46	25	16	89	21	16	18	5	4	4	159	68	60	187	5	35	30	35	104	5	28	68	24	59	68	36	14	13	78	35	57	39	40	6	7	71	173	56	20	41	144	99	80	80	149	43	204	530	652	226	2111	4159	2159	824	11743	351	51	84	56	21	47	64	61	125
4549	4033	5099	5601	7105	5937	6498	5453	5390	5106	5110	6632	6713	5054	4401	4786	3530	3209	3548	2564	2505	3084	2598	1963	2141	1920	1834	1213	1649	1429	1762	1700	2640	2142	2766	2955	3480	1626	3436	3744	3565	3013	3131	3053	3119	1360	1381	1084	1781	1215	1325	1348	1657	1207	1650	1112	1549	1717	1973	2364	1890	3367	3651	2091	1709	1636	1924	2035	1017	1309	1054	2001	2135	2950	2043	1793	2145	1981	2243	2710	2434	2666	3071	3809	3616	3290	2955	2440	2715	2344	3069	2972	3960	5238	6184	4589	4542	6502	6386	5366	6642	4092	5729	5236	5863	5814	5771	5784	5424	4354	4372	4594	4539	4866	4266	4638	4411	6628	4693	4898	4942	4749	4137	5377	3835	4012	3429	5019	3788	1531	1164	1468	1211	2653	2499	3721	5404	3986	2666	2803	2811	3251	3636	3603	3608	2423	2561	2890	2626	2184	2414	3036	2887	2548	2378	2285	2181	2497	1892	2291	2383	1164	1336	2660	1788	2402	1197	1455	1319	1420	2021	2661	2735	5488	3848	4000	4263	6370	8103	8252	7816	4628	5113	5283	3954	6012	7155	8515	7955	8846	5257	6675	6650	8497	6870	5699	5514	6428	6881	8831	6722	5969	3579	3670	5489	4803	5655	7838	4905	4754	5540	5459	3734	2943	3485	3153	2877	3250	4097	3060	3951	3089	2823	3049	3420	2057	1452	1175	2580	4675	3025	3953	1785	1163	1240	1005	1976	2262	2570	2558	3525	2420	3057	3368	3090	3487	3735	2856	3405	4220	3445	4056	3296	4521	3656	2752	2174	2159	2003	3830	3033	1451	1314	727	1102	1978	2879	3001	3194	2476	2339	3464	4485	3810	3212	5232	4588	4819	2881	1953	1746	1884	2564	3916	3995	5167	4103	4000	3465	6141	4862	5724	8085	4246	3860	5194	5533	5451	5929	5236	3997	3856	4011	4091	3963	5461	6248	6390	5688	5367	5013	4739	5386	4055	2286	2133	1992	2090	2062	2287	2713	2085	1913	1693	2128	1993	2647	3018	2919	5187	4195	4303	2474	2115	2185	1882	2015	1878	1828	2539	2249	1784	2126	2664	2227	2271	2019	1368	3082	3492	1137	1317	1255	906	1323	5174	2175	4646	1954	2126	1971	2131	2330	3252	2565	3770	4547	4783	7319	9536	8310	8845	8553	7835	4190	3940	3925	5395	7354	5025	4361	4748	4862	5274	4732	3919	4453	7929	5312	4831	4094	4458	5384	6073	4181	4455	6764	5349	5140	5951	6200	6165	5288	4587	3187	2658	3668	3303	2743	3009	2806	2262	2179	2263	2847	2922	3500	3121	2730	2919	2753	2545	3079	3531	2698	3705	4590	4674	3538	4180	3915	3780	4124	4239	3514	3399	2279	2092	1494	951	988	1068	1483	1677	1662	2002	1084	1009	925	702	715	760	791	1249	1563	1135	987	1541	1620	1732	903	1533	2010	2681	2186	1859	1978	2179	2529	1877	1971	1979	1105	1506	1964	1732	1397	975	1204	1457	1416	1844	1699	2091	1477	1427	1808	1219	1298	841	1591	1046	994	947	856	1196	1381	2143	2916	2686	2388	2032	939	1158	1002	1732	2834	1988	1171	1325	1368	928	1564	2877	2608	3066	3742	3390	3072	2935	3292	2953	2788	3068	3103	1374	1394	1200	1387	1607	1505	1539	1314	639	798	888	797	942	591	713	692	1507	970	603	397	294	395	774	682	238	301	258	367	208	192	182	288	373	256	322	310	154	232	254	308	574	507	539	357	370	1400	2066	2169	2445	3758	1982	2523	2985	2402	952	1101	765	646	648	748	674	946	1442	430	382	592	2665	993	843	758	1260	1517	661	625	1208	2244	3415	4452	2850	732	315	475	303	929	587	947	648	1862	2310	2851	4261	3944	4065	3572	2002	1993	1691	1720	1991	1173	1327	1362	1386	1517	1278	1022	1450	1569	1517	1175	796	935	458	342	571	376	235	349	825	1634	1595	1791	1008	1128	1414	1961	1968	3166	2699	2871	3589	2528	2847	2369	2702	2658	1801	2229	2108	2107	2461	3644	3439	3928	3888	2361	2340
106	100	106	197	116	116	154	126	63	45	140	87	30	78	123	67	48	83	61	67	23	17	129	24	44	135	352	21	19	69	27	127	70	106	141	208	125	80	29	27	4	28	14	38	30	15	3	4	3	4	52	28	12	3	25	42	8	3	15	19	5	16	6	51	86	4	37	22	7	28	18	33	46	56	63	132	64	45	25	91	241	132	120	205	262	19	126	131	206	86	166	49	58	66	241	125	128	96	151	74	34	196	227	137	177	39	132	214	179	149	263	208	57	112	178	79	143	105	242	208	51	64	19	107	65	74	88	42	82	58	84	68	51	26	38	40	49	37	111	54	79	53	51	204	152	199	163	104	59	30	5	12	93	41	24	25	10	2	23	1	41	23	17	2	87	69	54	93	13	71	41	150	250	40	41	243	132	190	193	110	170	53	171	282	148	257	381	50	246	114	336	206	177	254	39	124	64	117	83	108	97	304	214	240	272	179	83	165	112	411	1246	680	123	110	182	215	337	214	170	138	268	273	88	178	211	466	704	697	741	841	690	485	180	112	108	40	16	46	84	93	83	65	25	9	39	122	25	56	83	26	0	4	30	30	36	14	2	142	85	70	207	90	28	199	157	140	95	141	166	190	63	145	150	155	163	121	103	97	69	261	244	181	142	217	148	32	51	224	362	150	236	109	203	99	110	157	1790	4989	4985	93	165	81	113	109	106	47	41	95	103	95	53	88	135	95	62	54	142	241	129	123	37	88	84	75	115	99	37	72	93	79	201	86	77	97	28	25	80	107	108	42	89	35	4	1	28	24	46	17	64	76	48	56	46	143	122	100	29	18	30	84	64	75	57	276	424	326	254	295	278	195	378	142	77	170	32	20	132	296	73	50	57	94	69	19	81	36	56	108	207	294	142	113	159	179	168	140	189	111	104	50	62	185	295	167	134	239	204	57	185	496	532	397	453	479	488	349	562	497	606	312	210	110	184	26	26	54	135	145	76	243	108	322	352	281	320	371	284	321	262	331	283	292	292	257	74	101	83	12	1	45	13	18	2	1	0	5	14	66	95	30	38	57	50	56	65	95	15	3	30	53	189	167	38	41	505	411	16	135	28	16	34	64	206	86	4	14	4	111	122	82	64	79	16	59	50	109	73	68	51	26	221	478	130	110	42	88	57	121	145	58	177	150	76	109	185	75	37	32	65	54	49	51	118	48	72	52	32	31	24	44	16	14	18	14	16	16	16	29	38	2	38	44	18	18	36	13	16	20	13	20	6	31	4	28	3	67	31	26	2	5	16	35	29	44	30	99	98	62	2	28	19	2	17	29	32	6	3	21	49	43	59	61	93	144	13	345	7	59	45	80	17	11	42	43	31	12	32	51	130	250	53	103	12	11	36	14	326	28	416	856	546	118	81	50	74	13	87	18	68	36	86	14	15	5	41	79	43	25	53	40	13	75	29	68	68	31	97	74	76	52	10	33	119	427	163	76	20	31	20	18	108	260	60	39	95	6	26	16	132	177	1258	50	21	16	15	37	70	63	20	27	26	291
38	22	2	31	12	3	29	0	14	13	5	0	25	0	2	23	31	0	0	10	65	0	0	0	11	0	12	0	5	0	0	0	10	13	0	0	0	0	0	0	0	0	0	1	0	0	1	0	0	0	0	0	0	0	0	0	0	12	0	0	0	0	0	0	1	0	0	0	0	0	1	2	31	0	11	0	1	0	10	21	6	72	4	0	28	21	0	0	0	1	14	0	12	2	25	0	1	21	11	10	21	0	41	23	28	39	13	13	0	0	33	35	0	11	1	4	10	1	0	0	0	0	0	0	0	0	1	1	2	0	0	2	0	0	0	0	0	0	0	1	0	0	0	0	0	1	1	0	0	0	0	0	0	0	0	0	0	0	0	0	0	0	0	0	0	0	10	0	43	11	0	0	0	10	0	60	0	42	45	0	0	0	0	11	8	47	0	14	28	33	21	14	1	10	0	50	54	48	73	34	4	11	23	19	11	11	10	0	0	0	3	0	0	0	0	1	0	2	0	0	0	0	0	0	0	0	1	0	1	1	4	0	1	0	0	0	0	0	0	1	0	0	0	0	0	0	0	0	0	0	0	0	0	0	0	1	0	0	0	0	0	0	2	8	0	2	9	1	0	6	3	137	96	0	10	10	14	21	22	10	10	11	10	0	12	16	11	0	23	21	14	74	10	32	10	497	597	286	48	41	43	18	12	12	21	0	21	0	0	0	1	0	1	0	0	0	0	3	0	0	0	1	0	0	0	0	3	0	0	0	1	1	0	0	2	0	0	0	2	1	0	0	0	0	0	0	1	0	1	0	0	0	0	0	0	0	0	0	0	0	0	0	0	42	11	21	0	0	21	37	21	1	54	0	1	2	0	0	0	14	22	33	21	63	31	4	3	7	11	4	13	0	13	24	2	10	12	23	12	23	12	0	0	1	0	0	0	0	0	0	0	0	0	83	0	0	0	0	0	1	0	0	0	0	1	0	0	0	0	0	0	0	0	0	1	0	0	0	0	0	0	0	0	1	1	0	0	0	0	0	0	0	1	0	0	0	0	0	0	0	1	1	1	0	0	1	0	0	0	2	0	0	0	0	0	0	0	0	0	0	3	0	0	0	0	0	0	1	0	10	0	0	0	0	21	1	1	0	0	0	1	0	0	0	0	0	0	0	0	0	0	0	0	0	0	0	0	0	0	0	0	0	0	0	0	0	0	0	0	0	0	0	0	0	0	0	0	0	0	0	0	0	0	0	0	0	0	0	0	0	10	0	1	0	0	0	0	1	0	0	0	0	0	0	0	1	0	0	0	0	0	0	0	0	0	0	0	1	0	0	0	0	3	0	0	0	0	0	1	0	0	0	0	0	0	24	0	0	0	1	1	34	0	0	0	3	21	33	0	0	0	0	0	0	0	1	0	0	0	2	0	0	0	0	0	1	1	0	0	0	0	0	0	0	0	0	1	0	0	0	0	0	1	0	0	0	1	0	0	22	0	12	12	64	0	13	0	1	33	22	10	1	11	24	22	0	1	0	11	11	1	2
1157	854	412	530	514	841	288	610	580	465	408	442	340	2409	517	734	256	264	186	122	208	100	149	194	146	422	229	166	381	225	338	138	130	255	319	262	321	147	266	200	211	187	103	153	502	173	446	166	159	127	256	184	105	74	282	180	178	250	295	153	260	170	80	284	106	251	269	58	100	179	119	160	173	211	169	291	245	191	482	549	723	586	603	925	699	673	578	1143	820	500	663	491	585	759	578	790	375	998	931	406	448	480	638	936	2602	358	412	636	556	827	568	587	565	721	423	753	503	90	216	302	252	315	437	297	388	259	319	226	420	393	378	266	240	350	410	285	365	83	58	129	148	404	467	225	444	555	329	491	406	498	565	595	421	436	380	272	346	427	427	235	37	8	19	89	177	109	209	96	2242	200	1681	1500	552	1718	1782	1323	651	1721	2391	687	372	375	281	1026	2230	1679	3065	4131	2698	2605	592	571	820	647	816	989	1584	1656	1000	911	885	756	439	561	461	1876	1062	1115	928	805	736	926	1021	700	918	789	899	824	775	820	704	831	602	981	873	1121	886	225	200	385	278	578	366	519	1004	542	564	508	227	265	312	420	393	445	556	371	462	274	491	297	445	337	341	513	532	210	170	166	380	233	188	408	185	177	309	282	197	488	291	304	256	96	438	333	266	557	358	176	255	230	206	232	237	557	344	631	605	728	1467	220	340	270	370	193	510	293	237	333	1957	620	765	3052	5290	1778	446	293	358	234	498	273	106	118	377	200	223	105	103	90	29	116	422	179	318	134	71	111	135	106	269	232	214	286	291	280	356	258	89	133	191	114	120	105	50	27	104	244	163	57	34	114	187	210	187	136	184	157	359	331	215	217	245	427	319	362	401	279	389	405	278	158	295	1856	1689	1538	1778	1100	485	493	471	687	549	643	637	757	795	685	500	417	316	442	211	441	386	222	245	291	401	262	214	525	426	252	180	137	308	162	134	142	10	174	102	232	306	191	164	273	157	186	306	122	47	116	113	25	152	18	126	114	28	221	173	312	144	90	112	35	6	16	17	143	116	223	170	42	28	28	23	6	50	36	122	39	245	151	465	258	217	83	157	176	201	96	77	35	117	396	66	35	197	337	180	138	117	404	288	133	109	111	144	198	138	42	152	200	94	461	209	228	254	72	62	135	194	72	84	366	87	8	60	63	199	88	72	56	224	72	74	82	137	139	64	78	213	208	141	162	186	195	192	139	210	190	28	184	411	411	142	568	300	232	142	439	235	251	71	435	239	1185	587	242	118	11	30	42	6	6	106	70	125	39	125	66	5	68	59	97	3	55	35	554	1064	879	1039	1042	1034	1115	283	38	37	17	27	55	78	3	47	20	33	117	139	33	29	30	9	76	54	8	83	40	93	55	105	79	53	23	103	65	67	143	189	57	154	62	15	16	128	80	136	79	83	85	65	166	333	361	525	186	107	146	108	159	154	125	76	347	82	174	303	240	179	93	40	123	105	54	113	8	61	53	161	40	10	40	109	62	37	29	124	143	124	160	91	113	1277	1213	205	258	344	97	123	237	1333	1252	1161	641	301	53	289	206	238	3224	4234	6165
69	216	149	168	109	78	126	246	221	289	131	159	87	65	47	155	28	156	232	308	228	185	115	302	1008	992	684	12	261	1802	1044	236	960	2210	1722	1443	1526	937	89	14	15	3	1	25	46	915	1335	630	18	33	14	5	5	6	2	1	37	37	20	15	230	713	3	23	58	2	52	40	83	30	28	48	87	67	25	12	16	0	50	11	40	267	232	106	203	188	76	25	92	62	115	52	38	44	81	69	57	24	17	14	134	357	497	355	542	471	37	87	51	118	7	62	63	142	261	350	433	727	362	305	1452	1271	596	78	58	83	80	66	113	86	36	68	27	76	28	37	4	29	19	34	14	3	4	26	25	1	14	1	34	18	25	13	4	3	21	16	103	1	1	1	3	3	3	3	2	2	1	6	2	5	15	3	19	18	5	14	2	27	10	0	15	25	3	20	1	26	24	6	14	1	1	13	25	3	13	3	25	29	8	120	3	43	23	2	45	23	27	77	38	36	1	2	9	24	2	0	13	51	98	122	55	54	12	0	3	7	15	1	8	16	37	26	20	3	13	10	8	11	6	26	16	3	1	16	42	6	22	12	14	25	23	55	11	35	10	5	15	43	53	23	3	9	23	19	36	20	6	3	57	16	1628	2862	2560	2676	1205	19	9	11	2	0	0	1177	2652	2770	2796	2676	2777	2941	2785	2173	2281	3892	3702	3756	1764	3712	2833	2064	71	13	24	61	61	25	14	44	67	63	25	1	0	3	2	3	6	9	4	50	86	39	86	72	1	1	1	2	0	0	0	50	21	44	22	12	2	0	0	1	0	0	12	23	34	22	0	7	0	0	13	63	291	1245	1025	12	0	1	14	0	1	12	23	27	51	180	45	5	1	2	25	10	2	0	1	5	2	1	1	3	0	0	26	1	2	2	12	1	0	1	36	12	0	921	25	2	26	1	2	3	0	4	9	6	2	12	38	24	40	35	49	60	13	39	64	48	1	56	33	17	13	54	29	31	14	0	7	0	2	0	24	36	61	75	116	60	25	0	1	0	0	0	1	1	0	1	0	1	12	32	1	1	2	1	1	4	0	1	1	3	1	1	0	0	2	1	0	0	0	0	0	0	1	13	2	2	1	0	0	0	1	12	3	2	1	1	5	1	1	1	0	12	74	298	10	35	3	2	2	0	6	13	1	0	114	319	317	171	181	80	496	59	14	2	1	1	1	0	1	0	0	2	0	0	75	13	1	1	1	0	0	1	0	0	0	1	0	2	2	0	0	0	0	0	0	0	1	1	1	1	1	0	1	2	3	14	1	12	8	12	13	0	2	1	53	58	10	59	66	92	11	0	0	40	72	1	1	0	21	1	3	0	1	1	1	0	0	3	0	416	275	446	124	2	0	0	2	2	3	2	52	2	1	12	1	1	0	108	0	0	1	3	1	0	18	43	64	42	43	14	62	28	137	171	75	136	163	160	240	324	403	328	324	374	347	55	0	0	0	2	4	0	0	0	1	0	2	1	0	1	1	1	2	3	5	54	4	6	32	28	3	1	104	1	0	2	13	24	5	2	253	925	321	31
805	718	183	317	128	86	95	27	32	4	73	111	114	245	180	55	85	151	137	33	100	1066	2404	2154	1150	40	95	36	24	4	39	132	46	13	5	45	172	41	50	38	75	516	11	57	48	26	17	16	38	16	14	38	1	36	39	14	13	13	1	3	10	39	38	56	79	173	135	13	17	20	39	6	27	29	1	104	40	171	109	108	322	373	279	148	396	314	301	363	331	307	612	1454	1043	410	174	308	306	379	276	400	152	189	171	405	777	196	241	256	206	285	299	303	295	251	203	169	190	48	51	152	181	288	423	283	462	289	172	190	204	180	236	188	248	213	113	123	69	173	153	248	188	120	186	146	276	123	170	242	122	166	204	123	103	113	104	125	161	238	74	61	195	60	157	61	152	228	228	85	181	95	298	181	178	171	128	127	158	114	198	152	161	278	156	1107	155	169	310	334	455	278	496	1002	445	490	404	353	477	401	357	321	200	442	319	221	587	389	423	129	241	177	288	395	780	982	1085	2103	5493	5705	2370	1409	1029	130	91	128	143	173	118	25	118	72	87	144	86	83	96	49	3956	1926	164	196	183	133	152	159	85	99	167	69	102	135	175	192	135	93	114	266	176	113	126	75	125	84	113	133	93	123	109	109	112	97	210	364	169	176	177	150	272	155	81	133	26	79	104	217	246	740	1304	1240	1121	81	43	348	434	25	38	52	97	62	103	90	41	112	628	1000	1349	1504	1521	2025	1266	783	525	588	541	496	142	162	148	125	185	187	174	150	169	239	116	165	174	235	297	188	182	224	253	164	209	174	78	117	55	213	178	101	167	134	64	145	210	144	131	236	185	61	158	127	140	117	117	249	64	130	160	131	145	140	69	205	50	42	243	41	167	85	69	54	76	85	17	85	149	53	52	69	142	97	589	565	1269	360	187	162	467	725	380	519	21	25	35	10	32	64	38	80	256	127	40	24	27	11	14	14	1	27	14	54	56	4	22	121	35	15	128	274	216	257	220	174	151	257	149	252	315	82	57	3	9	22	66	37	79	177	493	581	702	364	355	281	271	302	200	199	469	237	218	48	159	162	128	164	152	63	166	300	379	208	171	259	185	156	108	96	77	62	88	24	114	76	98	146	63	119	116	84	3	3	25	13	3	4	13	28	11	24	1	11	2	13	50	7	3	5	19	6	21	4	7	13	25	48	47	3	20	10	14	4	1	2	73	4	3	3	7	4	16	5	6	14	14	4	29	60	159	72	290	227	124	120	144	159	208	63	123	121	291	183	359	232	160	233	265	182	302	171	218	205	313	303	48	67	348	348	367	213	133	13	29	39	135	49	33	31	43	53	171	33	31	25	1	11	2	2	2	0	1	3	5	12	37	25	6	69	77	12	49	47	26	33	80	53	82	60	76	78	83	97	61	8	159	15	83	34	23	40	30	4	14	4	3	28	32	12	180	58	181	14	18	4	8	2	17	31	13	1	1	2	1	3	2	1	9	4	15	14	3	2	2	2	28	6	3	14	0	5	112	4	23	24	46	11	15	7	208	34	20	74	4	13	158	4	57	152	75	687
1355	2282	2075	1931	1271	4338	11706	10269	11002	10818	7068	9426	15760	7007	4436	3903	1989	1958	2541	1942	1821	1381	2036	1719	2733	1748	2009	1859	1941	5134	5255	9666	10512	7004	6287	5838	3463	2873	3059	3745	1473	172	135	207	257	201	211	277	169	268	153	819	7384	10362	10198	13723	12785	10720	10385	9047	155	468	156	216	266	177	251	2640	3503	1232	433	2254	1327	1097	784	930	744	3976	5381	9034	7515	4108	4763	4637	1489	726	811	1064	1549	3010	3314	4268	2117	1940	1467	1883	3510	2995	1575	2208	2071	5156	4771	7847	5368	5972	5198	4738	3245	2100	1216	1040	595	682	516	343	383	135	153	354	191	101	1723	269	788	3809	3376	6529	7286	4166	3658	3758	347	341	102	488	293	264	191	457	93	259	188	155	298	186	186	306	1459	3859	4625	7927	6499	3887	3520	3151	82	449	62	136	101	117	65	2483	3572	1308	483	2105	2784	1211	447	1709	3389	5751	5127	7556	5656	6544	6188	4570	848	663	1055	889	3149	870	854	0	0	750	1228	3894	22741	8098	2804	2289	3791	6459	6747	8255	5095	5246	4443	4806	1904	3462	1725	947	734	1220	591	996	2064	297	129	223	271	141	87	196	1186	3950	3280	6577	4166	4484	4562	7181	3140	3132	3332	3214	2987	392	198	120	125	224	50	122	249	197	188	180	787	3606	3496	6627	3968	3312	3632	3186	582	528	141	142	155	250	327	2237	3250	1248	191	1766	3045	2365	669	873	2105	4503	4420	7354	4110	4671	5133	3613	1772	1578	713	3897	5260	4679	4164	4653	4624	5471	5251	6447	6777	5751	4860	4884	4387	6516	9275	11817	9917	6029	5060	7518	2330	1333	941	799	3207	973	792	790	561	295	580	157	233	995	1463	372	1523	3708	3424	8064	5724	6264	3925	3990	555	849	408	878	648	924	504	606	367	478	555	569	504	421	604	639	1378	3706	3613	6681	4698	3357	3634	2689	218	624	334	302	279	390	307	2525	3000	1100	249	284	2140	2409	923	1003	4190	4697	4508	7198	4084	3813	5043	5221	1938	1644	2744	2342	2829	1642	1769	1322	1768	1754	926	2831	3643	3664	1691	2115	2543	7510	6866	9536	9799	5016	5079	5403	2506	1445	2538	2773	2448	2334	1624	1445	1451	1280	1337	1554	1081	403	1980	306	1756	3400	3615	6960	4469	3830	3387	5628	3770	4876	5370	4788	3888	5286	4230	3847	3575	3855	4156	3684	4012	3902	2370	620	7224	10616	10481	14196	11040	11035	10317	4586	2181	679	194	218	284	493	508	2481	3248	1226	741	767	1718	1756	643	321	1413	3979	3900	6526	1968	501	327	623	463	2874	3718	6472	3108	558	700	398	486	311	1790	4544	6700	4283	3931	3834	4550	6722	6620	10183	8557	6396	7902	9358	7891	3404	1454	1013	501	287	2849	4517	4088	3285	3885	3836	3622	3760	4211	4128	4458	7807	7018	10384	6839	4626	3665	3528	468	849	692	640	574	450	358	342	163	149	141	290	52	216	154	409	5321	3565	3776	7704	6875	4750	3758	2336	93	473	59	154	84	110	159	2355	3016	1022	224	2470	2954	1104	194	208	1052	3604	3596	6442	3824	5397	3609	2826	197	224	99	805	2184	144	131	174	576	144	238	1866	2677	2127	194	336	1139	3282	3675	6754	6291	2548	3206	3653	905	101	79	1698	81	191	165	275	297	1601	1292	1467	1353	564	75	71	857	3400	3437	8911	6524	4290	4024	3326	352	530	283	107	28	48	53	87	19	52	9	29	31	900	1478	1643	2648	4533	4576	8069	6948	5807	4943	4140	1408	1672	1193	1264	1368	1348	1559	2840	1213	1215	1247	876	2355	2029	1366	1334	2388	5149	5362	8437	6810	6835	6282	5497	3646	3190	2788	2712	4065	2078	2159	2197	2005	2134	2805	4652
451	520	553	234	82	224	255	547	827	510	421	271	194	52	130	112	123	164	155	23	105	26	55	118	152	124	90	56	25	160	135	86	50	24	49	105	152	96	231	251	264	626	468	487	562	632	568	470	174	295	276	188	240	264	421	264	265	324	172	201	288	209	134	202	102	214	133	41	283	141	13	50	198	119	166	172	181	372	239	218	187	238	1629	641	958	718	663	380	721	464	763	850	735	1520	2814	1978	1025	1056	880	1861	736	1060	538	327	508	155	201	240	112	476	529	639	606	452	411	318	605	316	490	398	533	573	608	906	759	740	679	504	716	551	619	3829	2721	633	676	978	918	298	95	60	48	20	91	21	17	11	26	44	15	22	37	19	16	139	284	132	136	122	115	195	103	54	75	178	166	157	1542	2251	1789	822	565	1095	880	647	291	392	542	645	576	758	2171	1975	682	1195	958	691	882	786	452	486	338	336	177	186	235	122	354	204	269	286	478	167	340	351	395	566	218	179	560	448	703	303	439	132	342	136	96	89	166	187	135	183	352	351	124	292	182	140	165	196	389	145	145	235	81	311	190	196	522	250	286	359	285	226	116	209	251	235	248	217	308	244	469	196	158	162	395	401	1657	1450	1185	197	167	441	419	1049	1366	513	961	1608	435	403	171	132	313	129	226	189	350	385	260	134	203	1116	1872	1601	1446	787	548	361	236	375	135	293	679	70	129	246	750	769	611	2305	1014	194	214	128	186	147	227	690	411	265	213	639	129	103	282	332	169	449	312	265	285	219	303	290	232	294	849	346	348	344	320	366	395	436	317	335	137	87	142	44	128	45	499	311	58	141	99	87	72	70	35	53	32	46	104	458	869	533	476	359	483	911	766	657	367	447	737	602	494	306	359	304	285	308	213	580	414	455	360	313	333	482	771	731	663	852	527	829	782	942	881	753	863	667	422	450	638	745	661	1112	834	714	609	614	820	885	281	172	225	262	254	268	235	300	223	225	210	263	233	263	248	148	190	98	121	169	35	64	35	80	289	340	80	109	153	80	111	59	248	162	136	93	128	123	149	19	24	63	53	81	127	26	19	48	98	17	40	133	239	11	105	59	68	133	200	91	40	67	202	75	121	85	329	431	83	48	132	88	20	40	151	116	48	34	104	19	74	72	42	197	19	66	25	72	58	5	67	190	194	174	184	185	196	225	125	167	343	275	244	158	199	129	49	24	62	79	13	8	155	78	46	63	56	72	67	80	174	28	27	60	25	36	15	99	100	39	37	12	99	203	128	64	145	102	18	55	81	152	141	107	144	70	36	5	49	82	145	105	72	59	97	33	160	112	110	89	50	22	77	81	49	168	203	149	44	138	13	150	100	195	41	128	77	31	221	64	147	159	79	96	103	704	699	402	390	468	384	463	606	531	352	341	509	295	339	316	303	333	419	588	276	358	416	245	201	180	268	155	161	141	230	186	225	105	370	314	426	452	426	306	394	489	282	303	305	314	309	339	452	280	486	554	275	203	239	232	20	127	233	180	290	299	361	214	340	877	657	954	770	680	1032	1614	1750	1023	679	1551	1326	245	160	403
162471	175968	190615	169529	179643	192786	178105	154924	155810	149938	145652	137522	134209	135623	125289	111264	102476	101004	103611	98510	103028	91267	91511	93260	92702	98376	95112	90660	90109	84167	84648	80283	80952	77153	77869	81079	82371	85096	81930	75154	72906	75225	68780	64612	63047	68041	63134	64820	61434	63018	61317	57257	58958	57657	48715	52750	44628	43869	50964	50812	49661	52114	49676	47636	48324	49810	49616	50692	49459	54519	69175	69902	80870	88608	96036	108964	126657	139844	139723	148759	142372	146603	152726	159074	152184	147626	134639	136992	131873	142908	147912	145857	157945	176551	172498	167179	176490	179892	183379	179588	178948	190228	180536	179411	176658	157475	146263	146479	139065	132380	119424	119207	112931	117216	111984	103152	102904	108611	96622	93585	86322	88185	85780	79968	80073	75772	76916	82394	79541	71177	69958	72403	73142	77555	74455	71443	68642	69955	73133	74018	74969	72505	71151	75775	69406	64962	60593	61304	63289	65179	57600	60972	57171	51067	51325	54460	52333	54427	52212	52572	50810	48829	49227	51422	51987	57273	65374	75275	80497	91382	98971	103014	112509	112547	122468	126324	122806	135784	163720	158863	140539	119826	121546	127446	122248	116172	124895	135696	142190	154965	152245	154304	157703	159195	162344	165933	161695	162571	158592	154263	140107	138273	132717	133994	126560	128283	119909	116991	108697	109948	98553	82251	81668	79894	72510	79109	79995	80403	80890	76862	71344	73796	77961	85074	73908	71174	71188	75839	69998	66980	66833	69018	71100	74371	66597	70856	68300	60697	64997	67293	60110	54313	56557	61171	57537	57520	58062	57692	54925	48199	49149	52956	47343	48705	46129	47427	47312	50754	47112	50613	53956	52358	61109	66867	74113	86462	102288	102407	112096	123936	127261	135791	144867	150383	148302	150078	133182	128004	115883	114890	118425	119752	117046	121727	127206	130012	140592	151829	153695	157071	154175	157820	165347	169198	166427	158242	149488	131704	127958	125721	116646	110175	111712	106585	104068	97590	99546	99676	103897	96484	83198	81785	86590	86596	77248	75978	75270	76573	71575	70635	73721	68477	68798	68560	64681	66973	65074	66670	62979	62677	59030	62792	60378	60031	58618	60878	58102	55746	55355	54846	51434	51537	52745	52489	54169	47764	48460	52973	51787	49565	52285	46457	46656	48710	48589	52121	58155	59161	64343	74065	77825	94069	102819	98881	109467	117678	120938	129416	135192	145253	146282	143918	134698	123377	109740	105694	114875	115864	114798	133118	138601	140200	149819	150429	154028	147880	157243	172787	175447	166734	167606	162471	151092	140745	139256	120282	116640	105314	97860	95899	91119	101852	95851	93272	83730	88063	81829	83573	78781	70718	72163	70952	67913	63764	62536	58159	60089	59070	58179	59876	58351	60388	57427	56616	57762	60934	57189	54735	51435	46701	44624	49746	47546	49588	47856	55091	51750	52753	50524	56903	51384	46940	41737	43244	44841	45258	43893	43612	40669	40781	42424	41988	40473	39269	35128	38213	44610	41114	46984	45111	42257	45298	43840	45041	48773	52257	50441	53114	47769	48391	48683	48395	51585	55550	51615	51616	55527	48877	50622	52126	52642	55746	50669	51963	56688	51977	50732	49477	48446	49064	52046	44973	42277	50555	50085	50162	50231	48241	55135	43757	41919	47231	47014	48680	45870	44602	44541	47856	43773	43377	44015	43651	42779	44145	45756	42402	44034	42067	42933	43762	39888	35996	39802	37346	41086	39716	37036	38628	38975	36686	36475	39279	36431	34068	37518	39192	36473	35067	32948	31515	32269	34858	33166	34262	30064	33924	33657	33004	28675	26410	27938	27904	28201	28540	29335	31233	35378	36012	37558	33271	38169	37108	40954	42536	43624	43474	42974	40335	35746	39254	36920	38095	42199	42122	39874	40374	36150	40187	40929	36655	38292	40649	39027	43950	41858	41661	49805	49244	42674	43266	42618	44191	57410	52619	45231	45593	40179	35362	41462	40214	37694	41183	38352	38878	37257	35520	35460	38184	37272	39316	41606	43209	38722	40968	40366	43686	37886	38092	41669	40730	41724	43629	41598	40281	42175	39225	42267	44251	38337	35856	36240	35120	35845	34452	33300	33469	33347	34256	35361	34108	34747	35713	38655	40691	38618	40834	43661	51942	58892	72231	75941	76630	76819	85264	87065	88015	98324	90948	105817	106703	106606	101611	97875	89980	84613	89878	94529	95408	111510	109422	121337	117061
827	4478	3746	8272	7818	4089	1902	1986	1830	464	484	2114	806	1223	351	1295	2831	1998	183	114	334	738	3876	5256	5646	4286	1820	1900	1962	181	92	121	353	605	347	514	538	615	575	365	473	382	199	319	226	405	203	436	262	514	242	273	232	299	292	373	451	416	319	195	15	40	37	140	26	356	28	6	23	5	31	261	396	5640	396	316	509	629	650	362	838	676	6495	5253	3211	2503	626	663	650	1001	674	405	509	1113	2087	1614	2997	1162	835	778	1149	921	676	290	414	724	293	575	473	3236	4505	2632	1823	774	687	579	662	76	275	235	105	128	93	91	150	177	159	279	2235	107	116	457	122	216	116	146	225	125	196	474	652	418	146	615	425	63	67	53	188	89	80	1808	114	64	66	215	27	114	29	47	81	6067	1281	1291	1130	1149	1153	1478	1484	1208	1528	2745	3157	2881	2265	2233	2522	2754	2083	865	395	468	1522	3095	1919	3302	2858	2988	1376	541	1490	510	365	573	605	1040	2494	2243	1395	857	965	2133	4101	2811	933	1746	3551	2616	2565	131	80	147	134	117	273	390	454	515	2948	5815	2186	2629	1905	1832	1557	1438	1292	964	560	707	647	570	251	487	1307	1104	873	1079	838	1204	861	851	810	9703	3484	1908	1313	1237	860	1317	1570	893	116	85	60	70	16	19	65	87	33	404	1288	3067	2028	167	2100	168	250	200	785	1410	480	1339	3507	1421	1128	1193	534	142	197	1155	1400	1374	1282	1089	1685	1941	1687	858	1196	3179	3464	3192	3129	2550	3464	2449	1965	1430	468	379	934	871	893	655	77	193	87	125	272	184	505	957	874	566	655	731	754	463	524	632	707	626	283	156	100	228	58	184	174	125	98	477	672	656	1059	849	510	356	434	472	525	1530	1897	1256	1246	94	75	66	39	101	82	1684	82	273	82	105	93	40	62	320	624	932	1064	956	790	534	313	280	312	359	1035	5256	7512	6098	1825	4698	4973	4000	7031	6834	7379	7908	7550	1639	250	433	596	2253	4009	1793	247	412	673	886	7562	8874	7973	7855	7921	7744	8554	8445	8114	8127	8734	8772	9058	8964	8730	8271	8505	7611	7928	7464	7521	7521	7858	7829	7539	8352	7530	7711	7550	7645	7572	7133	6937	7939	8358	8326	8112	7704	7302	7845	8228	8286	8339	8440	7951	8724	8052	8597	8792	8940	8537	8778	8802	9444	9423	9467	8972	9794	8603	8960	9058	9060	8482	8667	8643	9802	9367	8060	7888	7789	87	96	57	101	47	3063	2003	3494	3041	3563	1510	668	69	67	74	119	124	68	113	47	343	45	138	83	56	210	51	90	67	152	139	129	65	108	182	1612	364	560	321	229	73	78	138	308	182	279	136	148	117	250	116	155	134	257	280	142	47	46	75	222	225	248	73	39	68	859	140	1007	1320	1354	1226	1456	1320	1138	89	88	128	84	107	1358	145	295	105	105	135	474	54	5	5	14	44	56	48	74	100	115	397	270	117	100	47	65	873	3789	3715	3991	3662	4011	4813	3679	3572	3585	4489	3716	4491	4929	3419	3103	5229	4809	4876	4911	4053	5208	3540	110	60	43	38	140	33	23	20	227	206	111	28	31	69	52	27	21	41	56	137	7160	11507	7429	2719	2245	2589	2714	2401	373	15	319	401	289	260	82	889	992	1325	1344	1446	2210	1954	1529	1534	2151	1529	1208	1279	1329	1298	1460	690	40	319	520	398	563	126	682	56	200	108	194	1470	673	368	217	244	202	133	186	517	224	176	168	277	796	374	559	154	396
1	0	12	3	4	23	1	0	0	0	13	0	21	1	3	17	6	36	0	0	2	1	0	0	0	0	0	2	2	0	0	0	114	0	0	0	0	0	1	0	0	0	2	0	0	1	2	0	0	0	0	0	0	0	0	1	1	0	0	0	1	0	0	0	1	1	1	1	0	0	12	2	1	75	4	23	12	2	51	2	0	0	62	22	0	0	25	23	1	13	2	0	50	12	4	26	0	0	1	12	12	80	2	2	1	0	5	27	13	16	18	15	5	0	0	2	0	0	13	1	0	0	0	2	2	0	0	11	0	0	0	0	0	0	1	0	0	2	1	0	43	1	3	0	1	1	1	0	0	1	0	1	1	0	0	11	1	0	1	2	0	0	0	0	0	0	0	0	0	1	1	0	0	18	1	1	48	7	12	29	13	1	0	1	0	0	0	58	12	23	45	1	19	59	29	22	56	29	63	47	1	0	0	47	13	22	2	12	0	5	0	2	1	1	0	0	0	0	0	1	1	12	22	12	21	24	7	10	5	0	12	1	1	0	0	0	0	2	0	0	0	0	0	0	0	0	0	1	1	0	1	0	0	0	0	0	2	1	0	0	0	0	0	0	0	0	0	0	0	1	0	23	11	52	52	1	3	0	162	1	43	62	30	2	8	1	1	17	2	3	1	13	29	3	2	1	0	2	1	11	13	0	2	0	0	2	0	0	1	12	0	0	2	11	13	0	3	0	0	1	1	0	7	0	1	1	2	0	2	1	0	1	0	0	1	0	0	0	0	0	0	6	0	0	0	1	0	0	0	2	0	0	0	0	2	0	0	0	1	23	23	0	2	0	2	0	13	0	0	1	0	1	3	1	33	22	37	10	12	0	0	0	1	2	1	25	2	3	1	1	1	12	0	1	1	0	0	1	0	0	0	4	0	0	29	21	4	13	1	0	0	1	0	0	0	24	0	3	0	0	3	2	0	0	0	1	0	0	1	0	0	1	11	0	0	0	1	0	0	0	0	0	0	0	1	1	1	1	1	0	0	0	0	0	0	0	24	0	12	0	0	0	0	0	0	0	0	1	0	0	0	1	0	0	0	0	0	0	0	0	1	0	14	0	0	1	0	0	0	0	0	0	0	1	0	0	0	1	0	0	1	0	0	13	0	0	0	0	0	0	0	1	0	0	0	0	0	1	1	0	0	0	0	0	1	1	0	0	0	0	1	0	0	1	0	13	54	3	1	0	1	0	0	0	1	1	1	0	0	0	0	0	2	0	0	0	0	1	0	2	1	0	8	3	0	0	32	17	0	1	0	1	1	0	0	12	1	349	12	0	9	1	1	0	1	0	1	1	0	0	1	0	2	0	15	3	23	3	7	0	0	0	0	0	0	0	1	1	49	0	0	0	0	1	0	1	1	1	0	1	0	0	2	1	0	13	0	0	0	0	0	0	1	1	0	0	0	4	0	0	1	0	0	0	1	0	0	1	0	0	2	0	1	2	0	28	86	24	0	0	0	0	1	2	5	2	1	13	0	4	0	12
151	38	60	71	37	28	81	78	6	89	28	14	1	1	17	1	0	0	4	1	0	0	0	1	13	18	2	1	3	2	1	49	35	26	2	13	461	26	13	2	1	13	1	46	1	9	2	14	2	3	1	2	40	43	1	3	3	24	1	1	4	2	16	8	13	44	25	2	5	6	10	12	574	840	1559	1703	183	94	127	59	16	23	2	4	590	4	15	3	4	2	46	50	27	1	8	1	45	41	38	38	59	91	76	50	75	53	29	29	59	28	7	10	38	75	15	184	33	41	27	8	2	2	6	1	1	6	13	27	15	2	3	15	576	26	13	47	4	6	4	2	2	4	4	5	5	4	13	14	17	37	14	24	5	4	4	35	81	18	5	6	3	9	2	3	5	1	9	14	3	1	5	4	2	0	1	7	61	5	2	674	26	12	4	2	49	55	0	1	1	0	24	10	14	6	32	0	204	228	13	0	8	78	1470	12	3	1	27	1	0	2	16	13	0	0	1	3	4	6	21	1	1	13	13	72	1	0	4	756	5	3	14	18	9	23	30	14	18	52	2	32	32	0	0	16	88	1	6	0	13	1	4	4	16	4	22	8	5	1	1	1	0	15	3	0	5	1	13	0	12	18	12	14	18	24	7	27	570	16	25	0	1	4	8	13	1	11	4	2	13	1	2	34	2	0	0	0	13	1	48	44	46	50	26	1	3	13	54	241	328	62	2	108	103	83	176	224	206	222	2	25	4	1	1	97	543	7	62	2	36	120	16	109	3	24	24	25	170	144	10	37	14	162	414	25	52	13	1	65	1	15	0	0	0	4	4	12	22	8	10	5	3	11	14	13	0	2	23	22	0	10	70	2	565	3	5	0	0	7	16	0	126	186	179	122	128	78	1858	1113	875	998	699	320	51	18	73	115	51	38	37	35	64	129	188	85	137	46	54	112	121	24	25	43	6	48	24	33	102	12	12	0	12	36	43	37	28	18	4	42	23	12	43	25	68	80	1	0	0	1	18	0	0	0	4	28	1	23	0	3	23	24	11	2	0	12	6	0	1	25	0	15	24	3	0	0	0	12	12	5	0	0	0	2	0	0	1	0	13	37	24	50	24	1	24	12	0	12	0	20	14	1	0	1	0	1	0	0	0	0	2	0	13	1	13	38	12	13	0	1	4	0	1	3	2	1	0	1	5	0	2	0	7	1	0	37	13	0	0	25	1	7	1	38	11	0	0	1	0	0	0	1	0	0	2	0	4	0	1	0	0	12	1	1	0	1	0	2	0	2	1	0	0	0	0	3	0	0	3	1	0	5	0	0	0	0	0	0	0	0	2	1	0	1	4	1	1	1	9	1	1	11	51	63	40	116	63	116	140	79	160	69	147	58	99	82	148	69	126	115	109	90	114	104	150	69	116	75	130	137	143	92	104	154	109	81	86	91	51	6	121	74	68	24	74	79	24	57	47	56	30	45	52	67	41	48	33	20	2	11	229	317	97	217	37	0	6	13	3	3	53	60	739	18	4	1	4	48	3	1	2	2	3	23
490	468	1227	122	98	28	43	66	5	41	50	97	110	47	153	99	92	27	73	82	33	49	41	83	82	7	97	78	33	4	114	199	160	107	249	91	102	80	58	46	152	47	97	68	116	124	12	14	10	1	18	2	2	10	2	1	6	2	3	1	277	2	6	11	1	14	2	5	2	8	16	3	5	26	14	43	6	97	60	34	46	19	247	130	96	36	22	15	24	42	46	25	35	81	42	31	45	146	38	152	70	1214	7409	6290	5975	128	220	87	97	87	123	401	145	194	319	407	413	213	330	344	383	317	283	331	227	288	198	645	281	311	295	431	226	234	476	249	123	20	28	14	51	3	11	31	26	2	12	3	2	4	2	3	12	2	2	4	590	193	1	2	13	4	1	2	3	42	10	3	33	57	809	136	125	33	41	209	1200	636	99	53	36	95	31	21	34	54	6	12	30	29	10	107	107	239	165	162	140	189	194	169	125	174	474	30	26	256	50	43	24	55	157	2642	2524	1212	14	14	4	155	351	27	12	17	11	27	28	38	50	12	4	14	98	1	2	2	249	2	1	2	1	2	2	2	3	2	3	4	1	14	1	0	1	1	253	39	2	51	43	3	2	4	0	1	5	4	3	97	5	31	3	32	6	27	206	20	1	16	3	5	6	19	4	2	8	111	907	935	991	702	1018	32	30	39	353	17	10	3	82	72	6	14	14	113	119	2	4	6	3	13	3	58	38	23	89	15	1	21	47	23	3	2	27	280	232	27	1	1	39	335	280	1	1	16	1	145	337	271	227	359	169	81	1	0	1	2	16	14	15	1	406	333	7	6	144	1	2	14	1	69	2	17	38	15	27	74	2	69	27	14	178	40	19	92	108	62	9	29	4	20	29	72	51	102	30	98	81	136	43	127	152	242	117	29	23	111	176	178	161	185	259	326	244	247	424	228	231	172	267	240	390	256	378	365	277	271	362	694	929	511	341	394	542	355	249	233	53	279	163	38	4	6	5	6	3	2	6	2	3	1	4	5	1	48	5	19	426	107	5	7	5	7	39	42	22	17	10	13	9	17	14	8	9	12	12	18	9	8	11	4	40	13	17	6	15	16	14	15	98	225	18	232	382	114	24	14	4	3	4	5	4	20	24	28	31	5	5	15	6	4	4	2	2	3	8	4	4	9	3	3	9	2	4	2	2	6	2	2	4	5	38	63	12	30	27	4	22	16	14	15	50	4	25	5	32	4	3	6	83	3	5	14	363	297	24	30	4	4	3	18	3	5	12	4	12	7	15	5	4	4	29	29	4	41	4	28	10	16	26	726	53	14	28	28	38	163	19	25	24	4	237	559	289	594	292	197	0	14	3	1	10	12	16	9	15	3	15	16	14	25	21	20	23	7	23	38	54	31	36	4	65	626	3271	2155	76	19	32	49	41	15	23	7	4	28	8	121	7	36	13	48	2	6	18	15	31	82	49	139	363	93	49	36	93	22	52	94	94	21	45	11	4	6	7	16	68	86	38	65	113	104	572	316	122	166	359	466	165	51	11	6	32	17	25	406
4323	2381	2693	3546	3229	2429	2445	3717	3421	3623	2768	3758	4990	3929	2252	3124	2177	2170	2033	1677	317	202	298	318	177	457	123	211	3986	2237	73	133	2848	3992	3257	3933	3695	3465	3201	3732	3642	3226	3460	2807	72	108	110	626	70	72	40	166	39	38	65	928	1967	2280	1638	1613	1770	1926	1776	1658	2273	2013	1754	2299	2187	2377	2064	329	743	4774	3587	4108	5682	5990	6084	5365	4617	8924	8196	4599	2837	1831	2524	3731	3381	4804	4325	2717	2082	1759	2298	3291	3096	2201	2414	3305	3971	3047	3218	8089	7453	6555	2688	2079	1538	1581	3511	1210	1013	3251	1545	269	151	196	200	54	18	181	121	254	450	463	381	1502	109	340	957	777	97	573	82	3337	1141	238	181	1203	337	321	533	4931	5049	4989	5013	5632	5376	5555	6832	9349	11035	11360	11918	8308	7040	6370	5964	6447	6107	6091	6413	5810	5568	4888	6952	1988	2306	2258	1084	823	643	528	669	795	1106	824	1925	1148	6924	6687	591	727	597	1278	1712	1601	907	1563	4934	8263	4178	4805	3918	3544	771	699	1889	3692	2390	2107	3025	2423	2802	2824	2977	6213	4337	650	268	188	250	360	261	251	250	1655	373	357	349	230	141	1661	602	101	94	641	250	151	170	474	171	307	106	337	144	134	144	222	103	67	133	308	74	94	263	1847	5488	4668	9897	5968	4982	5933	5979	6373	2490	114	84	120	144	193	110	496	99	261	397	953	3754	4116	4811	3070	2538	1132	956	1995	2059	3196	3869	839	172	530	749	599	3452	3491	1323	1060	5839	4190	6025	4271	7466	5135	6160	5860	6828	4706	320	410	719	1477	1426	1078	3153	5490	4092	4004	3700	517	277	377	186	564	549	130	533	346	120	158	332	303	116	860	71	222	100	358	523	244	542	353	421	162	272	301	700	126	148	256	242	719	45	1824	108	4880	3946	125	98	1095	2599	3207	4473	3997	4253	3877	4107	1781	7589	5779	5330	7729	532	1397	1714	831	1560	489	443	462	1466	687	833	495	211	290	458	864	1176	657	523	409	671	7646	1626	938	610	1744	1330	714	622	442	645	2657	2685	2514	4601	2019	680	658	286	704	617	5467	648	1133	865	940	594	1065	2805	2202	876	171	139	84	64	83	108	1386	139	86	122	252	145	1428	3430	4098	3983	4234	4599	6588	11443	12888	9860	8907	9867	5111	5591	7881	11888	13062	1823	235	371	430	224	350	213	296	309	415	427	477	15	84	27	65	23	50	699	440	26	61	21	207	36	328	288	1131	1492	1517	1211	976	79	240	55	115	561	1083	1310	628	49	73	45	653	960	1351	459	2219	8333	8973	9047	1563	83	146	76	71	81	2961	33	58	15	15	51	9	51	97	144	208	23	44	55	94	235	937	278	45	58	176	76	120	131	238	194	136	45	411	6	2154	9019	2567	4	6	3	244	4	4777	523	4	37	133	74	151	9	53	49	39	68	2	14	28	21	43	18	89	11	38	9	90	4	84	17	122	114	40	42	47	203	107	95	286	144	58	160	51	32	63	104	220	33	119	240	64	33	83	24	53	45	64	74	69	53	66	39	3667	2	40	5	149	45	30	48	179	25	120	99	77	729	877	104	237	91	130	29	136	30	61	17	129	14	72	17	381	23	2836	4503	323	48	1419	1604	4007	6773	6844	9999	8676	2425	159	4247	6311	6092	37	115	38	9	100	82	63	157	3593	4688	6655	5674	4444	6325	6503	3687	509	2094	921	679	339	452	154	201	561	1014	324	505	2057	1435	2203
0	0	0	0	0	0	0	0	0	0	0	0	0	0	0	0	0	0	0	0	0	0	0	0	0	0	0	0	0	0	0	0	0	0	0	0	0	0	0	0	0	0	0	0	0	0	0	0	0	0	0	0	0	0	0	0	0	0	0	0	0	0	0	0	0	0	0	0	0	0	0	0	0	0	0	0	0	0	0	0	0	0	0	0	0	0	0	0	0	0	0	0	0	0	0	0	0	0	0	0	0	0	0	0	0	0	0	0	0	0	0	0	0	0	0	0	0	0	0	0	0	0	0	0	0	0	0	0	0	0	0	0	0	0	0	0	0	0	0	0	0	0	0	0	0	0	0	0	0	0	0	0	0	0	0	0	0	0	0	0	0	0	0	0	0	0	0	0	0	0	0	0	0	0	0	0	0	0	0	0	0	0	0	0	0	0	0	0	0	0	0	0	0	0	0	0	0	0	0	0	0	0	0	0	0	0	0	0	0	0	0	0	0	0	0	0	0	0	0	0	0	0	0	0	0	0	0	0	0	0	0	0	0	0	0	0	0	0	0	0	0	0	0	0	0	0	0	0	0	0	0	0	0	0	0	0	0	0	0	0	0	0	0	0	0	0	0	0	0	0	0	0	0	0	0	0	0	0	0	0	0	0	0	0	0	0	0	0	0	0	0	0	0	0	0	0	0	0	0	0	0	0	0	0	0	0	0	0	0	0	0	0	0	0	0	0	0	0	0	0	0	0	0	0	0	0	0	0	0	0	0	0	0	0	0	0	0	0	0	0	0	0	0	0	0	0	0	0	0	0	0	0	0	0	0	0	0	0	0	0	0	0	0	0	0	0	0	0	0	0	0	0	0	0	0	0	0	0	0	0	0	0	0	0	0	0	0	0	0	0	0	0	0	0	0	0	0	0	0	0	0	0	0	0	0	0	0	0	0	0	0	0	0	0	0	0	0	0	0	0	0	0	0	0	0	0	0	0	0	0	0	0	0	0	0	0	0	0	0	0	0	0	0	0	0	0	0	0	0	0	0	0	0	0	0	0	0	0	0	0	0	0	0	0	0	0	0	0	0	0	0	0	0	0	0	0	0	0	0	0	0	0	0	0	0	0	0	0	0	0	0	0	0	0	0	0	0	0	0	0	0	0	0	0	0	0	0	0	0	0	0	0	0	0	0	0	0	0	0	0	0	0	0	0	0	0	0	0	0	0	0	0	0	0	0	0	0	0	0	0	0	0	0	0	0	0	0	0	0	0	0	0	0	0	0	0	0	0	0	0	0	0	0	0	0	0	0	0	0	0	0	0	0	0	0	0	0	0	0	0	0	0	0	0	0	0	0	0	0	0	0	0	0	0	0	0	0	0	0	0	0	0	0	0	0	0	0	0	0	0	0	0	0	0	0	0	0	0	0	0	0	0	0	0	0	0	0	0	0	0	0	0	0	0	0	0	0	0	0	0	0	0	0	0	0	0	0	0	0	0	0	0	0	0	0	0	0	0	0	0	0	0	0	0	0	0	0	0	0	0	0	0
104	42	30	748	313	70	43	48	26	21	5	38	1	0	0	35	13	1	1	1	0	557	1	3	1	0	1	0	0	33	0	12	0	2	1	0	0	1	0	1	0	1	0	441	1	1	1	518	1	1	0	60	1	24	0	5	13	0	0	0	0	0	0	0	30	0	0	17	41	42	5079	42	96	65	107	141	28	43	110	10	298	195	109	1191	3455	4649	525	37	23	17	31	399	175	86	24	25	48	62	122	926	47	40	48	3029	2992	2574	3162	3243	3214	3294	3120	2984	3391	267	142	15	1	1	1	1	2	1	0	1	2	78	257	209	25	0	121	1	30	269	0	0	1	0	0	1761	0	0	2	1866	0	24	0	1113	0	45	1	1	1	0	1	1	1	2	6	1	1	1	32	48	111	84	88	7	0	12	65	49	57	110	25	76	79	132	254	123	31	68	59	102	5	135	24	17	170	39	78	77	6	46	110	24	25	100	583	119	0	13	4	131	55	32	101	117	715	23	1	2	1	4	1	0	2	0	38	62	1	3	1284	5433	1346	1230	1221	2155	634	1608	289	0	0	1	0	1451	8	1	0	1128	0	9	1	3	0	12	0	12	3	0	2	0	0	0	1	0	0	8	2	1215	114	3	13	99	2	74	13	13	39	38	21	27	120	188	277	14	14	26	24	1	51	75	4	15	129	7	7	36	5	78	73	1790	854	827	37	1	22	4	29	3	25	63	1	77	62	12	13	171	3220	3222	828	2	0	758	24	0	0	0	0	1	1	1	0	12	36	25	0	38	60	0	2	648	7	0	0	757	12	0	12	239	2	35	1	11	1	0	0	0	1	1	257	0	0	0	2	61	12	1	24	1	4	118	7	27	41	62	13	1694	2627	2005	1440	2610	2882	1903	1901	1626	13	3	26	56	42	78	79	148	43	98	127	185	122	143	65	42	37	67	25	63	2	13	169	26	15	1	2	2	0	61	72	19	0	0	0	1	33	0	24	0	0	0	0	1	0	8	2	1	0	1	2	3850	12	1	1	3329	757	12	1	1866	1880	13	1	2677	23	0	0	0	1	0	2	1	0	0	2	1	0	2	0	109	1	1	0	0	0	13	0	2	11	9	44	17	0	137	1	1	11	48	4	1	1	0	92	2	0	1	2	415	0	32	1110	4125	1	0	1	0	0	13	0	4	0	0	1	3	0	635	1	0	1	0	82	48	0	1	0	0	0	0	1	2	0	1	0	0	0	0	0	273	1	2	1	412	2	17	13	0	0	13	0	2899	160	0	0	0	0	0	0	1	0	0	0	1	0	1	0	0	0	0	1	0	0	1	2	37	2	0	1	12	1	91	1	0	1	0	12	46	0	0	14	3	89	9	0	1061	0	22	1	0	12	0	0	0	1	12	1	0	0	11	12	0	0	2	1	0	0	0	0	0	0	12	0	3	201	24	0	0	85	0	0	0	12	0	1	1289	0	1	0	1303	0	0	0	12	1	22	46	3083	434	0	0	0	0	1	0	0	1	0	0	0	2	2	0	1	1	159	17	6	203	75	79	9	2	24	3672	2232	3	46	1	17	6	16	662	560	50	13	4	116
1212	681	65	31	32	13	2	12	15	91	62	113	25	33	55	17	1	48	872	42	28	10	18	39	1	55	106	104	51	14	1	0	3	2	2	2	25	17	5	3	3	0	0	0	1	0	0	1	11	1	0	0	0	0	0	0	0	12	1	3	1	108	5	0	1	13	4	1	211	60	61	237	389	351	273	168	308	905	366	585	837	1192	792	448	453	357	343	180	200	380	372	314	216	497	184	131	245	1153	756	43	33	240	63	43	298	83	73	45	33	2	5	99	1610	6	63	34	109	79	1083	747	43	114	138	85	39	15	194	422	17	124	43	59	63	32	34	134	343	50	32	25	8	0	1	11	30	32	50	153	144	91	58	49	33	0	1	85	0	0	0	91	0	24	13	0	13	44	74	1299	2245	205	321	258	343	272	232	379	280	248	185	407	204	209	47	102	1464	342	191	252	261	212	172	172	168	200	211	181	130	58	83	134	64	132	3013	845	292	325	361	414	380	402	299	288	148	283	304	248	273	287	355	284	232	279	99	41	104	46	65	100	79	149	124	111	105	68	133	47	177	19	1	0	0	25	160	82	177	207	177	161	224	100	73	88	159	76	121	1	2	1	1	0	49	92	166	317	123	455	1237	517	380	804	206	250	314	183	584	1508	177	859	331	309	250	255	253	235	216	1	72	79	95	51	37	76	30	159	777	28	0	23	1	2	3	2	4	1	0	0	9	0	48	72	13	83	96	3	0	2	13	24	36	1	0	0	85	0	36	1	1	3	2	0	0	0	2	1	1	0	1	3	42	17	260	28	9	19	17	29	3	13	9	12	1	3	0	2	85	62	20	195	105	201	86	173	413	300	262	793	223	117	250	1899	165	222	339	1045	218	217	169	115	16	135	137	3	3	3	236	239	216	437	334	323	72	6	38	1	6	27	3	16	1337	279	2	1	5	4	3	73	52	172	52	5	7	13	13	27	5	31	115	101	99	104	50	3	2	4	4	5	5	14	4	6	4	12	3	8	9	3	26	3	18	183	6	4	66	55	2	33	2	2	0	4	4	3	4	1	2	12	3	3	3	2	2	554	1098	413	3	1	0	1	25	86	4	5	11	36	75	105	89	59	22	166	50	34	46	43	170	2104	466	76	51	67	249	15	22	935	21	45	35	39	34	8	151	9	10	1	1	0	1	1	2	45	28	12	14	16	13	12	13	7	40	1	32	9	92	14	3	178	0	0	0	2	0	1	0	0	0	0	5	0	1	0	0	1	1	12	0	0	7	1	12	60	1	0	24	0	0	1	0	75	30	4	10	8	2	11	9	4	29	15	38	67	80	54	19	16	5	14	3	4	3	3	1	6	15	13	16	7	6	23	43	43	71	39	39	62	58	23	18	6	1	3	14	37	20	11	77	73	19	44	33	13	3	0	1	1	0	2	0	0	2	0	22	33	0	48	12	1	0	518	666	108	0	0	0	0	0	0	6	1	13	0	24	0	2	4	2	3	23	100	285	238	102	120	850	1486	968	987	1291	1018	903	1006	676	1139	1117	1142	1102	986	875	905	886	1222	1777	1017
1847	1510	2096	1081	3247	2056	2100	1473	1394	1249	1369	1544	2947	2790	2963	3546	2914	3515	2566	6069	10735	6465	8226	2652	3892	5032	4327	2361	2560	2880	3216	3096	4366	6684	7009	8503	3130	2775	2609	3454	3055	2453	2705	2811	2639	2473	2146	2435	2535	3423	1614	1269	1279	1358	777	1200	878	1074	1217	1117	993	1976	688	918	703	3204	573	816	698	740	606	1146	983	2366	2800	2401	15194	4183	1657	1539	2656	2970	6020	3366	4419	3622	2421	1892	1205	1029	1087	1139	1085	2740	3769	4155	2899	2207	1569	1256	1455	1932	1464	1270	1112	1546	1010	1444	1067	1479	1578	1796	1211	1615	1045	1015	663	687	472	704	693	764	595	869	755	848	790	525	480	460	567	515	371	723	681	386	719	537	511	631	496	577	350	639	515	669	464	393	555	424	582	646	785	427	762	601	445	708	677	1324	345	551	438	525	351	502	541	917	991	945	838	841	910	1398	1050	1185	1565	2760	7773	3965	4730	4041	4983	4669	3383	3489	6843	9049	7300	7125	7442	11666	9612	9428	9129	9060	8525	10288	8789	6413	7537	8315	6723	7239	4259	5378	2309	1530	2739	1060	1471	673	558	757	705	2844	2181	973	1242	1367	1421	1470	1530	1228	1876	1649	1271	1598	2014	1167	1145	1457	2140	2725	2108	1177	1378	1210	1279	978	1291	892	976	1320	1220	1300	1245	1032	524	523	547	535	586	8003	454	548	410	416	373	424	485	542	556	607	717	823	1168	767	1054	1310	1295	1840	1298	4144	2148	1743	2224	1440	1428	1302	1417	1347	1189	3080	4873	4196	4468	5261	2590	1774	1418	1303	1859	4187	4905	2402	1753	1385	5166	6220	4244	2647	3286	4515	3950	8652	10858	3330	1854	1142	979	844	2395	5096	898	867	1681	2475	2295	2242	2652	1311	1099	1091	787	674	722	3860	1279	936	813	1242	1884	1969	2184	2294	2357	3373	2288	2362	2606	1974	1701	1268	1286	1137	1302	1275	1788	4866	1042	1293	924	451	479	595	447	954	591	705	621	808	1191	1224	1091	1613	1372	1011	1377	1716	2564	2007	2099	1227	1037	1023	1287	775	1192	1012	1030	1143	996	1015	1166	1269	936	2507	1269	1064	1716	1648	2273	861	1164	1625	1196	1119	1511	1728	1818	2020	2458	2300	2214	1616	2950	1931	1498	1446	1884	2051	2150	1889	2231	2024	1764	1507	1599	1770	1435	1494	1799	3812	2126	1609	1746	1595	2208	1974	2203	1722	1387	7933	1942	5596	4563	913	1154	880	1420	854	722	1184	843	2863	468	321	378	460	272	466	445	431	299	2349	642	1195	816	621	452	813	2052	5139	5389	2434	643	877	995	743	1042	606	592	600	443	697	701	828	757	811	710	776	780	582	905	990	671	797	807	1149	1017	1016	883	945	965	802	504	2946	3851	4412	1391	1041	796	3389	4330	611	967	753	1048	837	930	748	919	652	593	655	871	804	735	795	1393	1478	1090	1527	1311	1480	1423	1675	1367	1512	782	729	446	367	561	393	360	175	584	636	747	1512	526	409	316	271	342	342	477	326	331	308	439	303	361	528	519	726	265	3033	4317	3259	5053	3660	1892	1098	1009	1392	1939	1936	1940	2169	2017	2039	1733	1599	1805	1873	1713	1951	1727	1600	1700	18485	18408	9661	1938	1968	1771	2253	1958	1945	1994	2116	1617	2322	2172	1873	749	825	594	684	656	516	545	817	790	967	836	809	718	1078	598	693	732	591	634	377	424	906	649	155	91	108	143	53	18	39	181	55	31	184	210	62	37	37	170	307	55	74	205	73	78	100	202	136	969	2204	596	1081	648	2985	2336	980	1270	1170	788	880	1574	1065	1029	1535	1083	6068	9664	9813	9096	7528	6769	6239	7963	5280
577	560	307	703	517	302	813	345	134	246	246	435	394	139	1335	1079	207	261	178	112	379	233	198	323	131	420	473	219	202	347	432	303	222	191	257	109	191	78	93	67	220	56	87	25	18	86	62	76	46	41	61	101	94	104	93	30	29	225	221	273	62	63	25	149	46	135	246	271	192	257	36	96	149	120	137	180	248	224	534	522	291	372	1001	820	906	1034	530	459	469	364	288	1476	2737	2349	1632	1984	1326	1303	1195	1151	1224	397	446	635	242	87	94	84	187	125	50	137	172	103	235	598	233	211	134	160	75	182	184	89	430	133	168	231	645	903	959	709	592	647	666	604	546	55	101	278	444	163	385	347	102	119	106	300	183	289	180	180	243	236	267	460	560	424	164	270	291	363	233	244	206	342	229	295	101	122	296	373	449	148	244	745	272	186	313	343	169	227	204	589	195	511	317	373	397	639	3956	740	1216	1172	911	1147	1646	1738	1587	957	899	2623	1755	1139	1865	1464	679	501	512	441	442	737	252	181	163	319	166	346	366	453	322	333	260	281	405	430	265	302	253	282	190	160	568	217	246	222	256	218	393	201	165	307	379	480	259	201	728	383	254	504	321	360	503	353	359	227	220	320	315	322	386	423	578	475	1136	642	479	536	445	548	446	610	399	455	371	361	362	328	1044	1863	1984	1778	806	159	469	221	106	867	5380	933	248	192	45	75	306	534	130	1146	949	794	645	780	421	575	586	595	578	690	533	518	171	469	390	168	175	293	248	143	335	241	274	206	313	169	155	199	197	244	543	163	149	86	108	114	256	218	167	232	262	164	106	189	161	94	99	43	103	86	35	156	72	170	283	349	263	343	150	260	259	199	813	643	392	595	1371	974	654	426	1174	1213	880	1028	792	1014	977	357	293	300	326	254	137	302	245	294	187	257	176	250	303	278	162	217	346	232	160	131	214	247	117	124	93	271	380	347	470	230	185	178	158	171	289	324	295	214	143	154	61	154	103	120	74	130	141	205	198	184	216	118	31	25	48	68	159	294	199	245	190	226	160	130	225	347	175	264	114	213	106	246	239	122	185	432	82	142	197	178	253	219	295	392	972	774	549	121	174	89	143	91	109	40	277	85	67	100	174	93	535	337	96	133	144	266	434	109	226	44	113	110	99	151	131	243	934	54	80	59	69	121	206	95	144	950	93	48	117	139	78	82	127	203	116	121	122	534	165	252	62	81	101	68	80	145	280	392	396	680	571	415	410	500	422	489	524	562	545	545	442	503	16	29	88	79	29	45	68	191	229	248	178	74	142	126	100	70	50	61	62	88	123	69	52	45	92	75	44	74	28	70	56	75	76	70	43	39	76	92	208	80	161	64	128	60	54	92	128	117	81	155	112	114	212	217	293	331	152	260	244	139	113	171	236	163	203	39	27	159	4	5	44	16	81	67	129	18	16	52	236	125	46	20	70	100	24	44	178	62	96	30	78	21	17	60	8	44	48	38	27	36	14	13	27	32	37	36	47	46	47	32	46	176	171	552	1087	596	455	329	268	195	138	204	191	162	133	108	62	165	82	100	572	4405	2199	157
84	2479	541	374	286	311	14	24	1	69	0	0	355	47	70	131	249	1067	769	838	1013	929	865	910	681	1003	732	708	180	1	2	91	1705	1623	73	0	1	0	6	0	0	0	344	1003	2641	1	0	0	2	1029	0	164	1	0	103	434	0	12	12	0	0	14	0	2	3	0	80	1	1	238	2021	13	21	0	17	61	1	74	971	1174	18	7	18	59	238	61	11	229	388	20	67	104	108	433	421	546	1199	1310	84	35	3481	2363	140	26	232	25	25	2	192	95	26	132	13	297	2	0	11	1	0	0	2	0	0	0	36	2	0	0	0	0	1	1	2	14	8	1	0	0	23	205	25	2	1	0	0	751	2	14	0	11	55	56	38	52	2	1	0	5	0	0	7	1	0	1	28	50	216	46	80	48	1	47	1	12	85	110	110	286	145	123	90	7	14	553	96	182	24	163	128	252	181	425	1367	87	206	14	109	83	726	1271	348	36	12	13	25	47	60	295	193	23	142	123	1	13	0	1	48	5	1	146	60	0	1	90	11	1	0	1	1	1	0	210	1	1536	12	1237	52	72	5	3	636	3708	1	246	380	0	0	743	24	11	1	1	1	1	2	24	1	1	23	0	1	0	1	284	1114	385	72	0	0	9	501	13	36	39	5305	7046	5052	4643	76	25	24	14	65	173	505	126	14	29	59	8	49	74	402	1016	906	556	74	944	36	61	12	48	0	23	0	109	25	0	2	0	0	267	1147	1280	1145	953	1037	1005	0	52	13	23	1	1	1222	1	2328	4524	4873	5019	2102	5048	373	113	323	334	267	4911	5329	366	380	317	281	441	259	444	387	237	248	305	263	1644	1155	379	386	313	250	214	339	287	186	234	227	81	5	104	176	0	37	215	107	156	607	661	127	202	183	3	169	315	361	291	335	262	405	408	35	111	700	684	252	104	24	294	96	0	109	1	13	2	13	0	0	23	68	0	1	12	0	87	392	334	484	313	451	280	340	246	284	435	301	247	399	410	182	1777	1030	1342	360	47	246	99	1	5209	7550	4419	3878	5735	4878	3165	4652	1791	0	17	11	1	0	25	0	0	1	0	0	0	0	1	0	1	1	0	0	0	0	0	0	0	1	0	0	49	24	0	1	190	355	356	242	392	320	72	0	75	48	0	0	0	0	2	2	0	1	0	3	0	12	68	0	1	1	36	3	0	0	1	226	247	230	1	24	72	1	11	0	23	0	35	0	77	1	12	1	183	47	24	1	0	0	0	1	37	0	36	0	0	0	363	0	0	0	1	0	13	2	889	301	2	0	1	1	0	0	37	0	0	0	0	2	15	12	1	31	504	0	0	0	12	0	2	1	2	206	1	23	0	74	0	1	74	5023	1978	2028	1809	1980	5112	12	0	24	0	1	0	0	1	0	60	2	42	0	1	0	0	1	24	0	73	0	0	0	36	12	769	13	1	0	2	60	38	0	1	23	49	0	0	0	1	0	1256	1	3	0	0	0	11	1	0	0	0	0	12	0	24	1	0	0	1	0	3	1	3	0	24	52	0	3	15	54	24	1	164	24	97	35	62	85	23	40	58	14	11	12	406	336	96
1070	1305	2337	511	649	1307	1674	881	1397	570	631	658	1016	140	530	488	289	560	256	676	720	153	250	475	204	480	79	1854	77	397	67	410	237	347	36	408	100	166	100	29	514	9	374	70	516	58	482	2803	1104	149	638	207	390	33	470	146	456	54	457	14	368	518	81	927	777	1007	815	1072	500	245	1328	2390	1990	1182	2680	9585	4893	1150	468	384	377	764	868	2155	412	717	379	719	2579	1915	756	470	1452	3168	3708	3787	3996	4086	4450	4632	3956	3418	967	11031	387	257	819	251	438	227	109	260	495	406	1146	289	176	210	561	262	165	482	77	258	337	164	297	117	112	67	71	61	1622	62	55	129	62	48	127	350	86	23	28	34	72	26	54	56	138	86	52	62	133	35	185	38	98	60	213	135	86	196	371	238	476	535	815	316	1010	4831	556	595	582	877	439	309	224	722	1065	1295	785	1645	599	523	483	967	746	746	1346	728	412	1298	3182	1431	876	1051	414	285	196	228	616	373	1003	90	251	78	99	99	39	44	130	180	164	174	131	226	132	84	379	48	106	74	77	229	133	237	219	87	76	180	42	49	44	26	79	125	132	42	72	81	296	57	79	87	342	56	212	174	37	157	115	83	187	317	45	723	229	275	728	445	3539	7324	1081	248	537	493	868	367	737	1088	2321	233	334	473	434	919	14404	15397	24753	14397	16398	17881	12180	480	731	1353	2365	647	388	845	534	814	601	294	111	295	12667	71	212	169	186	778	87	116	73	790	613	371	620	286	187	52	51	92	40	82	156	631	59	12	206	135	17	25	140	161	38	36	63	19	102	34	48	82	74	632	321	76	97	56	61	20	265	60	105	13	38	104	37	63	84	171	78	120	211	491	1220	2713	599	781	613	1029	591	1627	963	2324	1373	1376	313	312	462	1202	1340	719	683	1377	6279	1560	1511	567	595	929	814	523	775	811	468	718	90	1271	644	174	154	102	222	85	62	123	150	81	116	318	144	31	85	94	59	50	73	100	73	76	354	139	93	219	14	184	103	229	48	127	35	301	21	49	64	13	45	51	7	69	11	210	16	97	52	33	209	82	33	28	23	21	42	52	88	105	132	148	27	30	29	70	28	46	78	117	81	769	8600	19485	1753	41	2666	10209	18	109	74	83	58	71	86	58	72	30	86	70	60	68	60	183	110	161	298	715	9999	1597	84	54	100	83	64	150	43	121	118	13	63	143	39	93	48	672	13	40	46	11	35	92	141	208	36	19	58	48	32	57	971	172	24	29	13	77	54	120	58	47	117	189	91	45	241	21	43	37	55	20	230	48	108	54	30	37	60	35	18	179	86	39	119	50	92	697	1243	86	175	190	33	220	43	67	66	1329	338	94	44	120	151	59	222	138	36	79	58	493	175	185	189	102	58	127	232	469	82	78	71	49	53	40	48	61	100	161	38	53	104	44	45	193	31	84	156	48	50	35	58	57	26	217	184	118	75	71	102	112	2322	349	320	18	36	37	58	26	107	82	12	10	34	54	19	7	14	53	143	28	34	254	243	97	669	753	267	128	555	446	444	205	443	386	575	357	488	1998	230	279	589	2234	417	1210	336	410	817	1393	1875	528	529	1102	519	1175	419	1003
5899	8813	2355	1281	1315	1100	1414	1177	1591	1284	1501	612	157	741	892	910	928	1086	1359	1292	2087	2335	881	1128	1667	1680	1127	996	900	1071	682	511	1043	596	1057	797	757	926	1240	987	857	1935	895	620	615	998	923	563	878	635	1137	729	971	274	180	151	243	303	468	263	201	140	281	874	1239	1014	781	1322	1076	1349	1526	1233	1860	1267	3410	2016	2732	3933	2135	1653	2145	2810	2660	998	987	847	6930	1298	1940	887	1451	1555	1971	2842	2495	2295	2841	3023	3105	4142	4299	3085	3384	2768	1742	1158	793	1495	815	900	471	242	316	366	441	599	929	1150	846	985	1572	1658	587	525	360	451	780	425	486	484	374	606	593	191	353	239	241	234	388	517	264	310	243	394	456	459	487	569	644	222	394	266	300	514	361	441	260	322	252	1678	462	2647	738	474	667	1037	1331	1049	1093	1184	729	1048	1378	972	1599	1155	988	693	985	781	636	539	614	1503	1615	1723	995	1004	948	1479	2138	2081	1242	1371	1631	1205	2069	1997	709	703	563	1065	876	2880	1579	1081	1329	993	801	967	612	803	1332	1425	1438	1481	1430	1203	821	1091	892	977	828	862	629	537	1075	621	1003	522	950	629	691	2120	548	533	601	563	702	630	728	618	352	264	327	386	407	428	652	336	328	468	324	364	364	2466	1508	1460	782	464	1250	492	3706	4211	4239	6857	5806	6502	6569	4873	6237	4284	4232	1771	2666	2306	1872	1516	2908	2010	2899	2944	2373	2365	3275	2849	4411	1958	2025	5854	15140	1707	2258	2756	1577	1704	1634	1251	1252	3163	2329	1474	1112	1172	951	4063	3362	1315	1526	2586	1868	1887	1930	1763	985	695	656	675	601	746	967	1153	1197	728	838	889	942	817	724	2948	865	745	631	779	857	763	895	724	805	606	885	575	733	878	709	960	952	812	686	1594	5300	2123	3010	1246	1125	1115	1110	1545	1252	1140	1771	1425	8637	1395	1107	1073	1275	2693	10614	5529	1681	1149	2658	3259	762	725	780	774	2569	3586	3618	2500	2460	3066	6553	4175	4960	1913	1222	1406	2048	588	467	535	521	2134	1161	766	549	296	570	588	629	929	1120	1313	980	1895	1801	1906	813	684	356	303	364	330	579	382	372	534	383	359	388	423	310	1413	299	486	381	381	240	318	1056	499	230	261	606	258	268	403	453	370	505	527	370	249	361	1947	1187	1124	461	476	338	281	297	456	848	498	560	427	348	448	351	277	497	253	417	436	253	324	229	352	285	355	420	426	380	355	319	278	777	615	941	489	532	353	354	549	520	503	449	2450	990	1110	936	372	375	264	506	555	1098	1065	958	1381	1210	1277	429	308	530	292	288	423	408	336	566	372	403	308	378	3611	5633	6124	2565	2611	2772	2512	2063	2577	2143	2382	2755	2559	2916	2578	1229	2825	2242	343	358	2189	2298	2939	3075	4030	5608	5166	5618	3173	370	278	211	531	490	554	364	327	354	365	448	246	358	280	320	444	498	3529	5656	5654	5656	5303	5480	6232	3076	747	868	508	998	569	1614	835	645	435	366	796	392	258	378	4118	1563	2005	364	414	427	509	1151	866	1453	1696	1249	1369	1576	4648	1001	430	681	597	613	456	527	474	339	946	357	422	466	262	245	1546	329	341	320	157	286	295	504	489	436	557	342	301	340	239	294	326	337	496	397	352	469	984	1195	745	1616	1945	1584	1466	841	668	644	1039	818	4704	15090	13140	14140	14614	14242	6350	4361	2640	2916	3317	2335	4043	920	862	1215	1340	970	1589	1054	1010
2634	3170	1850	1685	3099	802	3193	3385	2708	1695	1317	1370	1190	1244	1481	1620	1565	1415	1259	5867	5549	5494	5343	5367	5249	5257	5469	5105	6228	5432	5490	6713	6977	7616	7859	6334	5939	5413	6126	5561	5547	5283	3647	1213	1059	1241	791	797	778	844	1033	947	671	714	714	890	1053	960	914	1101	972	950	731	994	3233	539	701	714	1262	1156	1725	3339	1900	931	926	2344	2235	2983	1074	1686	1755	1997	1735	1591	1853	2046	1689	2141	3999	2045	1629	1688	1213	1191	1391	4475	1278	1544	2586	1142	4280	4250	3574	4863	1204	737	714	3136	2037	3920	3370	1614	1619	1326	1207	5079	5064	6270	5162	5462	5397	5797	5222	5635	2918	683	1595	5799	6329	5720	5332	5272	5576	6441	6112	2834	995	1303	1015	765	1081	1231	1255	1418	1047	1096	805	859	993	832	603	735	656	867	757	620	626	890	876	765	786	747	1161	863	1449	872	1330	1416	1157	1693	1910	1243	2954	3664	2698	3265	1239	1315	2958	3662	1440	1645	990	1106	2032	4033	3145	1586	1389	1206	1014	7971	5341	2162	2733	2753	4115	4240	4236	2795	1469	1733	1083	1981	1301	2038	1277	1268	1165	17451	8275	5695	5822	5754	5454	5123	5768	4964	5441	2380	2220	2018	1637	1625	1861	1956	1416	1180	1371	1460	1224	1748	3697	3892	4171	4383	4234	3379	3276	3753	3366	2473	1343	1495	1564	1275	1629	1087	1223	917	1047	808	845	1107	1004	1008	1145	1027	1250	1208	912	1743	1977	1680	2286	1784	1675	1299	1863	2221	2972	4954	6265	5179	4642	6181	8327	3485	4604	3686	3897	4125	2165	3877	1254	4096	2977	3828	1075	900	729	794	784	938	799	1157	811	618	900	1462	1230	996	1595	4073	4788	4835	5979	8800	8891	8563	8752	4639	3851	3463	3851	4307	4326	4184	1498	5876	6166	6283	5384	5788	5732	5425	5794	5416	5082	5246	5167	5266	5127	4880	4777	5378	4905	1078	442	541	790	1004	913	700	898	709	821	769	1085	1269	759	1173	988	1072	1302	929	10090	14100	13976	4621	1425	1560	1392	2252	3168	3753	3967	3762	4195	3480	3809	2784	1802	3528	2596	2314	3555	2545	1383	1592	1075	1174	1747	2073	3872	1363	3481	2417	2382	3146	2861	3632	3501	4243	1646	2128	863	648	749	739	716	831	718	4776	5652	6411	5976	6586	6038	6451	1522	1324	1284	1397	984	5494	6275	5956	5739	6539	5954	5508	5390	5455	745	694	668	684	752	1611	1142	996	872	798	633	984	938	1057	540	675	565	626	550	521	407	561	399	591	631	1046	810	892	801	779	811	908	856	993	614	730	924	1223	893	1253	1144	988	935	1215	1399	1379	1021	1093	1269	1533	2263	944	1202	1297	1568	1301	1113	1096	1364	1613	1130	863	1232	906	1102	972	740	712	658	849	988	679	756	903	1213	4752	4299	1434	1094	981	837	1108	1143	1784	1199	1318	1144	5158	5654	5003	5699	5608	5245	7245	6506	2148	1512	1588	1124	1095	1349	758	634	636	769	730	534	354	469	1430	1885	2287	1713	3171	1191	542	434	701	834	710	1206	1327	1452	1414	1868	3015	2351	2915	995	1427	961	1141	967	753	1177	2194	4707	4829	3266	3420	906	1042	4514	3313	2428	2920	1066	1869	1745	1198	3593	2631	1590	1292	1033	1342	1266	1418	1123	1575	1215	1508	977	823	1762	1862	3182	3688	3148	1049	1647	5586	5397	5548	6796	6673	6069	5889	6492	6057	5683	6053	5526	6856	8219	7057	7217	7727	6511	5277	5938	5166	5374	5523	5389	3759	1329	1263	1045	1415	1272	1225	1328	1692	1237	804	864	1053	1355	737	583	1049	1322	1007	642	1042	750	807	669	695	2280	1783	1533	2671	1518	1498	1324	1284	1591	1481	1521	1241	1846	1937	1226	2312	2282	1035	1254	1731	1327	1162	1030	792	744	1101	1138	3565
5632	4831	6188	8532	10047	9979	7366	11914	12252	11795	12515	13074	11951	11321	11360	11121	11672	10402	11472	11833	10297	9565	8677	10897	11112	10041	9277	5685	5638	5214	4372	4860	5296	5850	5334	4926	5068	4193	4460	5476	5362	5577	5118	6642	7806	8068	8594	7608	3833	4840	4478	4070	4305	4199	4144	4145	4217	4296	4331	4576	4226	5452	4881	5529	5021	5968	6419	7305	6288	7150	7295	10334	10549	9426	9451	9597	9295	9981	9802	10199	7137	7159	8788	7775	9207	10980	10676	12373	7200	9328	9870	9091	9376	9694	9712	12143	9195	8210	8601	8277	7412	7341	6904	8307	7051	8481	7224	9204	8346	6978	6480	7328	18782	16811	8389	5262	10709	5774	16654	15538	10075	5571	6770	6050	6516	5294	4325	5918	6124	5570	5836	4147	4393	4718	4349	3974	4064	3849	3807	4144	4512	3812	4272	3949	4115	3921	4416	4093	2005	1604	1807	1850	1518	1869	1605	2208	2218	4050	3172	2320	2687	5790	5097	4641	5300	9023	5860	8537	7048	7408	6389	8416	7948	9728	9747	8396	9224	10471	9635	8814	10831	8388	7817	8903	10826	9806	11557	13919	16964	11930	10412	9122	8616	8992	10923	11832	15620	13314	11067	11500	10801	11757	10439	10469	9802	9112	9337	8130	8665	8366	8498	8613	8185	7420	6136	6589	6783	6101	5930	5832	6375	6711	4734	5338	5859	5760	5006	5201	4145	4915	4221	4496	4646	4505	4471	5141	4671	7750	5417	5020	4999	4414	4947	4765	4632	6297	8675	5697	5064	4573	4459	5548	4562	4617	4842	4856	5542	5910	5136	6652	7243	7670	7735	9936	9884	12023	10434	12136	13516	11536	12242	11360	12704	11779	9058	6673	7734	8119	8082	7880	11419	13080	13082	13702	13245	12124	12096	10658	10923	14928	15036	12388	13401	12197	12364	9358	9904	10479	11954	13102	13476	10731	9166	8696	8428	7161	9504	7786	9740	8408	8236	7511	7820	5638	5902	6870	5638	7131	8220	6536	6506	6594	7192	6755	6656	5317	5200	15427	14984	9688	5429	5240	5237	4290	5504	5368	5035	4876	4971	14073	13319	14071	14483	14479	14944	14533	14817	16066	14933	14509	14769	15103	15389	14724	14619	17124	16369	16905	18391	17689	17348	17918	19071	19308	21417	19905	20113	11417	11693	10700	9450	6832	8290	7339	7934	7915	9152	9104	8555	8418	8982	8874	8558	8704	8885	10323	10466	7766	7514	6970	7356	6636	7989	6267	5454	6716	5912	5916	5375	5595	6085	28233	16330	6024	10608	23016	9427	8046	6820	8782	7773	6809	7419	7643	8972	8744	6579	7417	5630	4920	5762	4823	4646	5124	4876	4796	4948	5155	3951	3639	4628	4479	4836	4780	4624	12222	13741	14528	13166	13444	13253	13266	12963	14031	15264	14007	13216	13482	13486	12539	13232	13715	13236	13484	13491	13575	13633	13452	13491	13327	15118	14232	14018	13612	14366	15057	15341	14005	14167	15577	7916	6001	7744	7529	7158	8114	7942	9046	8229	6660	5684	5133	5196	5952	4999	5027	5111	5775	5683	5521	5175	7488	5441	5386	5414	4565	5166	4629	5086	5404	5264	5372	5892	5494	5597	5147	5267	5738	5220	5384	4931	6459	5113	4532	5280	4799	5908	5782	5517	4818	5039	4707	4489	5298	4620	4510	4381	4500	4549	4644	4010	3856	4449	4384	4320	4786	5369	4527	4429	5348	5604	7253	5785	4602	5709	5328	4116	4821	4413	4803	4816	4688	2822	3043	3068	2744	3336	3254	2754	2820	3222	2910	3963	4182	3246	4442	3172	3274	3154	3241	3467	3402	3514	3780	5591	21110	3887	3673	4134	2938	3768	4070	5054	3680	3416	3237	3977	3955	3189	3460	2983	2553	4636	3258	3578	3925	3413	4539	3937	4004	2979	3299	4893	4360	3923	4229	3790	6259	4187	6946	6719	6132	6253	5917	6045	6153	4918	5040	5317	5509	5174	2976	3093	2860	2443	1668	1605	1771	1481	1466	1682	1809	1530	1459	1732	1943	2088	2156	2369	2338	3748	2015	3732	3968	6415	5926	6123	7560	8809	8763	8055	9748	8376	8254	8098	9380	7069	5751	7067	6950	6639	6726	8192	7810	8242	9102	9316	9128	7322	8847	8082	12602
38	78	49	41	116	25	23	46	130	109	104	56	25	5	1	3871	12480	12183	1802	15	12	26	38	16	1	0	4	0	5	0	0	5	1	0	2	0	0	1	1	0	0	0	0	0	1	0	1	1	0	0	0	1	0	0	0	13	12	12	0	1	0	7	0	12	0	0	0	0	1	6	5	31	5	264	491	520	467	517	438	510	499	577	497	453	594	542	454	418	569	550	491	616	396	572	516	563	534	776	591	298	16	16	60	85	29	168	181	171	59	1	24	53	16	10	52	36	34	5	8	2	1	24	3	23	36	7	43	14	0	0	2	14	25	90	0	30	19	0	24	36	20	34	1	23	46	40	8	20	24	35	46	39	21	16	24	20	30	17	29	33	25	1	1	36	151	41	168	4	13	40	832	1045	1135	886	53	15	14	49	153	1	49	14	28	16	10	46	14	44	27	68	15	35	13	75	159	42	66	24	1	80	36	32	14	3	17	12	2	3	2	1	48	1	1	0	16	29	58	22	23	72	73	12	30	39	0	24	6	0	5	5	68	79	11	36	0	0	4	1	2	0	0	77	0	0	0	2	1	0	1	2	0	1	1	0	11	4	38	19	179	35	1	2	3	13	12	5	11	49	29	18	39	26	1	16	0	39	16	1	37	12	28	28	19	22	52	0	13	57	27	4	7	16	51	50	6	24	34	1	24	32	63	1	26	15	19	14	52	15	12	81	33	18	64	86	109	122	167	126	162	127	20	42	117	23	2	91	27	13	1	1	1	1	27	28	15	0	13	6	1	13	14	12	1	4	12	3	11	1	0	33	37	35	32	31	34	16	1	8	14	32	2	30	37	208	73	319	41	26	57	177	106	77	100	166	240	90	133	2387	10311	8678	241	38	121	100	58	158	106	110	74	72	48	4	120	3	111	62	130	412	37	56	35	0	156	13	0	2	0	13	76	2	15	1	1	2	2	6	0	1	0	0	0	0	0	0	0	1	1	0	0	0	1	0	12	104	86	135	68	160	106	103	157	136	93	157	123	129	61	101	60	68	102	102	90	114	0	37	13	1	13	2	114	67	3	14	0	2	1	2	24	1	2	37	9	29	0	246	298	6	17	14	0	13	1	0	9	24	32	42	31	35	3	15	3	4	3	1	1	1	2	0	0	0	25	2	0	0	1	2	0	0	0	0	25	0	12	18	24	0	0	0	15	0	0	13	0	0	7	0	0	1	0	0	13	2	0	1	24	0	1	1	0	0	0	0	1	0	0	1	12	1	0	1	20	0	1	0	1	0	2	0	0	0	0	1	1	0	0	0	18	34	1	0	2	2	2	1	1	3	27	15	8	25	13	29	34	73	67	43	54	24	8	44	6	38	13	38	12	146	13	22	6	1	1	25	1	25	1	11	0	1	25	25	33	0	0	0	0	0	0	0	0	3	1	20	0	15	12	24	0	0	0	0	2	0	1	1	1	0	0	0	1	0	0	56	81	22	14	13	408	699	146	60	24	45	24	43	23	19	91	61	75	21	2	70	2	4	5	111	25	12	58	55
44	66	102	75	18	14	15	12	46	53	34	4	11	22	11	1	1	1	27	11	1	11	12	11	2	0	0	1	0	1	12	3	2	0	0	6	0	14	0	1	0	1	0	0	0	103	171	0	1	0	0	0	1	0	0	0	3	0	0	2	0	3	0	3	14	70	148	94	39	214	144	224	241	170	192	68	308	75	61	89	69	32	99	6	21	32	19	49	55	26	127	136	70	140	33	63	83	244	89	47	52	2	11	23	14	57	13	16	9	2	1	1	13	2	1	0	25	8	18	1	0	33	0	0	0	4	0	0	0	13	0	1	1	0	0	0	1	10	1	0	1	2	182	3	1	0	3	1	0	0	1	0	1	0	7	3	1	16	2	12	114	120	90	102	78	115	45	14	30	29	29	185	48	41	126	28	47	49	34	57	51	43	50	34	83	102	176	35	103	161	137	29	84	31	22	37	31	1	33	16	60	7	0	5	6	8	10	1	2	1	0	5	4	3	1	7	26	2	1	4	0	0	2	4	0	0	1	1	418	257	1	3	0	1	2	2	11	0	115	1	0	2	0	2	0	0	0	2	0	0	0	1	2	0	12	1	0	12	42	47	8	12	50	47	58	20	99	51	18	95	59	96	52	75	32	19	13	8	58	43	34	40	91	99	58	51	33	47	78	27	141	27	6	11	58	16	3	13	2	13	6	1	8	1	1	1	15	23	4	13	0	10	0	0	0	1	0	3	7	1	21	1	0	1	209	1	0	1	0	0	0	0	11	1	81	1	1	1	13	1	0	0	5	2	0	0	0	1	1	0	26	6	3	54	41	20	43	42	49	3	46	31	13	107	58	42	46	58	24	58	18	1	47	180	63	74	178	14	24	90	76	53	51	12	37	52	142	22	32	66	11	43	6	26	2	1	0	1	175	13	182	0	0	1	4	3	5	2	3	1	0	1	0	0	1	0	19	0	12	1	8	0	0	1	0	14	0	1	2	0	69	0	0	1	0	0	3	0	1	0	3	0	0	7	1	0	12	1	12	1	1	0	1	1	1	13	3	12	3	2	14	38	2	0	1	2	5	0	0	0	3	1	11	1	1	0	63	38	0	23	0	0	0	1	3	0	0	0	0	0	4	1	3	5	1	0	2	0	3	5	8	3	3	2	1	0	0	0	0	0	0	1	0	0	0	2	14	1	1	1	3	0	0	0	0	0	70	1	0	0	4	0	1	1	0	0	0	0	0	1	0	3	1	0	0	5	2	0	0	1	1	0	0	11	0	0	0	1	1	16	21	1	0	1	16	5	32	27	25	29	81	1	22	102	125	113	32	0	4	22	37	38	60	223	47	20	3	1	5	0	0	3	1	26	0	2	1	3	1	0	12	1	0	2	2	7	3	0	0	2	1	0	6	0	0	0	0	0	0	0	0	0	45	1	0	1	0	0	1	0	0	1	1	12	0	6	0	1	2	1	3	4	55	97	29	41	25	34	73	25	13	145	56	82	63	128	54	22	41	32	26	97	84	54	30	177	80	66	20	75	53	61
4407	1755	1788	1861	2112	1504	5313	630	814	687	378	229	539	535	418	456	178	292	153	227	147	481	333	49	114	110	2236	1740	2027	1020	409	144	183	83	71	427	649	488	560	482	245	50	21	146	81	237	168	50	82	456	691	438	62	56	62	54	128	126	117	152	325	169	745	1702	644	609	574	962	1001	653	1410	1703	2157	1646	1764	1409	1881	2716	3033	3490	2935	1954	1715	1262	3089	1142	2228	1944	1264	1736	2205	8025	1159	1031	2390	2127	2301	3207	2690	2980	1364	963	1489	1075	649	850	880	925	694	270	114	175	207	113	172	388	497	294	104	242	181	107	77	621	1890	201	42	199	87	101	89	583	597	550	406	740	567	534	516	547	356	35	23	87	141	280	596	720	72	52	50	45	107	29	48	95	140	83	170	298	335	306	420	908	784	979	877	693	1647	1409	1652	2466	1347	1837	1747	1005	2380	995	1490	1110	1378	941	1072	1053	1611	1566	1573	2668	1560	1056	2255	1683	1907	3417	5042	4277	3557	1208	3015	1994	2074	1328	994	608	379	255	171	113	240	204	239	362	471	394	568	644	284	118	246	233	256	328	200	385	162	146	342	390	352	468	481	470	407	360	459	401	420	370	375	474	391	998	981	708	426	306	479	918	790	802	495	406	130	531	114	343	651	283	1430	1847	2716	2773	2057	3859	1304	1151	1268	1241	1474	1277	1069	1659	591	635	860	1011	1940	9055	2480	3885	3751	3368	2972	1877	1224	1444	1725	1810	1098	1737	1668	1100	946	618	269	491	965	422	205	191	133	98	267	186	251	219	159	570	597	125	100	383	184	274	445	466	522	576	519	397	160	156	959	1079	1382	580	508	394	328	321	355	489	440	410	464	576	322	469	938	825	603	133	149	482	189	51	108	114	91	108	151	622	445	413	994	445	1348	854	1847	692	1913	1921	1861	1303	1716	3697	1283	926	820	408	497	667	1085	1200	979	777	1517	1112	972	1121	1020	1193	774	1279	1408	1759	2687	944	542	617	484	752	372	756	359	235	214	366	166	159	189	54	62	69	76	531	194	343	254	476	373	174	156	82	71	185	90	44	104	384	577	237	504	521	493	583	717	619	1136	1358	590	378	408	743	965	510	46	80	96	549	228	132	53	130	149	33	53	152	138	123	198	69	95	258	196	884	93	108	78	72	96	100	97	273	170	211	133	173	253	202	137	209	262	155	120	84	110	224	325	198	207	823	991	213	247	94	77	97	179	188	156	314	861	568	904	535	501	164	143	195	292	205	159	112	315	293	676	527	281	173	226	203	264	205	173	552	622	579	430	513	164	178	166	218	205	223	115	191	274	633	720	483	129	117	223	254	172	208	151	52	82	42	55	53	81	83	69	89	68	137	105	137	124	68	109	132	46	82	293	293	256	149	187	80	193	91	457	584	329	77	187	107	120	174	182	190	465	1255	1476	446	286	353	194	346	458	777	643	179	342	339	285	204	330	354	369	198	232	249	203	140	235	102	526	467	169	241	262	208	308	114	98	567	614	608	513	512	178	150	159	66	38	54	91	199	436	1224	750	660	148	198	310	272	328	342	452	180	484	177	80	197	1051	173	334	675	590	417	480	577	619	2703	1134	1208	1499	4254	1610	1102	629	1319	887	825	676	837	1173	1347	1453	2151	963	1429	1565	1078	1715	930
13	156	340	231	287	296	136	423	280	195	49	4	51	1	0	1	2	1	1	3	5	3	35	26	11	2	2	4	2	1	1	2	2	15	5	6	5	7	1	5	7	50	35	32	1	13	2	1	3	28	1	2	13	3	14	0	8	2	0	15	1	2	4	27	1	15	21	1	33	16	1	2	15	1	1	1	3	24	1	26	2	14	14	4	22	13	8	26	13	25	27	14	21	42	41	80	52	53	65	50	142	29	17	38	22	18	44	51	41	47	77	102	29	53	44	40	48	29	34	12	46	65	49	106	20	35	93	93	47	14	23	28	38	60	43	97	95	201	109	60	75	27	14	15	26	50	26	39	14	15	5	39	39	15	27	22	30	44	15	103	27	77	134	27	100	38	41	37	13	38	52	37	28	41	41	30	17	56	57	38	45	69	116	52	100	142	129	74	90	286	113	185	119	55	59	41	109	126	117	43	170	632	1603	98	89	68	113	125	50	51	97	139	95	116	77	76	80	52	30	46	48	70	103	89	58	116	180	73	43	27	90	30	47	28	75	52	1	18	25	49	73	37	62	73	1	0	24	3	60	15	12	74	27	49	66	53	48	37	19	0	36	13	14	19	33	25	92	60	803	29	25	17	39	13	12	2	2	2	9	2	1	33	14	15	4	25	15	0	3	1	9	4	16	0	1	0	1	1	0	1	8	36	37	37	38	34	1	0	0	1	1	3	1	7	25	46	63	42	37	38	21	2	2	2	0	1	0	3	0	3	0	0	1	1	0	37	28	24	31	22	0	0	1	0	1	0	45	16	1	1	1	1	1	1	0	1	2	1	15	12	3	2	2	2	31	0	3	223	209	195	165	126	307	856	293	128	136	163	94	216	153	194	193	160	138	37	132	140	6	25	99	86	3	2	6	13	57	17	6	3	2	2	1	2	1	5	5	1	1	4	1	5	2	9	32	167	8	2	1	0	1	2	1	7	2	0	0	0	1	0	2	45	0	2	0	17	2	4	0	2	0	0	0	0	1	0	1	18	1	1	0	1	1	0	2	16	0	14	1	1	12	0	6	0	0	5	1	0	2	1	2	3	2	2	2	3	5	2	2	1	2	2	4	39	4	866	5	3	3	26	6	3	2	15	3	2	2	0	2	2	75	0	0	0	12	13	109	1	1	1	2	1	3	0	1	2	1	42	0	0	0	67	0	11	2	0	0	0	1	2	0	1	1	1	2	0	1	1	0	2	0	2	1	30	1	0	0	1	9	0	0	1	0	0	1	0	0	1	4	0	1	0	0	0	0	0	14	73	0	0	0	3	0	0	1	93	10	12	30	84	14	14	1	0	40	46	23	1	1	8	15	39	16	1	1	24	2	0	0	1	1	0	0	1	0	0	0	4	1	0	0	2	0	0	2	0	2	0	1	2	1	1	0	0	0	0	1	1	1	0	0	0	0	0	0	0	1	0	0	1	3	5	2	2	2	52	54	2	17	125	9	1	2	16	52	237	165	481	49	48	22	66	36	1	3	197	220	51	1	2	1	80
105	75	18	53	12	63	50	24	13	0	71	26	56	28	29	835	2758	3062	414	4	42	29	133	102	279	226	99	105	91	94	1	4	17	0	26	24	22	15	29	1	20	1	1	21	25	13	0	15	13	1	3	14	19	1	1	12	10	5	0	3	21	0	13	1	61	10	14	7	33	40	32	513	58	623	27	113	14	54	5	33	83	113	93	33	46	44	55	55	110	89	233	297	4220	11825	10488	8837	27	1683	180	168	172	3	47	66	96	17	18	49	8	101	255	227	229	190	565	489	90	24	18	37	61	25	3	8	60	26	25	19	87	34	46	77	153	44	52	35	10	47	48	18	46	144	78	43	80	34	41	34	39	123	34	7	52	40	12	45	74	64	80	33	112	61	104	1107	4473	860	899	643	135	40	33	60	140	4822	341	2367	11362	10434	8725	8046	5971	20	35	24	30	21	90	55	1843	1325	886	44	66	357	29	1180	1052	142	887	641	280	206	248	332	43	66	9	1477	50	43	67	10217	16469	14215	15996	14726	9030	121	28	13	37	86	26	1	22	28	73	0	7	1	19	72	21	23	75	4	556	83	137	82	75	90	48	3	19	2	1	0	13	50	36	3	812	210	108	89	178	234	387	378	397	296	59	93	283	132	128	91	124	139	140	67	33	132	78	145	1506	104	58	139	152	325	804	2469	187	1240	2780	222	212	73	170	106	2102	68	107	203	370	435	426	139	265	723	226	211	98	31	77	13	13	37	131	226	40	12	1	3	11	64	47	311	1147	2	1	35	30	3	1	26	22	0	0	93	61	0	0	3	103	77	0	12	11	1	22	0	23	0	7	1	905	3	3	7	29	27	70	41	108	3488	6332	1761	1624	374	346	758	171	113	28	18	167	37	51	45	85	17	42	191	2264	1374	9093	7845	167	33	219	96	68	34	44	27	779	34	86	126	55	17	5	21	62	0	18	26	123	4	0	15	50	26	33	5	11	21	146	80	42	4	8	2	129	2	15	3	12	3	2	4	59	3	1	2	74	69	33	2	16	0	0	1	11	13	1	0	22	1	2	553	140	23	1	68	17	1	2	3	13	3	0	18	25	1	6	1	9	4	1	2	26	9	11	1	8	1	13	12	12	86	1	700	12	25	14	48	216	2	2	12	409	13	49	33	10	58	4	2	19	3	1	2	9	84	0	35	70	4	2	4	13	0	7	2	20	2	97	2	10	3	1	11	8	1	0	25	1097	2	0	12	154	2	2	6	25	0	0	0	11	2	0	1	11	2	0	1	2868	2	2	0	53	1	2	1	17	2	1	4	7	1	3	0	31	4	21	15	13	0	13	3	22	3	0	2	1239	10	13	3	56	25	3	22	34	2	49	469	3090	2	2	14	14	4	14	12	55	2021	6	1	27	20	26	2	22	13	2	14	35	3	7	2988	10099	9707	9317	2883	13	2	12	4	161	50	1	1	14	2	0	0	72	1	7	5	10	7	3	0	15	1	1	1	7	2	2	518	12	1	2	1	12	38	19	26	23	42	68	103	134	71	37	53	215	50	20	270	185	127	301	119	296	204	101	206	218	109	119	113	61	99	182	96
10542	7240	7330	6506	6874	6439	5057	4468	4294	1425	436	429	874	1071	282	616	400	497	240	273	376	509	465	642	464	324	808	571	546	523	211	297	188	862	67	572	132	538	522	1099	1288	1726	1734	1651	1798	1658	73	213	805	90	319	3891	4024	3873	2929	1669	1461	1518	1355	1860	1502	1477	2090	989	1126	428	1237	1111	1288	724	1009	1257	1125	4469	4614	4908	4435	4229	4812	6705	7858	7419	6507	3162	742	3308	4691	6293	5284	6052	4695	7311	5613	5543	5318	6443	4308	1885	1253	1796	2366	2950	1655	628	453	946	1063	1955	650	1040	860	786	493	751	1070	854	526	310	745	770	881	643	476	396	122	871	189	206	223	1108	307	283	143	431	571	2130	3524	3517	3708	4207	3458	3138	1729	1909	1748	1895	1828	3081	3867	5345	3892	2986	3071	1875	1609	1299	1672	1542	1786	832	1143	1807	1248	1313	3242	4218	6363	7417	5140	5166	4877	5344	4938	4834	5048	3924	3278	3176	2803	3260	2942	3835	4178	3341	3690	3543	2597	0	0	1589	3877	3334	3662	3560	3600	3817	5043	8531	8464	6881	8111	4858	2620	4370	4325	4209	2822	3209	3036	3676	2961	3208	2915	2589	2539	2535	2546	2520	3230	2510	2771	2451	3019	2768	3211	3373	2445	3119	2633	2888	2444	3350	4153	3685	3858	6003	5414	5414	4231	4936	4573	4298	4652	6582	6395	5849	4745	3964	3762	3378	3614	3868	4083	3999	4611	3783	3564	4150	3397	2943	3519	3896	3312	3628	3412	3283	3733	3590	2208	1502	1617	2210	1602	1357	977	2810	2976	4116	2426	2693	2470	1356	2222	1338	1385	1991	1207	1757	1889	1987	3790	2970	3101	4262	3370	2573	2190	2217	1829	2506	2121	2306	1938	2031	2217	2278	1896	516	425	244	188	155	294	247	482	1034	261	609	391	588	928	852	176	684	411	445	157	2355	1925	1734	1788	2482	1747	1796	1018	475	569	532	403	784	336	2400	1821	1552	1302	1499	1220	2666	2019	1950	1615	747	1197	750	1339	1072	1225	1916	3763	5204	2855	1443	2497	2160	2070	1931	1128	1376	1539	4914	3668	2427	3214	6233	2060	1390	1274	974	1220	1504	1168	1365	1050	1097	821	1004	1799	1079	1943	721	1847	487	371	442	680	1382	500	1084	878	919	832	731	387	424	575	416	402	876	166	126	492	366	233	208	137	269	1164	969	968	1397	2116	2132	2024	2791	2771	3555	3373	3401	3496	3970	2145	1877	2276	3099	1066	2918	4129	3986	3228	2438	1460	1232	1300	1181	1435	1361	1276	776	1016	306	746	1112	344	372	387	603	443	361	323	463	90	670	227	188	107	277	963	378	469	758	943	487	204	197	237	439	344	196	263	562	204	194	160	485	753	1905	1129	1294	714	322	358	785	155	478	206	396	185	492	877	929	170	302	506	408	169	399	1231	1176	303	547	801	3315	4596	4978	5376	9219	6856	7530	7840	12698	13183	12068	10719	8845	7708	8978	7107	10330	8681	5275	6196	10934	11335	7706	7021	6935	7152	7147	6785	5758	5939	6226	6608	6215	5873	4443	4019	4489	4880	4716	4246	4462	3521	2822	3372	3465	3198	3079	3630	3177	3731	4412	4003	4044	3681	4067	3934	4309	4195	3462	4339	4809	4608	4169	3259	6304	1770	2124	2742	1932	1928	1934	2247	1691	707	240	131	910	465	403	241	546	352	880	1745	1375	770	1956	1729	291	340	329	755	389	178	350	707	274	2066	4777	4739	294	1677	2877	387	1708	3479	3285	5560	5694	5283	3494	1704	2052	1893	2741	2355	5406	3913	3721	3908	3305	2824	3004	3512	1948	1380	1948	2246	787	314	591	2450	3969	1932	1320	2689	1309	2348	6250	4874	5991	3652	1276	1886	1835	1300	1093	3517	3456	5995	5619	1964	1873	1358	1272	2041	1264	1812	1553	1131	2217
174	550	68	54	315	382	288	236	414	473	225	321	175	327	198	369	142	296	199	120	218	258	225	277	310	252	386	242	245	63	220	116	81	40	91	82	54	66	37	27	48	69	14	9	5	18	8	8	24	37	7	18	47	194	22	9	47	4	17	14	35	29	17	163	24	187	83	101	148	174	686	78	32	85	404	431	84	138	49	72	112	228	83	335	205	550	722	584	679	535	410	155	141	391	310	496	325	425	385	384	273	284	176	157	158	393	425	505	313	472	501	420	429	503	234	373	378	368	296	431	430	539	508	400	353	389	434	322	434	373	387	304	399	518	434	382	451	377	423	378	318	339	415	407	311	381	409	405	367	145	91	22	23	28	8	21	10	24	3	4	160	41	27	192	326	471	412	365	255	322	553	1003	3464	1710	217	159	168	477	226	249	283	360	228	130	319	290	302	315	691	186	158	202	477	100	81	88	38	31	60	143	31	127	213	251	264	501	383	336	124	273	179	193	285	431	383	296	254	285	618	215	99	36	53	78	78	126	45	82	151	129	50	46	18	16	74	99	11	6	52	29	37	39	30	40	2	4	21	95	16	5	17	4	9	13	32	11	60	28	82	312	795	373	184	1581	2403	849	137	220	160	113	208	115	85	237	61	100	60	156	531	1038	229	243	1288	3299	2262	184	267	98	104	280	125	555	676	818	780	863	949	1013	972	781	730	692	950	732	957	1036	1069	1204	1186	877	1020	1001	1104	1025	940	924	1098	963	857	908	920	841	858	817	886	734	1043	839	810	932	715	804	713	913	770	574	708	736	798	781	729	963	726	722	928	904	839	912	975	1079	1165	1093	1060	326	269	274	283	196	69	267	206	141	170	174	188	186	412	54	126	65	66	247	815	1022	669	747	780	845	872	847	954	910	739	1747	1749	1845	1534	1654	1725	1820	1802	1753	809	1282	1691	1581	1660	1095	911	947	1036	1464	1085	869	751	821	1652	955	703	705	553	93	66	205	22	42	60	39	116	30	7	196	40	154	136	163	221	247	158	180	148	190	207	143	322	160	187	221	155	65	57	138	148	53	79	298	254	156	595	806	1055	797	1027	856	546	58	997	2186	65	96	92	765	861	310	29	282	673	219	244	79	314	68	327	343	79	42	78	223	261	88	61	286	94	39	31	54	71	58	128	90	61	76	118	84	27	32	17	64	73	113	185	47	20	27	30	32	53	36	47	40	69	89	47	47	154	38	17	46	10	79	276	489	525	497	546	822	964	987	977	792	831	882	1214	741	523	354	330	58	104	89	74	99	89	64	89	89	75	65	88	127	92	80	100	84	37	82	36	311	327	238	115	65	68	53	102	141	156	186	150	91	120	204	111	102	160	174	159	32	134	30	38	99	7330	3629	30	32	39	109	32	25	45	33	66	64	31	35	80	36	24	13	28	21	38	72	33	100	782	331	331	103	71	76	61	36	19	79	60	17	58	33	70	3	35	16	12	65	96	41	51	26	12	60	48	25	64	36	134	92	56	32	171	375	506	673	495	658	691	518	306	373	161	137	2208	3904	205	164	310	269	249	273	380	296	367	155	160	253	123	108	310	268	45	105
1744	2388	2681	3259	1819	1665	1724	1814	1548	1810	1410	1013	6481	8431	9709	6409	3910	1828	5035	2951	1523	1842	1751	1512	1550	1622	1562	1812	1701	1999	1300	1412	916	982	949	1251	2097	2577	2210	2536	2321	2430	2164	2095	2657	3568	3985	4707	4060	4498	4400	4836	4978	4270	3066	4100	3497	2076	2277	2683	2010	2123	1651	815	2040	2391	1704	2710	4483	2614	1975	2120	1184	3144	3921	4639	1812	1607	1445	2184	2336	895	3176	1429	1618	2028	2794	2759	4595	4688	5004	1631	1192	881	1378	1718	1521	995	780	1342	6697	7024	972	627	587	455	4736	4850	6824	1489	924	1322	1339	587	649	455	570	831	1628	1260	1348	1218	1175	1150	1371	3489	4118	3286	2134	3427	3724	2643	3072	3719	3081	4014	4643	5986	5096	3719	3530	2769	3236	3811	3448	2983	3751	2844	2799	3075	3207	3880	2721	2280	2085	2558	2268	2907	3284	6478	5272	3340	3699	2986	3588	2709	3368	8336	8558	9112	11364	9282	8564	9252	13728	13992	15071	16995	11995	11773	11672	9407	9459	8399	6856	7048	8886	8298	5927	10914	13108	9796	11907	11923	9866	6539	4649	7019	7273	3296	3840	2762	3194	2649	3643	2665	2299	2591	2863	6970	3452	3083	2687	2634	2724	4820	4677	3192	2581	2457	3166	2698	2330	903	2231	3346	2531	2265	2557	2485	2767	2526	3847	3173	2473	2356	2308	2229	2117	2710	3338	3021	3337	2295	2702	2225	2191	3063	2692	2298	1556	1383	1556	1363	1481	1728	1773	1335	1573	3289	3782	880	634	288	745	358	641	960	1074	401	944	1018	541	484	709	1374	3168	852	848	963	1293	1780	1578	1188	15250	10996	2004	945	2301	2883	1586	6670	3870	3422	4336	3133	2586	1835	2036	1482	1305	1615	1553	1452	2103	1442	2117	2894	2852	2965	3457	3264	2819	2518	2777	2773	2873	3394	4117	5315	4264	5536	6645	4737	6330	5809	5410	4640	6209	5825	6507	5938	5132	4834	5522	6287	4940	5065	4950	4873	6114	5510	6020	6959	6412	5163	2132	3493	2860	2706	3480	5738	6798	6342	9714	8761	10418	8879	7390	6772	7298	8675	10101	4194	9687	4637	5930	3949	3285	2926	2616	4065	6198	3013	3133	2259	3302	6698	2434	2869	2540	6366	5072	2759	2785	2265	2447	3189	3047	9266	9288	6941	18044	6369	6010	5313	6638	5025	5674	7274	8083	6191	5038	5220	5760	5751	6002	4038	2459	3220	3115	3147	2664	3403	2906	959	1375	1775	1546	2465	3038	2700	4284	2994	2994	2594	2735	2958	2700	2940	2790	2833	2743	2988	2498	2894	4126	6011	5588	2493	2902	2514	1758	1796	5551	5279	2453	2041	1846	2269	1404	1865	1482	1517	1847	1497	1854	1958	1395	1564	1583	1074	1308	1948	3816	4540	4060	2621	1407	1281	2114	1821	1991	2535	2494	1399	2046	3090	1394	1510	1153	2151	1704	2497	1639	1415	1027	1019	1495	1272	2091	1011	1163	926	1083	1086	1216	976	840	1303	1412	872	1169	1225	1146	1582	1650	1881	1432	1112	1607	4034	3379	3826	3942	3826	5429	5999	5063	4475	5658	6760	4701	4256	4712	5379	5925	6665	5999	5415	6035	6095	6535	5605	6876	7576	6518	5350	4670	4694	5525	3955	4830	4491	4219	3677	4499	4484	4656	4561	4071	4112	6015	4576	4221	3869	3941	4354	4760	4788	5905	5116	6642	6560	6001	6886	5020	3420	5111	4839	3712	3610	3131	3380	3508	3767	3686	3629	2601	3430	3463	2961	3354	3015	3387	3163	3255	2699	3084	2745	3271	4599	3951	4031	3649	3439	3013	3786	3536	3167	3507	2827	2950	2866	2794	3438	2886	701	1843	3640	4175	2065	3398	3172	3360	3924	2737	2798	2842	4449	4578	4658	2776	2800	2843	4097	2535	3750	2961	4492	3286	3617	3922	2566	2280	2169	4642	6888	7218	7421	8604	8302	8586	7324	7089	4608	3865	4257	5479	4769	4080	4122	4349	3408	3421	2842	3498	3433	5150	4836	2837	4081	3481	4300	3009	1834	2339	4215	4734	5655	4475	3624
6334	1985	9317	2780	3447	2176	1865	5373	9430	6112	6012	7028	6710	5989	9232	6356	2097	1663	1588	1836	4812	2499	4349	2157	4557	2525	1715	1703	5127	2142	12508	13349	17069	12087	10259	6826	9172	14230	3655	2291	4469	1380	4552	969	2359	1273	1337	1175	4756	834	1008	864	1460	884	4184	1574	1280	1477	4212	1285	4883	2368	1235	2362	5925	1548	1890	3271	3245	2293	2734	4224	12492	3067	2995	2984	4213	3852	4816	4937	9165	4982	15862	8512	10299	6319	3973	3776	4010	3682	7209	7351	3588	4861	17105	13961	7247	4521	5448	5271	3498	11043	2407	1391	6221	2857	1941	2114	11540	1767	1801	2091	5150	2001	2032	1406	1944	1362	1647	8475	7435	2484	1658	2181	8406	2084	2554	2101	8355	1786	1559	1735	5149	2090	2131	2746	3738	1679	4588	1277	1150	1757	4568	1489	1334	928	1132	984	8392	1121	1476	1252	3865	1169	1106	1374	1208	1904	4897	1570	2115	1951	1840	12002	48437	48817	18148	2558	4381	4889	5604	3361	3646	9895	14647	4944	4006	2420	1951	10738	28170	23853	28309	25174	26537	9603	11214	5907	3628	5165	13684	4735	7425	2768	3258	11762	2882	3779	2336	2546	2187	1938	2037	3000	3730	2590	2666	1895	2800	1704	1724	1123	3327	2713	1470	1897	1886	3283	3568	2963	3519	2392	2498	2206	2770	2232	2161	2241	2098	2087	4995	2567	1563	1784	4416	1257	1470	1291	1175	1232	6033	1200	1188	1806	2084	1796	4981	232	1281	1651	1698	8437	1559	1483	4504	1623	5013	2294	2959	2815	5713	3565	5254	2321	2495	2801	6031	7721	11183	3234	5980	3090	2673	2186	5009	2818	6351	3250	6696	6457	4646	3295	3524	4221	7355	9247	9104	9345	8265	2432	6153	22137	3023	5194	2209	2162	5365	1616	2016	1791	1647	2276	4842	1869	1405	1780	1477	1518	4592	1826	4292	1240	1179	1980	4724	1721	3955	2100	1766	1784	1968	1935	7576	1681	1953	7258	8103	8447	11346	1997	902	752	1022	1255	1356	1151	1410	1304	4189	1066	1034	323	4690	1029	1299	1287	4104	5494	1153	1529	1241	3688	11208	7748	10816	6971	1608	3087	3137	2220	5741	8501	8484	9105	12132	9008	5315	2090	7406	3523	9692	2284	3269	3285	2703	2574	8165	7853	5246	2805	6963	3468	3605	2869	7444	2365	2572	32794	7310	2068	5071	2429	2463	1714	1713	1864	1787	1871	5838	1574	1319	1583	4470	1203	4872	1746	4330	1228	4324	1578	4884	1930	2458	2237	5396	4036	15281	3631	2137	2254	2416	1700	5115	2574	3744	1384	988	1037	1131	1305	4846	1032	8047	1171	878	1288	4790	3068	1190	1091	3659	1137	800	27948	1424	1465	1646	2232	5928	1328	1442	1849	2671	2486	5347	1351	18730	35962	39563	14561	3929	2226	1537	1942	1696	1581	1872	1843	2279	2138	5200	2739	5853	6593	11127	7074	10816	7341	7266	7066	5355	1853	2159	27118	22063	2131	1866	2181	1817	2078	4741	1989	2547	1792	1676	1897	1732	1769	7593	1689	1409	1508	1878	1655	4867	1895	2308	2234	2748	2603	5604	1942	2044	1710	2963	1778	7584	3025	11482	19236	16491	2533	1364	1571	5185	1595	1462	1188	1228	1516	4287	4040	4530	3575	8977	3915	3897	5491	6250	7105	3741	4516	8466	3566	1391	1347	1220	1468	4762	1572	1726	1605	1612	1777	5680	1527	1642	2162	1651	2214	3790	1879	2119	2265	2075	2353	5415	1734	2170	2039	2266	6633	8957	3153	5314	1788	6011	8030	6983	9451	1976	2404	2862	1943	5453	2034	2004	2165	5597	4959	2136	1334	7914	1488	1422	1283	1512	1535	4514	2984	1912	4858	23910	19791	20040	8699	3878	2195	1790	1881	6872	1794	1671	8656	1960	2781	1957	1862	1658	1592	4509	1569	1332	1788	5148	953	3028	3399	6085	1312	4124	1526	1276	1738	1414	2760	4205	1922	1685	2108	2446	2565	1985	2024	5693	3809	5683	2496	5714	3127	3893	2950	8516	10521	3908	2800	9536	11401	12484	11566	12729	8174	15950	14857	11502	7963	7896	6737	10094	7971	7960	10185
78	100	81	65	26	50	32	213	13	23	11	43	84	34	165	11	6	3	1	15	39	10	51	17	95	2	2	14	335	17	14	9	3	3	7	16	17	3	39	39	48	17	27	13	12	48	50	6	23	17	21	5	2	35	19	49	25	13	1	0	2	108	15	5	25	18	30	47	146	22	28	7	17	15	15	56	9	50	77	131	49	139	31	166	52	91	38	61	44	154	84	36	21	72	62	34	12	6	42	20	15	51	14	29	57	15	33	27	49	29	14	16	66	41	40	40	49	38	31	29	41	15	2	3	4	39	81	23	19	42	18	27	14	7	23	50	83	8	52	33	1	2	13	3	53	14	0	57	15	3	38	6	1	8	36	48	5	25	15	1	10	66	15	27	39	28	59	49	62	33	59	82	99	34	119	60	94	52	76	122	43	13	67	24	18	38	19	2	105	26	57	61	92	35	40	29	40	16	4	26	59	14	46	42	13	3	1	53	81	3	22	69	67	300	41	10	49	17	47	23	3	2	37	34	48	53	32	53	14	31	63	4	2	15	30	71	134	4	17	26	83	22	18	24	38	32	71	40	8	4	107	8	19	31	55	38	23	96	10	5	51	27	20	5	75	38	67	54	293	58	10	13	4	149	26	78	18	23	54	83	65	39	2	9	52	2	51	35	55	21	30	55	26	125	97	183	31	43	115	12	32	19	30	23	76	13	31	2	3	35	151	13	31	129	17	70	175	34	26	40	63	130	3	50	74	4	31	35	5	4	13	14	3	22	4	19	6	3	42	7	16	12	42	13	6	1	51	5	6	11	14	4	39	26	59	1	52	35	13	18	33	35	3	44	14	11	60	92	31	16	48	4	23	83	23	359	129	74	99	41	178	58	37	32	17	33	10	47	18	26	18	10	8	9	42	34	188	15	4	7	1	94	4	23	82	7	32	25	62	41	14	27	26	33	13	51	4	22	27	8	11	7	9	73	25	25	21	17	3	52	3	31	15	33	25	16	97	39	32	107	41	1	5	3	7	15	11	20	36	21	4	39	4	6	227	12	12	47	44	52	83	62	1	18	29	9	73	44	33	38	17	1	42	57	6	26	21	74	47	14	11	18	26	5	28	27	18	13	23	4	1	7	6	65	19	54	24	0	2	2	71	2	14	4	24	35	30	53	141	40	76	55	39	93	67	63	16	14	5	3	1	28	7	130	6	27	3	5	12	2	2	32	7	4	11	87	25	1	11	40	5	10	5	7	13	32	16	10	29	28	23	34	449	24	59	136	4	206	51	10	27	3	17	4	36	1	40	1	26	29	44	46	101	57	149	103	176	39	27	0	5	42	65	86	23	85	65	17	84	18	17	76	14	2	28	21	24	5	3	16	19	28	29	35	86	13	17	21	7	16	26	27	19	15	31	54	73	10	56	7	33	4	3	27	18	5	35	16	16	37	61	4	5	28	50	26	1	1	38	15	54	51	58	64	52	19	3	98	4	276	40	61	38	89	4	226	38	18	45	301	279	139	149	308	155	44	4	122	32	24	3	147
144	32	0	2	11	1	2	3	1	7	0	1	1	0	2	1	0	1	0	0	0	1	1	0	0	1	2	1	3	0	1	121	4167	5241	4189	4571	3943	3034	13	2	2	1	0	10	0	0	0	0	0	1	1	0	2	0	0	0	2	0	0	0	96	127	101	1	0	38	1	13	6	7	22	25	101	61	16	0	17	0	1	2	1	2	231	12	27	15	21	62	320	306	3	3	3	4	1	2	0	0	9	3	0	37	13	9	54	60	0	0	2	0	2	0	1	14	40	42	0	29	32	52	12	0	13	108	253	4150	2387	3718	4436	4781	5218	4710	4797	4825	4722	4939	1463	1	0	1	0	0	1	1	1	0	1	2	0	0	0	1	0	1	0	0	0	0	1	60	1144	3798	2449	3431	5043	2330	19	90	15	36	28	2	73	0	0	99	262	1	1	0	1	97	9	9	36	46	30	36	23	0	1	109	13	0	68	1	6022	3565	2232	1	0	1	0	0	1	18	80	22	58	36	30	20	125	176	59	57	46	31	51	18	0	0	0	51	2847	2781	2956	3592	1158	0	0	0	0	0	0	0	0	205	0	0	1	0	0	0	0	0	0	37	0	0	0	0	1	0	0	0	168	99	14	0	139	317	246	0	16	0	404	24	1	142	74	404	64	22	99	16	438	4	2083	85	24	440	41	40	1	504	304	1	0	13	43	74	38	337	48	31	20	59	59	49	60	362	49	51	29	102	100	90	130	79	118	165	118	67	37	66	101	75	104	81	4040	4537	4864	4474	4936	4886	4537	4130	4536	4615	521	53	65	61	112	77	45	43	44	72	34	77	40	81	65	59	67	52	0	0	0	1	1	1	4	1	206	1	34	69	7	6	30	48	44	298	14	1	0	23	7	6	1	12	46	1	459	1	13	3	35	394	1	1	3	12	397	49	12	5	17	7	4	0	345	3817	1308	2	1	1	1	1	1	0	0	0	0	1	1	48	1	1	1	2	0	60	0	0	1	0	0	0	1	0	1	0	1	0	0	0	0	0	1	0	0	0	0	0	0	0	0	0	1	0	0	0	1	0	0	0	0	0	0	0	0	0	0	0	0	0	0	0	0	0	0	0	0	0	0	0	377	3	282	1	889	0	0	1	0	0	0	0	0	0	0	0	0	0	0	0	0	0	0	12	18	0	0	0	0	0	1	60	50	22	0	0	0	2	9	24	0	24	12	0	25	39	14	88	16	1	0	0	0	0	0	1	0	0	0	0	1	0	0	0	0	0	0	1	0	0	0	0	0	0	0	0	0	0	0	0	0	0	0	0	1	0	4	0	0	0	0	0	1	1	60	60	0	32	1	0	0	0	0	0	3	0	1	0	1	0	0	0	0	0	0	9	0	30	43	1	0	0	0	0	0	0	0	0	0	0	0	0	0	0	65	98	48	1	0	0	1	0	0	0	0	0	0	0	0	0	0	0	0	0	0	1	0	12	22	22	0	0	0	0	0	0	0	1	0	1	1	12	0	0	4	30	1	0	7	6	23	257	55	14	25	26	110	3	144	76	228	12	975	37	1	1	678	2561	2423	2152	2664	2961
2729	2617	2712	2930	2986	3665	2816	2758	2433	2701	2946	3000	2972	3397	3037	3322	2717	3471	3051	2934	2847	3159	3024	3169	2792	2843	3368	2928	3263	3069	2989	3027	2516	3054	3060	1941	2336	2234	1459	2841	2633	3081	2757	2960	2311	3035	2810	2680	2155	2273	2787	3239	2659	3360	3037	2715	2585	3272	3058	2777	2179	2591	2522	3087	2227	3115	2333	3212	3007	3251	2662	2833	3848	3265	3023	2709	2404	2758	2711	2926	3276	3385	2646	3012	2747	3096	3067	3103	2585	3623	3176	3666	3661	3356	2986	2186	2345	2571	2575	1968	2173	2836	2810	2916	2140	2570	2908	3038	2448	2420	3313	3105	2461	2858	3185	3590	2788	2900	3161	2939	2995	2885	2630	3639	2491	2692	2903	2623	2838	2629	2734	1835	2673	2810	2686	2822	2296	2786	2850	3007	2463	3011	3442	3012	2713	3140	3674	3403	2831	2810	2983	3569	3169	3473	3355	3061	2943	3220	3405	5523	4642	4564	4279	3088	3307	3064	2820	2666	3333	3368	3624	4019	2800	2691	2866	2363	2184	2532	2584	2255	2535	3036	2931	2454	2406	2740	3658	3888	2556	3206	3127	3104	2420	2315	2899	2134	2681	2312	2552	2530	6012	6356	7495	7129	6109	8047	7392	7268	4809	2993	3385	3442	3275	3371	3820	3637	3045	3025	3492	3330	3325	3667	3551	3059	3161	4274	4235	2916	3318	4143	3308	2817	2971	2937	3123	3245	2510	2978	3446	2674	2461	2946	3284	3221	3154	2977	3161	2519	2862	3523	3183	3529	3227	3486	3324	3620	3251	3616	3467	3444	3161	3630	3245	3394	2445	2914	3100	3337	3349	3187	2894	2727	2408	2841	1155	40	71	87	20	807	3124	3022	3333	3708	2929	3733	3649	3500	2824	3861	3780	3418	2806	3326	2608	2432	3226	3444	3292	2685	2459	2500	2426	2611	2499	2661	2358	3278	2811	3140	2776	2400	2417	2971	3079	2513	2662	2860	2850	2275	2496	2873	2425	1762	2201	2689	2505	3264	2440	2840	2989	2939	2492	3149	2696	2488	2366	2860	2885	2745	2320	1687	2352	2470	2391	3059	2846	2761	2645	2397	2755	2706	2763	3257	2490	2366	2260	2747	2509	2923	2732	2873	2694	2606	2511	2911	2381	2693	2194	2724	2882	2192	2512	2905	2966	2758	2366	3148	3543	3612	3373	3593	3647	2950	2520	3504	3443	3075	2731	2973	2196	2411	1913	3023	2719	2562	2321	2978	3195	3094	2791	3085	2473	2447	2497	2790	2930	2554	2532	2833	3300	3205	2938	3055	3421	3280	3030	3609	2892	2094	2461	2236	2011	2946	3000	3411	3861	3411	2951	3296	3512	3073	3100	3253	2873	4617	6433	3787	3448	3417	3016	3024	3597	3557	2965	3130	3387	3284	2829	3182	3162	3624	3161	3068	3244	2831	3364	4095	3885	4090	3800	4107	3792	4051	3348	2632	3061	3105	3013	3786	3553	3305	3255	3634	2966	3989	2308	3031	3400	3344	3040	3516	3590	5854	3346	3487	3366	2935	2986	3195	3399	3207	2882	3272	3540	3451	2604	2534	2984	2864	2475	3051	2984	2129	2002	2604	2620	2361	2426	2685	2734	2613	2705	2987	2432	1945	2202	3422	2755	2773	2864	2896	2771	2809	2846	3165	3267	2663	1991	2844	2772	2645	2177	2242	2874	3100	2432	2976	2675	3555	3183	3365	3360	2878	2920	3028	3009	2767	2339	2761	2859	2780	2537	3262	3351	2857	2967	3011	3277	2178	2087	3082	2442	2478	2710	2623	2407	2110	2220	3272	3292	2887	2881	3000	2511	2621	2441	3111	3223	3449	2947	3824	3773	3093	2788	3527	3677	3846	3250	3628	2983	3038	2387	3278	3702	3974	2756	3647	3388	3159	2545	3336	3762	3170	2722	3326	3236	4001	3225	3764	2989	2170	2705	3525	3145	3788	3773	3737	3558	3660	2961	3843	3848	3342	3514	2950	3350	3442	3295	3194	3200	3220	2691	2750	3129	3018	3255	3387	3160	2813	2700	3046	3116	3093	2986	3007	3404	3193	2847	3148	3212	3296	2763	3669	4239	3299	2944	3653	3092	3148	2924	3497	3458	3319	3147	3893	3385	3201	2903	2852	3028	2990
9539	10952	13061	12355	11151	11801	11245	11922	10919	9972	10783	13826	12628	11850	10663	12385	13655	14437	13918	14420	8401	6603	4505	4403	3690	4055	4742	4389	4088	4401	3434	832	2424	779	616	1183	735	846	795	802	629	686	543	664	593	429	565	568	881	579	457	1096	701	569	665	862	619	1065	590	682	527	539	688	1012	1115	899	927	1087	2203	1352	1068	1934	1497	3086	2766	2814	1729	1960	1934	1886	1526	4429	1683	1317	1192	2035	1564	2222	5915	4448	2822	2835	4068	4872	4927	5205	5374	6739	4174	1322	5360	1205	1058	921	2556	1114	712	802	1085	890	1008	1344	814	641	581	1175	1253	1159	800	784	696	423	276	458	363	281	676	580	566	346	141	573	746	168	509	310	788	357	235	715	650	266	615	954	1577	335	136	314	256	204	902	514	351	260	585	131	129	260	254	442	260	434	1358	4365	24007	11551	5581	13581	12332	12253	12298	13432	17564	12331	5976	4026	781	950	1907	2202	1425	2916	2967	2374	1726	1853	2639	2271	1902	1439	1283	933	1006	1243	1281	3544	1301	1536	402	492	955	1568	642	687	1501	2501	1489	1369	2012	1863	1414	521	2019	653	252	289	521	933	295	733	789	320	264	584	300	210	489	821	356	725	104	429	670	312	121	468	424	267	288	753	877	306	225	336	265	334	988	700	334	731	370	18919	29394	15911	10383	8611	602	702	1109	5347	3286	1228	2009	2241	3201	1410	1079	2738	1958	1195	1695	1024	1501	1673	1591	2289	2625	1537	2295	1031	2260	2015	3080	2459	2851	1996	1476	1747	3606	845	1572	5848	8659	2699	1277	2038	1007	704	277	2129	4619	1162	3134	3012	950	632	739	576	570	446	1758	2027	910	434	526	455	429	307	737	939	549	585	305	712	702	766	669	752	277	188	253	348	101	164	185	488	180	197	168	806	262	179	71	419	200	346	664	7779	14721	12335	4031	4437	7523	7991	1291	1257	3964	1566	780	1339	620	1319	1818	2644	2769	2829	1737	3312	1395	2962	2274	2792	2536	1344	1299	2297	2169	2917	2666	2406	1836	1955	4002	2699	1848	2868	3260	17554	15932	12291	20143	17493	19672	19846	11901	761	1842	546	406	689	693	369	564	412	234	1066	309	469	507	612	1037	391	441	5304	520	793	5531	9951	5533	4072	504	289	306	620	161	929	833	327	755	233	220	412	923	598	200	187	619	313	223	367	256	898	151	1037	369	184	204	279	476	267	565	457	182	188	310	320	329	357	391	954	511	610	463	298	536	366	811	2065	1821	1780	1309	298	2753	3253	1385	287	314	248	314	607	645	360	310	14635	4546	176	350	541	656	395	267	197	403	296	443	464	791	270	197	157	179	160	159	198	185	250	146	231	195	6845	1696	1778	1025	178	535	576	424	111	218	6209	2491	272	1178	402	163	83	100	392	608	124	95	140	178	123	151	276	77	413	168	10489	7243	108	74	248	107	147	243	564	421	189	99	277	101	173	219	188	147	274	159	244	174	232	1099	247	533	807	539	484	763	750	877	575	603	644	299	725	369	878	540	8209	407	333	696	906	772	1541	492	654	665	549	272	155	370	239	241	663	1374	888	1033	1023	990	719	879	666	1951	10884	618	873	3566	8566	6739	599	609	952	481	449	214	259	683	3470	259	272	258	614	1219	860	515	491	576	307	384	826	274	723	310	6984	423	856	411	1476	375	1564	1791	1282	1906	963	1892	946	1542	2344	862	2976	2342	1267	10025	11626	7306	1740	1904	1406	10865	2889	1681	1932	1143	2167	2257	1216	1140	1295	1507	1730
26	50	67	41	25	16	31	28	8	362	1	2	14	1	1	4	1	7	13	3	1	6	12	1	1	2	15	0	3	2	0	1	1	0	1	0	0	1	1	1	19	1	1	20	13	2	0	16	1	0	0	0	22	12	0	4	6	0	0	0	1	0	37	0	0	1	3	206	616	604	519	423	473	154	244	374	427	266	168	151	160	12	131	281	463	242	133	271	344	144	109	81	29	62	38	66	88	63	45	65	140	83	72	106	254	196	137	222	119	125	116	118	104	141	306	91	13	48	18	9	8	1	0	0	0	2	10	11	1	0	56	7	15	15	4	0	1	0	4	46	0	0	0	51	0	1	0	8	13	1	12	2	1	1	1	25	0	12	0	12	0	14	1	1	83	31	87	1	20	73	39	10	1	4	26	91	42	18	6	94	281	20	45	38	31	55	28	61	67	13	4	15	55	52	50	8	56	17	20	20	16	13	15	102	101	52	59	6	47	217	1	0	1	122	14	1	26	1	3	14	1	23	26	118	63	76	72	98	35	55	16	0	1	0	1	35	0	2	2	44	0	1	0	0	12	0	12	6	1	0	13	10	14	12	1	0	2	276	0	85	81	49	95	40	51	12	48	17	40	25	21	44	7	32	8	29	86	43	3	27	29	131	194	38	5	33	51	26	3	25	21	39	17	177	2	19	45	15	0	72	2	5	11	6	3	0	1	19	83	71	39	2	12	23	3	1	2	2	1	0	0	2	5	1	0	23	0	1	1	3	26	36	1	0	2	18	2	0	0	2	2	12	13	21	0	1	1	0	0	2	5	1	1	12	0	37	1	15	0	27	36	18	61	44	2	50	71	384	55	59	80	169	104	96	150	44	26	55	15	62	98	62	126	94	61	31	93	44	18	20	68	57	12	13	1	14	38	15	40	26	5	0	13	13	2	1	3	2	12	0	1	0	1	0	2	0	0	0	1	2	1	1	1	0	0	12	2	88	2	18	22	157	48	13	12	15	11	2	0	69	3	1	0	0	1	0	36	1	12	1	110	12	1	1	3	1	25	0	12	1	13	1	1	38	1	14	0	264	37	8	0	1	0	3	15	73	0	1	1	122	3	0	0	4	1	13	61	177	2	0	6	11	0	19	1	1	1	0	0	74	0	14	0	0	0	0	275	3	0	0	0	0	2	0	0	0	0	0	0	0	0	0	0	10	1	0	0	12	2	0	0	0	0	0	0	56	7	0	0	0	0	0	0	0	0	1	0	0	0	0	0	1	1	0	0	0	0	0	2	2	24	3	11	0	1	2	0	0	0	1	0	3	0	13	0	0	2	13	0	22	0	0	0	0	0	0	1	1	0	0	0	0	0	3	0	2	0	3	0	1	1	0	13	0	1	1	1	3	8	1	1	0	2	0	1	0	0	1	0	25	1	3	1	26	2	0	0	1	0	1	1	61	19	0	0	2	0	1	0	0	1	0	12	13	1	0	1	1	2	18	144	24	9	13	13	9	75	2	504	251	144	20	1	8	78	41	41	308	86	2	17	16
0	0	0	0	0	0	0	0	0	0	0	0	0	0	0	0	0	0	0	0	0	0	0	0	0	0	0	0	0	0	0	0	0	0	0	0	0	0	0	0	0	0	0	0	0	0	0	0	0	0	0	0	0	0	0	0	0	0	0	0	0	0	0	0	0	0	0	0	0	0	0	0	0	0	0	0	0	0	0	0	0	0	0	0	0	0	0	0	0	0	0	0	0	0	0	0	0	0	0	0	0	0	0	0	0	0	0	0	0	0	0	0	0	0	0	0	0	0	0	0	0	0	0	0	0	0	0	0	0	0	0	0	0	0	0	0	0	0	0	0	0	0	0	0	0	0	0	0	0	0	0	0	0	0	0	0	0	0	0	0	0	0	0	0	0	0	0	0	0	0	0	0	0	0	0	0	0	0	0	0	0	0	0	0	0	0	0	0	0	0	0	0	0	0	0	0	0	0	0	0	0	0	0	0	0	0	0	0	0	0	0	0	0	0	0	0	0	0	0	0	0	0	0	0	0	0	0	0	0	0	0	0	0	0	0	0	0	0	0	0	0	0	0	0	0	0	0	0	0	0	0	0	0	0	0	0	0	0	0	0	0	0	0	0	0	0	0	0	0	0	0	0	0	0	0	0	0	0	0	0	0	0	0	0	0	0	0	0	0	0	0	0	0	0	0	0	0	0	0	0	0	0	0	0	0	0	0	0	0	0	0	0	0	0	0	0	0	0	0	0	0	0	0	0	0	0	0	0	0	0	0	0	0	0	0	0	0	0	0	0	0	0	0	0	0	0	0	0	0	0	0	0	0	0	0	0	0	0	0	0	0	0	0	0	0	0	0	0	0	0	0	0	0	0	0	0	0	0	0	0	0	0	0	0	0	0	0	0	0	0	0	0	0	0	0	0	0	0	0	0	0	0	0	0	0	0	0	0	0	0	0	0	0	0	0	0	0	0	0	0	0	0	0	0	0	0	0	0	0	0	0	0	0	0	0	0	0	0	0	0	0	0	0	0	0	0	0	0	0	0	0	0	0	0	0	0	0	0	0	0	0	0	0	0	0	0	0	0	0	0	0	0	0	0	0	0	0	0	0	0	0	0	0	0	0	0	0	0	0	0	0	0	0	0	0	0	0	0	0	0	0	0	0	0	0	0	0	0	0	0	0	0	0	0	0	0	0	0	0	0	0	0	0	0	0	0	0	0	0	0	0	0	0	0	0	0	0	0	0	0	0	0	0	0	0	0	0	0	0	0	0	0	0	0	0	0	0	0	0	0	0	0	0	0	0	0	0	0	0	0	0	0	0	0	0	0	0	0	0	0	0	0	0	0	0	0	0	0	0	0	0	0	0	0	0	0	0	0	0	0	0	0	0	0	0	0	0	0	0	0	0	0	0	0	0	0	0	0	0	0	0	0	0	0	0	0	0	0	0	0	0	0	0	0	0	0	0	0	0	0	0	0	0	0	0	0	0	0	0	0	0	0	0	0	0	0	0	0	0	0	0	0	0	0	0	0	0	0	0	0	0	0
12	59	9	22	1	24	1	10	130	144	61	74	22	0	2	96	26	71	53	58	61	20	24	86	48	36	25	94	7	1	18	68	3	0	0	49	4	1	0	204	1	9	0	81	35	28	14	41	9	3	0	0	0	3	1	125	1	0	31	20	30	4	1	7	13	16	22	113	161	19	4	5	39	59	22	40	77	33	13	7	7	14	47	6	4	27	1127	25	63	4	28	41	137	3	256	232	782	141	223	115	87	43	28	49	2	86	27	53	13	1	100	110	131	277	250	75	45	17	6	87	17	2	5	13	1	0	0	49	2	4	7	88	2	1	1	13	2	2	3	123	14	3	0	0	0	3	0	0	0	4	18	27	1	3	2	1	2	6	3	20	8	3	4	2654	12484	14783	12056	49	46	1649	87	112	67	27	27	52	51	39	50	1	1395	25	62	2	12	1	25	216	15	17	11	16	4	28	106	4174	15428	15626	15173	13728	14432	14662	15686	14962	15821	14736	15066	14144	15503	16017	15741	15595	15410	16416	15640	15764	15028	15705	15405	3210	378	179	297	205	12	0	0	25	2	0	1	60	1	8	4	41	2	1	14	4	1	243	1	5	1	0	1	93	0	16	144	635	1	7	7	3	20	12	3	7	2293	1	50	25	37	2	43	667	10	5	52	52	10	29	4	11	19	25	37	41	15	26	22	8	1	21	40	3	25	3	15	472	92	131	94	49	14	1	8	117	56	79	101	163	0	67	73	168	79	40	16	1104	12	24	14	357	1535	0	1	61	2	0	46	128	6	0	12	133	0	1	0	84	1	0	3	0	2	1	1	0	2	0	13	73	2	0	16	3155	14890	9481	12	1	4	3	16	1807	8	2	17	26	11	16	483	229	293	442	332	147	229	76	274	339	164	158	382	515	359	252	297	318	167	109	178	107	9	14	202	211	220	103	39	132	0	2	3	2209	8570	7075	2404	25	1	1	1	60	1	9	3	105	27	25	13	762	122	59	75	134	0	0	1	565	3983	0	0	72	14	57	14	26	1	1	6	0	0	2	0	693	3218	36	1	50	2	6	3	1	0	3	2	1	6	0	1	73	10	19	2	22	33	32	0	12	2	2	1	2	2	3	12	34	24	20	0	2	2	36	24	2	1	0	2	1	1	16	13	3985	16331	15976	8184	24	26	51	191	516	299	33	20	72	12	0	4	61	2	14	2	26	0	0	0	24	0	2	0	235	157	0	3	87	0	0	1	73	1	1	12	84	0	1	14	1	1	0	1	13	0	0	0	96	1	24	4	517	2	4	13	1	5	15	6	1	0	11	0	11	1	1	4	11	0	1	5	3	1	0	4	12	2	0	4	1	3	1	0	2	3	13	2	2	1	1	2	322	1	0	1	6	1	2	14	121	0	1	3	50	0	3	1	86	3	0	1	38	12	29	31	73	26	12	36	86	25	48	5	75	3	0	0	89	4	2	0	72	1	13	1	1	13	12	1	1	895	0	0	48	1	0	3	516	14	1	25	8	3	16	1665	1886	1969	2094	1897	1982	667	152	799	26	3	42	42	43	42	8	78	33	50	11	1551	16	67	27	22	114	17	118	34	20
679	601	1074	838	649	608	308	586	655	633	822	428	246	383	339	476	453	299	215	370	368	253	354	154	292	271	157	104	220	277	218	675	592	106	118	197	134	249	236	89	367	244	343	296	164	144	137	128	270	113	67	99	212	48	72	168	109	132	79	226	167	219	49	162	148	109	208	259	343	684	384	393	239	1571	445	377	460	364	436	320	461	321	566	365	540	564	481	582	477	249	293	429	530	513	267	492	370	171	332	282	369	637	808	573	262	37	187	128	74	162	212	202	293	173	83	327	90	170	174	183	121	192	141	107	159	148	56	403	273	298	277	316	353	284	314	291	406	689	475	163	86	60	69	120	170	80	28	31	21	23	11	18	19	28	54	53	95	177	136	143	134	147	432	463	355	374	192	388	369	663	409	549	702	539	534	479	239	84	395	322	419	251	363	369	386	363	208	207	470	361	491	451	357	1013	222	217	294	116	77	103	141	85	87	83	145	56	72	236	82	35	55	114	259	184	106	161	99	164	54	70	66	148	61	281	48	174	60	76	75	46	82	274	197	527	355	38	69	48	105	47	27	33	96	44	47	57	59	93	94	36	70	34	60	16	16	53	92	129	124	122	226	601	1591	2147	2241	2316	2277	2086	2154	561	543	430	208	134	146	636	281	118	500	340	367	255	218	371	280	192	244	281	220	300	226	264	239	163	263	445	143	150	111	119	87	208	49	87	161	179	206	184	123	111	126	78	61	209	168	552	195	53	111	320	141	114	60	166	53	77	168	58	162	592	394	18	28	10	40	15	23	47	45	27	101	54	18	47	30	60	28	46	102	43	46	35	317	480	147	194	198	205	344	181	185	1339	1522	1122	1549	1504	1711	1509	1742	1526	481	480	421	674	407	435	326	689	647	604	443	397	439	349	255	190	186	217	196	114	322	171	171	209	219	258	134	120	423	117	98	106	119	72	143	96	84	116	106	73	67	85	34	188	81	417	81	131	55	114	110	162	63	132	244	500	453	96	34	44	22	29	11	28	11	20	56	97	63	639	1361	1097	1294	937	861	8	15	95	82	27	20	76	13	46	31	62	85	17	263	11	31	25	113	114	202	59	14	94	352	314	1667	1356	904	1087	1276	1152	1154	1249	1386	1286	437	164	77	21	102	44	71	36	42	47	156	33	68	38	30	60	30	16	9	57	123	74	192	93	111	52	27	21	19	141	36	158	51	18	39	88	1252	1878	1773	2131	1890	1843	270	45	65	54	36	48	30	32	22	26	52	36	19	48	63	10	75	39	63	50	12	19	33	131	41	97	473	478	1617	1008	91	34	38	107	110	196	77	100	100	96	124	86	97	67	30	57	32	78	33	39	63	76	20	30	22	50	80	19	79	50	97	10	48	27	27	60	84	86	51	49	116	38	62	115	30	8	56	48	3584	41	38	20	58	32	50	153	24	40	85	26	22	19	24	22	109	232	265	178	11	43	24	21	43	31	10	45	48	4	42	5	19	46	12	27	14	34	22	88	100	83	142	242	74	1590	162	144	246	184	142	802	272	457	809	467	184	230	306	343	252	251	293	100	508	746	259	446	477	545	542	499
176	81	203	244	37	124	107	113	207	36	100	99	38	67	201	681	554	486	589	580	519	567	735	206	71	80	70	213	60	15	122	81	90	27	96	191	61	21	70	177	87	4	41	135	45	75	27	46	55	64	67	31	45	20	3	4	14	53	18	61	124	59	50	142	51	93	95	61	60	111	85	58	233	155	193	223	46	93	115	130	95	156	169	150	249	286	294	348	366	406	205	89	116	260	376	151	102	133	157	890	129	208	118	174	394	243	204	276	337	192	380	382	243	355	361	285	529	265	231	284	230	44	85	7	16	64	17	16	39	51	44	35	29	72	80	58	27	204	107	55	9	1	70	12	3	16	44	7	2	3	16	25	3	6	21	38	16	4	148	121	65	154	138	339	270	85	544	387	40	168	102	47	30	73	62	337	436	397	436	376	283	517	2201	2372	1959	122	133	79	83	53	100	88	238	215	1960	1794	248	390	428	199	137	150	57	67	66	82	81	114	219	73	191	97	277	135	435	29	43	222	60	65	29	901	818	800	826	382	73	64	74	82	87	259	76	17	32	44	21	16	41	9	17	5	8	9	26	3	18	26	17	16	135	117	90	67	83	44	67	95	177	675	692	451	433	743	748	121	65	495	254	122	129	105	106	239	1121	1136	996	663	783	984	1042	976	959	1039	484	122	91	129	235	118	574	668	125	57	138	69	56	85	134	345	405	515	410	424	532	352	399	526	262	474	438	456	345	507	128	11	19	11	45	27	75	87	97	77	190	81	87	128	155	80	96	128	103	99	73	100	42	6	9	318	79	9	78	121	10	20	45	2	41	41	24	72	34	96	67	25	67	53	269	361	238	670	149	225	283	1016	1632	709	423	438	316	484	299	264	296	411	422	396	251	278	302	341	313	275	111	94	115	100	275	98	94	85	164	67	95	61	64	72	67	38	16	12	58	71	113	136	230	141	15	29	37	24	66	51	105	49	39	103	110	111	125	111	120	148	159	275	90	151	151	38	50	38	59	22	14	58	27	43	42	61	71	32	41	38	52	30	22	10	8	109	62	14	19	31	20	6	66	165	124	109	27	4	6	13	10	14	20	38	7	41	55	9	161	6	29	59	94	342	114	17	379	63	205	102	28	28	7	74	79	3	18	31	32	24	58	55	24	25	49	51	50	57	74	84	95	41	73	4	3	26	4	36	54	107	133	105	79	47	97	111	109	121	18	5	17	7	4	43	64	21	35	24	32	26	27	24	14	22	20	9	9	7	4	19	76	188	132	136	207	103	101	92	138	142	128	171	124	96	132	149	288	204	125	106	152	181	179	104	15	28	22	87	47	29	21	10	39	78	48	48	52	65	38	122	40	46	82	17	82	65	92	49	45	68	53	58	42	25	6	5	18	16	85	20	15	9	6	42	77	29	81	85	71	73	66	98	101	31	7	6	7	7	9	9	14	10	9	21	9	2	4	2	0	3	3	2	12	15	3	75	134	251	110	114	107	259	64	53	489	802	381	3746	5473	8073	7820	7742	2080	2954	2906	768	111	294	4097	4788	5698	5212	4377	282	260	87	61	75
176	138	54	53	52	18	61	7	13	2	5	51	30	2	26	1	1	12	3	1	0	12	1	0	1	36	0	504	132	0	1	0	0	1	12	1	0	1	0	0	8	24	25	13	11	0	1	179	0	265	33	14	0	158	24	1724	6253	6283	3385	2	0	0	0	1197	227	273	12	80	39	84	96	97	19	188	37	924	169	12	276	55	25	106	14	1	206	1152	492	349	253	14	696	296	70	260	84	49	104	3278	74	2	14	310	2518	405	3	2	6	72	25	13	47	14	12	24	133	13	2	16	25	0	12	0	1	0	139	0	17	1	25	36	0	0	1	0	0	1	0	139	116	24	0	0	0	13	276	0	1	3	10	82	12	1	1	0	0	0	1	21	0	69	0	13	24	72	216	3	125	266	1	229	886	2	759	117	216	41	60	138	348	819	258	43	136	51	120	1563	180	102	361	59	2614	225	37	160	25	14	41	1	36	6	16	264	281	5	53	18	24	12	2	2	1	2	13	7	0	0	0	0	0	0	1168	2	0	24	108	37	0	0	0	0	72	1	0	25	160	1611	713	0	2	171	336	252	1	3	276	179	0	36	11	60	166	0	0	0	12	157	1	24	60	92	24	486	189	299	122	33	672	277	62	624	253	62	2	276	103	121	37	275	26	25	142	106	88	133	305	48	1712	526	41	205	33	3	15	5	3	12	17	25	1	25	54	0	1	13	0	0	24	0	36	36	2	2	20	1	121	1	61	0	0	0	0	0	1	12	12	0	12	13	13	15	95	37	1802	826	4	0	377	12	36	25	11	85	1	1	1	24	0	0	0	0	2	35	1	9	13	44	47	25	241	359	65	85	174	1658	27	178	93	75	52	4	39	37	273	15	65	211	73	123	49	109	451	73	67	68	67	65	85	23	98	158	60	71	4	10	5	1	6	2	16	1	0	0	1	0	0	0	0	11	12	13	1	0	302	0	0	1	13	14	12	60	5	12	39	12	0	13	115	3216	1	0	12	24	1548	348	1	1	0	3486	12	11	1	0	37	0	0	1	0	1	0	0	0	36	1	0	0	1	0	0	12	0	0	1	12	1	0	0	1	0	0	0	2	13	0	0	0	10	0	60	0	0	0	13	0	0	1	216	24	0	1	0	0	0	0	0	0	1	1	1	0	0	0	0	0	1	0	0	0	0	7581	0	1	0	1	1	91	1	1	0	24	0	0	145	12	2	1	0	0	14	253	0	0	433	48	84	1	13	34	0	12	11	0	0	0	0	0	0	0	0	0	1	0	0	2	0	0	0	0	12	12	24	1	37	243	0	23	0	0	0	42	81	13	1	3	75	4	50	2	2	2	3	0	0	1	0	0	36	0	0	0	12	1	48	0	2	0	1	1	0	0	0	25	0	0	5	10	0	3	23	0	36	37	1	0	1	85	1	0	0	152	2899	409	1	0	13	1	276	1	0	0	3200	0	25	1	0	0	2	0	60	9	0	12	26	499	132	50	69	102	0	205	116	79	123	128	7302	4980	816	26	4	59	108	1091	36	150	37	115	12	157	45	36	75	51	183
299	232	2504	1721	366	4669	46345	57595	54611	52701	60220	63674	65226	63480	71223	68644	35966	3420	163	335	217	95	150	138	182	240	177	116	3988	786	116	184	227	129	104	85	59	174	129	91	217	108	196	60	90	30	103	617	126	167	138	89	56	138	109	102	139	132	179	208	119	52	73	431	295	103	148	253	189	206	286	23457	17636	219	4748	4375	228	223	1688	143	148	474	247	175	188	162	176	663	5217	721	809	730	182	187	84	270	96	241	482	381	403	165	13	110	59	169	161	155	157	93	77	98	149	48	53	27	108	141	69	148	102	97	84	149	117	73	117	19	5	52	64	201	78	57	88	113	131	35	46	75	87	34	73	36	61	34	14	117	52	56	92	184	93	1932	20	176	128	125	52	83	195	194	96	161	162	139	235	171	184	105	103	194	413	112	265	141	262	245	271	304	244	23306	32977	8187	38501	3552	260	145	93	558	18179	291	116	555	173	2378	3424	417	192	303	230	163	213	237	248	304	175	285	148	51	58	197	108	61	102	46	84	217	237	58	67	76	96	75	65	88	41	55	72	43	167	197	56	18	24	53	34	43	34	333	319	57	149	69	38	70	50	138	127	218	53	211	59	7	104	54	67	199	104	175	318	122	228	96	333	7639	3596	188	1921	1174	117	168	4630	5108	357	152	1259	2647	1215	4101	6984	471	410	3195	19544	2836	1095	157	830	445	269	42	73936	1962	1645	5546	6053	6120	9634	18051	22911	1815	1222	1866	255	213	163	219	268	81	23	131	46	423	117	89	146	91	68	64	101	51	22	58	51	111	74	117	91	27	58	70	23	31	49	717	63	123	2548	121	2382	2956	73	44	83	360	267	141	97	150	259	194	157	192	345	5369	242	213	298	247	236	114	714	2370	531	4337	830	1804	1068	162	128	892	601	114	841	9829	17851	23959	25565	10486	29890	45696	37335	11325	18127	50001	14497	25641	2967	2366	333	2401	376	497	430	214	242	97	248	98	167	3885	1928	106	138	348	985	42	43	56	21	89	181	222	281	14	86	68	145	111	74	102	2498	3486	425	31	125	61	118	211	191	95	143	112	63	144	156	30	105	96	182	1552	97	193	35	74	85	121	134	189	66	35	34	101	148	144	125	103	305	177	70	4895	5750	3989	3164	6462	1258	35	1467	173	155	110	115	32	40	85	40	46	28	211	34	35	36	243	170	6206	6347	1335	216	128	249	322	366	255	256	131	597	967	855	1082	878	90	66	21	11	10	4	1	43	53	52	93	20	114	56	40	86	41	67	22	19	196	57	61	155	237	50	11	240	92	157	87	186	133	142	922	9	64	46	56	52	26	27	34	61	33	17	17	14	30	86	20	8	45	68	35	196	93	67	31	225	96	65	39	77	89	17	51	54	84	58	95	71	79	146	1801	49	37	123	147	40	59	67	51	15	172	105	144	137	50	23	20	89	91	170	359	46	37	114	6142	30	46	203	44	80	88	175	76	4034	42	99	1855	99	137	14	47	46	53	7	31	38	41	43	21	45	34	10	26	32	24	23	41	30	1412	32	51	37	44	154	745	94	203	75	79	56	393	6885	682	160	950	8425	3327	946	1140	6351	4011	1466	1067	8046	7048	1941	1070	5453	5269	928	932	1234	1470	3586	1558	6714	5496
433	622	399	286	357	325	511	322	138	164	156	593	910	457	802	10770	9131	244	11139	9508	256	281	335	419	411	355	380	458	1251	194	1866	1336	448	322	449	988	117	553	229	132	400	203	102	285	100	102	112	188	566	3096	464	590	532	214	71	139	91	135	2529	10689	133	65	352	175	1471	5185	5992	6225	118	448	1520	1070	440	4786	2205	4216	5276	2410	600	246	464	493	2507	793	1141	926	1654	1607	1216	1246	1296	1386	1169	1388	814	731	646	2006	1951	733	622	303	533	877	2922	3570	3760	3499	3140	3301	11469	7137	10606	838	575	1041	3508	12964	2321	803	553	421	423	434	443	549	226	184	313	863	510	456	408	355	470	1174	647	286	149	201	106	30	232	193	209	108	86	127	152	180	56	159	210	178	62	121	93	562	155	227	282	875	581	1202	2820	355	280	3247	3044	524	388	2287	568	574	615	315	421	651	1936	657	1223	1382	3039	2498	3373	981	1663	1816	1645	1436	616	839	561	595	554	4054	8793	469	6975	4897	5338	2402	686	558	466	476	553	894	1108	9492	6406	1992	532	567	798	895	828	626	703	976	579	527	586	631	480	498	647	747	522	436	616	503	709	603	346	496	141	125	193	115	231	131	216	81	396	242	135	151	121	104	183	201	171	115	96	143	166	194	126	702	3222	899	912	913	1274	1796	3300	3453	2335	793	324	402	383	354	478	232	504	312	536	417	557	667	302	143	159	279	487	876	344	186	1143	3295	1344	1590	1604	1686	1506	1897	866	193	103	80	126	178	111	3495	4360	594	414	376	515	582	228	176	99	139	259	177	246	731	318	445	540	233	437	433	459	635	687	753	304	439	2093	271	239	277	337	177	97	153	225	219	250	215	187	131	129	9890	10439	10123	3023	235	201	272	213	376	268	322	319	1803	230	292	199	428	254	1089	174	182	458	848	340	491	1206	570	2669	4971	5756	936	332	338	571	157	539	395	266	491	587	861	730	1747	1600	1159	169	167	123	64	10115	3921	99	94	151	158	120	165	141	127	85	128	100	139	271	293	137	70	50	60	72	135	112	330	81	139	40	131	113	86	23	52	70	51	77	59	72	68	55	61	50	75	62	58	115	60	75	76	79	45	69	95	83	114	78	59	81	50	89	144	95	105	122	488	98	8579	4290	61	116	330	2270	5142	139	98	135	245	808	963	104	129	164	104	257	178	174	177	455	343	443	170	137	368	191	118	116	162	263	114	133	264	166	1221	287	154	160	202	2	115	4	5	22	86	437	329	354	9509	10032	271	147	245	248	257	212	140	58	60	89	418	51	1510	75	226	229	203	220	210	298	286	216	74	31	98	51	54	79	50	66	64	41	103	41	48	32	33	663	28	66	116	100	441	102	136	131	127	446	100	82	158	110	74	112	50	70	77	19	631	86	68	169	338	239	186	142	167	67	75	90	181	94	35	70	47	73	46	62	11066	2602	66	144	1175	687	114	142	2226	96	67	82	204	93	75	130	108	149	83	113	420	211	63	66	63	66	144	97	164	114	63	45	64	97	66	54	66	58	111	62	19	239	487	863	1416	4210	9967	108	231	114	446	720	316	214	121	79	998	288	298	176	1064	532	410	460	335	1056	6780	9409	5274	1651	617	215	384	594	376	395	538	775	533	446	366
224	133	111	239	269	295	135	166	157	93	133	115	103	48	84	93	67	77	20	112	53	59	83	161	39	30	55	60	199	127	114	44	5	96	30	120	51	53	56	204	6	72	18	10	50	86	64	79	92	67	27	18	54	17	5	22	17	8	7	49	37	66	64	12	56	187	36	55	190	151	95	243	269	1698	947	683	704	377	509	520	737	730	330	282	481	692	864	890	1116	1550	1251	825	771	655	694	902	1230	1002	1049	607	1813	592	467	521	424	450	241	169	148	120	65	80	252	496	289	628	150	687	763	496	453	553	421	475	310	2583	492	637	222	238	297	304	361	652	1623	753	268	255	217	354	491	156	173	251	552	4829	4637	2217	96	66	6	21	76	54	14	9	2	12	41	267	106	40	80	325	166	179	144	200	130	116	158	259	141	155	127	160	118	172	126	454	243	157	290	180	263	126	172	74	70	184	107	130	132	402	622	278	192	69	56	138	228	102	54	25	23	13	23	63	74	46	93	170	28	41	26	47	15	43	23	42	41	18	7	215	179	10	10	26	204	30	41	80	39	27	82	24	11	12	23	8	75	23	22	5	7	27	9	26	6	93	5	23	18	22	23	33	73	106	118	114	336	153	4835	2586	975	1100	1411	1170	918	633	712	988	963	949	678	264	294	437	401	622	564	1153	747	605	746	497	335	630	443	174	363	760	690	908	1087	603	499	307	179	338	296	503	371	513	404	340	361	216	192	528	407	192	634	433	180	380	253	176	331	303	269	264	299	390	359	265	232	302	281	209	324	472	209	260	465	721	300	496	308	434	210	425	1309	556	438	312	207	157	24	11	26	181	80	90	107	995	106	167	161	573	486	483	378	972	169	1797	207	92	313	108	159	140	132	243	259	129	139	179	131	110	133	156	70	110	40	85	112	109	146	38	43	205	76	145	50	68	281	256	217	114	102	84	119	26	83	89	87	18	51	82	61	107	86	67	14	300	17	5	69	35	103	16	30	89	277	333	133	17	58	100	64	26	10	15	61	31	7	21	129	95	33	29	22	15	29	6	119	71	102	14	38	33	125	107	139	165	58	30	104	80	52	134	97	99	136	71	34	15	108	166	36	68	43	166	46	40	168	91	63	49	30	63	37	112	16	39	326	95	109	66	76	49	7	5	32	7	49	11	5	8	70	39	0	1	4	12	1	2	229	227	114	11	78	92	68	106	132	107	60	86	58	83	108	27	636	14	8	6	7	23	17	80	8	6	13	11	11	17	9	10	8	8	18	10	7	6	17	8	17	13	7	21	8	15	15	84	212	32	26	96	14	11	30	14	1027	285	102	80	46	132	150	97	40	54	80	61	55	47	60	60	13	41	168	52	72	59	36	73	28	38	33	49	206	118	64	127	53	82	30	49	71	72	81	79	25	62	130	77	106	92	68	78	102	85	49	103	97	75	128	68	56	4	12	497	38	27	12	14	5	31	28	18	101	2	4	6	6	12	14	11	67	29	259	91	114	107	362	187	171	185	111	145	182	69	407	487	430	74	112	48	101	98	78	373	2834	417	258	3142	1169	95	199	437
0	0	0	0	0	0	0	0	0	0	0	0	0	0	0	0	0	0	0	0	0	0	0	0	0	0	0	0	0	0	0	0	0	0	0	0	0	0	0	0	0	0	0	0	0	0	0	0	0	0	0	0	0	0	0	0	0	0	0	0	0	0	0	0	0	0	0	0	0	0	0	0	0	0	0	0	0	0	0	0	0	0	0	0	0	0	0	0	0	0	0	0	0	0	0	0	0	0	0	0	0	0	0	0	0	0	0	0	0	0	0	0	0	0	0	0	0	0	0	0	0	0	0	0	0	0	0	0	0	0	0	0	0	0	0	0	0	0	0	0	0	0	0	0	0	0	0	0	0	0	0	0	0	0	0	0	0	0	0	0	0	0	0	0	0	0	0	0	0	0	0	0	0	0	0	0	0	0	0	0	0	0	0	0	0	0	0	0	0	0	0	0	0	0	0	0	0	0	0	0	0	0	0	0	0	0	0	0	0	0	0	0	0	0	0	0	0	0	0	0	0	0	0	0	0	0	0	0	0	0	0	0	0	0	0	0	0	0	0	0	0	0	0	0	0	0	0	0	0	0	0	0	0	0	0	0	0	0	0	0	0	0	0	0	0	0	0	0	0	0	0	0	0	0	0	0	0	0	0	0	0	0	0	0	0	0	0	0	0	0	0	0	0	0	0	0	0	0	0	0	0	0	0	0	0	0	0	0	0	0	0	0	0	0	0	0	0	0	0	0	0	0	0	0	0	0	0	0	0	0	0	0	0	0	0	0	0	0	0	0	0	0	0	0	0	0	0	0	0	0	0	0	0	0	0	0	0	0	0	0	0	0	0	0	0	0	0	0	0	0	0	0	0	0	0	0	0	0	0	0	0	0	0	0	0	0	0	0	0	0	0	0	0	0	0	0	0	0	0	0	0	0	0	0	0	0	0	0	0	0	0	0	0	0	0	0	0	0	0	0	0	0	0	0	0	0	0	0	0	0	0	0	0	0	0	0	0	0	0	0	0	0	0	0	0	0	0	0	0	0	0	0	0	0	0	0	0	0	0	0	0	0	0	0	0	0	0	0	0	0	0	0	0	0	0	0	0	0	0	0	0	0	0	0	0	0	0	0	0	0	0	0	0	0	0	0	0	0	0	0	0	0	0	0	0	0	0	0	0	0	0	0	0	0	0	0	0	0	0	0	0	0	0	0	0	0	0	0	0	0	0	0	0	0	0	0	0	0	0	0	0	0	0	0	0	0	0	0	0	0	0	0	0	0	0	0	0	0	0	0	0	0	0	0	0	0	0	0	0	0	0	0	0	0	0	0	0	0	0	0	0	0	0	0	0	0	0	0	0	0	0	0	0	0	0	0	0	0	0	0	0	0	0	0	0	0	0	0	0	0	0	0	0	0	0	0	0	0	0	0	0	0	0	0	0	0	0	0	0	0	0	0	0	0	0	0	0	0	0	0	0	0	0	0	0	0	0	0	0	0	0	0	0	0	0	0	0	0	0	0	0	0	0	0	0	0	0	0	0	0	0	0
0	0	0	0	0	0	0	0	0	0	0	0	0	0	0	0	0	0	0	0	0	0	0	0	0	0	0	0	0	0	0	0	0	0	0	0	0	0	0	0	0	0	0	0	0	0	0	0	0	0	0	0	0	0	0	0	0	0	0	0	0	0	0	0	0	0	0	0	0	0	0	0	0	0	0	0	0	0	0	0	0	0	0	0	0	0	0	0	0	0	0	0	0	0	0	0	0	0	0	0	0	0	0	0	0	0	0	0	0	0	0	0	0	0	0	0	0	0	0	0	0	0	0	0	0	0	0	0	0	0	0	0	0	0	0	0	0	0	0	0	0	0	0	0	0	0	0	0	0	0	0	0	0	0	0	0	0	0	0	0	0	0	0	0	0	0	0	0	0	0	0	0	0	0	0	0	0	0	0	0	0	0	0	0	0	0	0	0	0	0	0	0	0	0	0	0	0	0	0	0	0	0	0	0	0	0	0	0	0	0	0	0	0	0	0	0	0	0	0	0	0	0	0	0	0	0	0	0	0	0	0	0	0	0	0	0	0	0	0	0	0	0	0	0	0	0	0	0	0	0	0	0	0	0	0	0	0	0	0	0	0	0	0	0	0	0	0	0	0	0	0	0	0	0	0	0	0	0	0	0	0	0	0	0	0	0	0	0	0	0	0	0	0	0	0	0	0	0	0	0	0	0	0	0	0	0	0	0	0	0	0	0	0	0	0	0	0	0	0	0	0	0	0	0	0	0	0	0	0	0	0	0	0	0	0	0	0	0	0	0	0	0	0	0	0	0	0	0	0	0	0	0	0	0	0	0	0	0	0	0	0	0	0	0	0	0	0	0	0	0	0	0	0	0	0	0	0	0	0	0	0	0	0	0	0	0	0	0	0	0	0	0	0	0	0	0	0	0	0	0	0	0	0	0	0	0	0	0	0	0	0	0	0	0	0	0	0	0	0	0	0	0	0	0	0	0	0	0	0	0	0	0	0	0	0	0	0	0	0	0	0	0	0	0	0	0	0	0	0	0	0	0	0	0	0	0	0	0	0	0	0	0	0	0	0	0	0	0	0	0	0	0	0	0	0	0	0	0	0	0	0	0	0	0	0	0	0	0	0	0	0	0	0	0	0	0	0	0	0	0	0	0	0	0	0	0	0	0	0	0	0	0	0	0	0	0	0	0	0	0	0	0	0	0	0	0	0	0	0	0	0	0	0	0	0	0	0	0	0	0	0	0	0	0	0	0	0	0	0	0	0	0	0	0	0	0	0	0	0	0	0	0	0	0	0	0	0	0	0	0	0	0	0	0	0	0	0	0	0	0	0	0	0	0	0	0	0	0	0	0	0	0	0	0	0	0	0	0	0	0	0	0	0	0	0	0	0	0	0	0	0	0	0	0	0	0	0	0	0	0	0	0	0	0	0	0	0	0	0	0	0	0	0	0	0	0	0	0	0	0	0	0	0	0	0	0	0	0	0	0	0	0	0	0	0	0	0	0	0	0	0	0	0	0	0	0	0	0	0	0	0	0
23	21	0	1	3	11	1	2	21	12	0	6	1	6	0	0	0	0	0	0	0	0	1	0	2	6	0	0	0	0	0	0	0	1	0	0	0	2	0	0	0	0	0	1	0	0	0	0	3	2	0	1	1	1	1	0	0	0	11	0	10	0	13	0	0	1	0	4	2	0	12	27	22	10	36	10	11	2	13	1	2	0	0	0	2	1	65	12	68	11	23	11	44	13	3	8	13	3	23	12	1	5	1	206	6	2	0	2	12	0	0	6	0	3	2	3	3	3	0	0	0	1	1	0	1	0	1	3	0	0	0	3	0	13	1	1	0	1	1	4	0	0	1	1	0	0	0	0	0	10	0	22	14	0	32	24	1	11	2	18	22	11	10	24	1	2	3	8	6	7	15	5	4	4	13	4	116	5	16	6	9	2	37	23	23	23	0	36	4	45	11	4	10	21	11	0	12	1	15	11	6	3	13	0	11	0	0	1	1	24	30	4	1	41	0	0	1	1	0	0	0	1	42	1	0	0	0	0	1	0	1	1	1	0	0	0	1	0	1	0	0	0	0	0	3	2	0	1	0	0	0	0	0	0	0	0	0	0	0	32	0	13	11	23	15	27	0	10	0	0	5	1	11	12	1	1	1	23	8	1	11	11	0	3	1	0	16	35	2	21	11	0	20	36	14	0	0	1	0	0	0	0	0	0	2	0	0	0	0	0	1	0	2	0	1	0	0	0	0	0	0	0	0	1	0	0	1	0	0	0	0	0	0	0	0	0	0	1	1	1	1	0	0	0	0	0	0	1	11	0	0	1	47	46	0	0	11	15	1	1	32	6	1	0	22	13	34	2	16	6	22	13	0	0	0	1	33	3	0	0	12	2	0	1	1	37	0	0	0	0	0	6	12	3	0	1	0	0	0	0	0	3	1	0	0	0	0	0	0	0	0	0	0	1	0	10	0	0	1	0	3	0	0	0	0	0	2	0	0	0	0	0	0	0	0	2	0	0	0	0	0	0	0	0	0	0	0	0	0	0	0	0	1	21	0	1	0	1	0	0	0	3	0	0	0	0	0	0	0	0	0	0	0	1	0	0	1	13	0	0	0	0	1	0	0	0	0	0	0	0	0	0	0	0	0	0	0	0	11	0	0	0	0	0	0	0	0	0	0	0	0	0	0	0	0	0	0	0	0	0	0	0	0	0	0	0	0	0	0	0	0	0	0	0	0	0	0	0	0	3	0	0	0	0	0	21	1	13	0	0	0	0	2	1	0	0	0	0	0	0	0	0	0	0	0	0	0	0	0	0	0	0	0	0	0	0	0	0	0	3	0	1	0	1	0	0	0	0	0	0	0	1	1	0	0	0	0	2	0	0	1	2	36	37	3	4	0	0	1	0	0	0	0	0	0	0	0	0	0	0	0	0	0	0	1	0	0	0	0	0	0	0	0	0	0	2	1	0	32	0	0	1	2	11	11	0	12	1	0	21	33	12	31	4	2	11	10	0	15	4	11	24	0	2	1	10	1	12	14	18	15	11
2422	3411	2151	1857	1825	218	5138	4520	221	1731	4216	10343	6196	1669	3963	4743	5160	1763	7243	10511	12859	12349	9799	8207	7444	6949	8722	7542	6710	269	295	1611	406	295	4241	2045	317	703	137	111	69	380	303	248	1215	1434	686	193	100	99	871	1440	1147	1499	79	2406	1719	1924	1087	1634	1780	327	263	171	281	212	187	118	54	109	244	133	106	153	1573	4344	5350	4777	741	829	779	673	670	619	736	885	535	1112	2439	4861	3330	1656	1270	1632	1360	11114	5503	10678	16688	1213	1916	582	424	1770	601	1014	3154	7964	20919	1012	942	991	2821	4001	3392	737	505	1369	1742	2223	2276	2120	5610	2957	4438	3644	701	520	1014	455	602	488	420	621	98	165	331	1344	1200	1218	1194	1272	659	352	374	176	186	280	420	229	901	2341	2207	2059	2318	2533	2887	273	429	1200	1983	1250	3109	1176	2318	1995	7013	5745	2141	2730	1939	7932	8888	3043	2082	2589	2285	10630	5337	3481	2324	2553	3002	4281	3628	4880	2779	398	264	774	495	389	2350	2955	3629	1451	5560	4417	891	1187	7827	2552	7178	1831	234	2341	321	243	354	298	803	1349	2241	1173	1293	993	810	282	2391	134	584	4447	4597	1824	187	272	353	603	786	654	760	586	436	797	528	528	446	1432	1950	1885	2470	3478	2787	2829	3094	2651	1293	1671	2317	4050	3530	2817	1793	2118	2130	2185	2581	2659	1831	1705	2196	2302	3241	1792	837	432	8137	814	684	653	1088	424	368	554	1309	323	1329	6424	2313	363	638	1053	487	309	373	521	424	311	504	572	306	431	300	362	199	443	3405	337	366	1264	947	690	503	143	298	168	304	258	226	183	201	170	205	177	255	257	606	271	242	118	165	331	251	117	308	89	273	215	725	1143	709	773	610	643	574	779	649	798	1973	2285	2210	2319	1926	1711	1775	1868	2078	1524	1293	1774	1352	1489	1483	1759	1806	1670	1494	2660	3222	4451	2401	2250	4378	5801	4628	2101	1756	1917	1495	1440	1771	2136	1830	1899	1839	2721	1876	1687	2293	1555	1908	2059	3404	2358	1736	2907	2629	2797	3001	3078	1681	1549	1483	749	1438	1764	3145	4447	4483	5913	4703	2631	2417	2879	2762	2882	3098	2768	3189	2771	2991	1092	810	1328	2535	2026	1858	2154	2184	2697	203	35	795	2630	1427	1086	858	1994	1321	1113	1290	147	170	84	173	215	228	121	119	114	133	208	392	424	206	29	7	25	163	250	78	90	43	65	2759	2512	2560	2171	1059	2571	1163	172	134	343	311	1331	459	248	171	35	31	124	83	442	438	173	120	56	41	516	112	880	4861	5575	5804	4980	5022	3751	3470	3578	4075	4016	3228	1373	621	81	161	75	31	29	186	144	11	66	5	14	0	0	0	62	8	14	579	58	833	490	237	567	59	59	98	180	90	283	1081	938	1294	2496	2137	2199	2185	2345	1614	1725	1662	1502	1529	1692	329	10	1668	1529	1641	622	4	24	13	72	36	21	307	108	309	2575	2301	2498	1271	17	562	364	370	449	633	613	619	719	547	103	61	104	65	134	445	104	390	391	435	391	177	56	303	771	1946	2211	2141	1885	1528	1644	1746	1488	1094	60	34	344	281	497	489	1397	1565	1845	1200	2356	1824	633	322	434	255	671	453	251	74	17	38	17	8	93	57	236	69	96	33	43	50	156	145	30	1817	320	1766	2714	2334	2690	2458	2229	639	24	237	260	426	90	357	227	141	115	749	127	154	162	692	2521	3948	729	798	747	1225	343	422	1708	7556	4897	3954	4344	6638	8555	6464	3561	4018	4180	9013	6356	6624	5806
0	0	0	0	0	0	0	0	0	0	0	0	0	0	0	0	0	0	0	0	0	0	0	0	0	0	0	0	0	0	0	0	0	0	0	0	0	0	0	0	0	0	0	0	0	0	0	0	0	0	0	0	0	0	0	0	0	0	0	0	0	0	0	0	0	0	0	0	0	0	0	0	0	0	0	0	0	0	0	0	0	0	0	0	0	0	0	0	0	0	0	0	0	0	0	0	0	0	0	0	0	0	0	0	0	0	0	0	0	0	0	0	0	0	0	0	0	0	0	0	0	0	0	0	0	0	0	0	0	0	0	0	0	0	0	0	0	0	0	0	0	0	0	0	0	0	0	0	0	0	0	0	0	0	0	0	0	0	0	0	0	0	0	0	0	0	0	0	0	0	0	0	0	0	0	0	0	0	0	0	0	0	0	0	0	0	0	0	0	0	0	0	0	0	0	0	0	0	0	0	0	0	0	0	0	0	0	0	0	0	0	0	0	0	0	0	0	0	0	0	0	0	0	0	0	0	0	0	0	0	0	0	0	0	0	0	0	0	0	0	0	0	0	0	0	0	0	0	0	0	0	0	0	0	0	0	0	0	0	0	0	0	0	0	0	0	0	0	0	0	0	0	0	0	0	0	0	0	0	0	0	0	0	0	0	0	0	0	0	0	0	0	0	0	0	0	0	0	0	0	0	0	0	0	0	0	0	0	0	0	0	0	0	0	0	0	0	0	0	0	0	0	0	0	0	0	0	0	0	0	0	0	0	0	0	0	0	0	0	0	0	0	0	0	0	0	0	0	0	0	0	0	0	0	0	0	0	0	0	0	0	0	0	0	0	0	0	0	0	0	0	0	0	0	0	0	0	0	0	0	0	0	0	0	0	0	0	0	0	0	0	0	0	0	0	0	0	0	0	0	0	0	0	0	0	0	0	0	0	0	0	0	0	0	0	0	0	0	0	0	0	0	0	0	0	0	0	0	0	0	0	0	0	0	0	0	0	0	0	0	0	0	0	0	0	0	0	0	0	0	0	0	0	0	0	0	0	0	0	0	0	0	0	0	0	0	0	0	0	0	0	0	0	0	0	0	0	0	0	0	0	0	0	0	0	0	0	0	0	0	0	0	0	0	0	0	0	0	0	0	0	0	0	0	0	0	0	0	0	0	0	0	0	0	0	0	0	0	0	0	0	0	0	0	0	0	0	0	0	0	0	0	0	0	0	0	0	0	0	0	0	0	0	0	0	0	0	0	0	0	0	0	0	0	0	0	0	0	0	0	0	0	0	0	0	0	0	0	0	0	0	0	0	0	0	0	0	0	0	0	0	0	0	0	0	0	0	0	0	0	0	0	0	0	0	0	0	0	0	0	0	0	0	0	0	0	0	0	0	0	0	0	0	0	0	0	0	0	0	0	0	0	0	0	0	0	0	0	0	0	0	0	0	0	0	0	0	0	0	0	0	0	0	0	0	0	0	0	0	0	0	0	0	0	0	0	0	0	0	0	0	0	0	0	0	0	0	0	0	0	0	0
0	0	0	0	0	0	0	0	0	0	0	0	0	0	0	0	0	0	0	0	0	0	0	0	0	0	0	0	0	0	0	0	0	0	0	0	0	0	0	0	0	0	0	0	0	0	0	0	0	0	0	0	0	0	0	0	0	0	0	0	0	0	0	0	0	0	0	0	0	0	0	0	0	0	0	0	0	0	0	0	0	0	0	0	0	0	0	0	0	0	0	0	0	0	0	0	0	0	0	0	0	0	0	0	0	0	0	0	0	0	0	0	0	0	0	0	0	0	0	0	0	0	0	0	0	0	0	0	0	0	0	0	0	0	0	0	0	0	0	0	0	0	0	0	0	0	0	0	0	0	0	0	0	0	0	0	0	0	0	0	0	0	0	0	0	0	0	0	0	0	0	0	0	0	0	0	0	0	0	0	0	0	0	0	0	0	0	0	0	0	0	0	0	0	0	0	0	0	0	0	0	0	0	0	0	0	0	0	0	0	0	0	0	0	0	0	0	0	0	0	0	0	0	0	0	0	0	0	0	0	0	0	0	0	0	0	0	0	0	0	0	0	0	0	0	0	0	0	0	0	0	0	0	0	0	0	0	0	0	0	0	0	0	0	0	0	0	0	0	0	0	0	0	0	0	0	0	0	0	0	0	0	0	0	0	0	0	0	0	0	0	0	0	0	0	0	0	0	0	0	0	0	0	0	0	0	0	0	0	0	0	0	0	0	0	0	0	0	0	0	0	0	0	0	0	0	0	0	0	0	0	0	0	0	0	0	0	0	0	0	0	0	0	0	0	0	0	0	0	0	0	0	0	0	0	0	0	0	0	0	0	0	0	0	0	0	0	0	0	0	0	0	0	0	0	0	0	0	0	0	0	0	0	0	0	0	0	0	0	0	0	0	0	0	0	0	0	0	0	0	0	0	0	0	0	0	0	0	0	0	0	0	0	0	0	0	0	0	0	0	0	0	0	0	0	0	0	0	0	0	0	0	0	0	0	0	0	0	0	0	0	0	0	0	0	0	0	0	0	0	0	0	0	0	0	0	0	0	0	0	0	0	0	0	0	0	0	0	0	0	0	0	0	0	0	0	0	0	0	0	0	0	0	0	0	0	0	0	0	0	0	0	0	0	0	0	0	0	0	0	0	0	0	0	0	0	0	0	0	0	0	0	0	0	0	0	0	0	0	0	0	0	0	0	0	0	0	0	0	0	0	0	0	0	0	0	0	0	0	0	0	0	0	0	0	0	0	0	0	0	0	0	0	0	0	0	0	0	0	0	0	0	0	0	0	0	0	0	0	0	0	0	0	0	0	0	0	0	0	0	0	0	0	0	0	0	0	0	0	0	0	0	0	0	0	0	0	0	0	0	0	0	0	0	0	0	0	0	0	0	0	0	0	0	0	0	0	0	0	0	0	0	0	0	0	0	0	0	0	0	0	0	0	0	0	0	0	0	0	0	0	0	0	0	0	0	0	0	0	0	0	0	0	0	0	0	0	0	0	0	0	0	0	0	0	0	0	0	0	0	0	0
4050	9923	7793	1145	497	2170	2209	1190	337	572	401	475	301	448	615	655	616	808	656	519	513	477	465	629	2449	1481	1123	855	896	1753	1617	3730	941	794	696	514	427	495	335	409	309	383	324	445	293	266	680	2250	2684	2030	410	689	829	1875	2091	1727	773	991	470	2034	292	507	1262	532	416	933	1435	5057	3951	5131	5228	6084	5336	5562	5958	4927	5141	6759	7682	8151	7171	8040	5622	4959	4428	5270	5856	6643	4791	4840	4295	4257	4857	4758	4853	4306	4544	7785	8017	5230	6104	6505	7163	6056	5060	4620	862	783	461	466	640	564	264	434	512	747	662	931	1079	1013	2735	1687	774	556	255	1177	1031	794	893	648	308	204	191	151	285	243	257	166	206	245	232	227	791	2489	2652	2819	151	265	245	1401	1942	1241	201	591	290	286	250	1151	247	536	963	2325	5860	6275	4479	4816	4965	5077	4515	5058	5691	5990	5677	6927	6719	7627	5635	6063	6308	7577	7006	7312	6667	8193	6992	5565	3877	0	0	2404	5788	6483	18250	18418	5596	1325	894	2847	6754	3648	6240	4721	4738	1084	1197	1047	1848	1720	1660	2151	1458	1605	1366	1690	1890	3508	3569	2776	1567	1936	2478	3253	3689	3314	2100	1919	3172	2571	1669	1946	2219	2014	2130	2770	1931	2499	2244	2100	1758	5057	5062	3826	2203	1944	1683	4907	6580	3705	3393	2485	3754	5363	4512	5146	5980	3373	4643	2620	1917	1522	1958	2293	6058	6054	13735	16371	15879	13237	12819	12299	11029	10387	8962	7854	7603	7780	11534	11490	14635	15920	15750	16001	12464	4699	5317	7015	5377	5947	6443	10164	9793	10150	7105	6463	2457	1463	3479	5383	985	4182	1339	3705	3418	2129	2119	4865	2317	1112	947	1435	976	631	2010	2326	2258	1478	732	2906	2489	2629	1053	1595	899	738	609	839	799	642	785	450	544	668	519	1024	1132	1798	3272	4207	3153	2319	634	2028	2159	2136	401	1316	388	1741	629	420	873	555	912	951	840	606	561	698	838	3501	12426	15013	15947	13183	12381	14949	12128	12956	12454	9121	9307	9201	6319	7605	6735	5216	4864	5116	5625	5950	5567	5341	5426	5335	5297	9258	8971	10641	10140	12058	11962	5744	775	534	591	561	1465	739	623	718	782	1865	891	619	761	1005	404	702	2014	1198	613	605	841	3226	1584	1845	2273	6523	7598	7898	7745	7420	5167	3738	572	652	486	472	492	261	597	3369	2532	1932	652	662	664	2726	1638	1743	783	943	821	965	846	919	1097	1050	962	643	775	985	586	1036	998	700	9482	13365	11787	11907	12932	10715	9094	11292	8335	7250	6269	6476	5603	4250	3668	4789	4702	4120	3714	4328	4136	4470	2271	511	540	3927	5878	5505	4813	6340	2264	1335	286	522	550	280	412	574	978	622	822	670	1120	1016	475	883	43	363	43	79	3	185	443	2303	2046	1485	2179	847	592	628	292	536	240	283	468	415	495	1477	701	494	489	2016	2861	2600	690	1337	337	2209	3239	1191	426	843	373	377	328	978	527	462	364	203	619	273	556	564	1771	4460	12812	13876	13657	13113	12322	9952	10011	10416	6562	6403	6615	6111	6135	5348	3948	3611	3668	3470	4147	3544	4259	3944	4618	5183	4001	7646	6739	4101	3470	5310	4893	4714	7772	4850	9361	7525	6610	4296	510	1004	552	507	428	2674	1617	6040	3675	3241	2503	296	632	961	654	1839	1540	1021	396	472	222	265	136	118	242	233	304	293	222	229	452	1314	595	4383	5183	2420	331	290	220	1788	1588	890	195	361	305	163	235	508	409	764	1330	1210	2350	990	1548	2320	1756	1962	11514	13271	13092	13715	14033	13820	10839	10852	7183	7232	6532	6546	4784	4271	4319	4323	4445	5322	5318	5587	4777	5648	6070	5481
200	408	296	348	449	543	573	656	799	2980	3427	1337	1220	1112	1199	650	405	84	93	205	113	1472	511	527	450	101	351	93	244	239	244	221	322	399	140	90	82	141	283	152	1037	38	84	68	111	241	230	262	208	42	58	65	42	56	82	109	35	54	55	47	30	83	31	18	377	570	564	473	353	913	2078	881	911	1051	771	623	500	194	713	924	787	495	584	628	1749	1639	1266	909	1149	1308	2174	364	1125	403	412	449	806	723	3652	1462	1238	799	461	469	549	459	369	493	809	1300	394	413	969	823	1461	7343	8198	9195	8001	410	593	530	3295	4431	4480	749	1335	3667	612	609	548	531	424	180	256	153	137	122	130	177	139	84	154	116	35	62	147	201	96	110	70	32	143	605	760	3096	3337	2789	3268	3263	3287	3848	3214	3021	2370	4771	4652	4394	5707	3756	3703	4203	3239	3488	3458	1893	1147	4527	1523	2036	1174	706	631	615	1137	935	1609	2502	2470	1209	1466	962	215	434	704	650	611	563	46	206	260	869	239	97	85	784	1801	470	608	789	836	647	458	1140	2434	407	351	176	252	264	253	244	77	225	180	401	441	389	316	254	199	226	298	211	201	256	290	201	181	95	243	330	136	133	183	186	389	1276	370	3039	267	138	862	433	370	225	596	257	193	171	220	288	402	674	381	642	1088	1129	1237	393	779	1228	1441	1984	317	567	2010	903	1555	1148	1255	1286	2500	2345	2285	3107	3575	2666	1467	1275	1434	1177	1338	688	1538	821	1273	2924	1496	917	1527	1202	1203	176	383	159	220	258	330	531	98	1291	262	209	217	270	155	271	85	65	268	134	612	216	223	119	437	61	80	97	126	147	188	74	322	175	139	91	461	273	148	122	820	144	71	335	491	88	146	80	96	79	85	436	1115	956	983	1136	1131	766	546	143	148	302	110	225	299	195	222	954	848	2082	323	418	288	353	2733	3021	1270	1290	1462	734	168	105	97	1280	101	56	196	183	251	187	123	38	111	84	209	43	33	87	71	79	67	131	213	55	73	84	121	56	563	2635	2774	2381	2036	2132	892	9	33	71	131	7	183	16	46	126	21	59	3	28	26	16	79	24	31	77	42	8	96	80	54	56	32	9	148	926	1302	1237	1173	764	1025	1085	908	966	831	594	653	708	754	892	668	774	33	311	57	169	99	95	67	50	74	114	68	2733	945	74	69	62	120	89	51	63	33	59	77	24	34	109	81	114	6	114	15	130	16	620	8	69	102	100	49	46	7	40	1	1	2	24	31	19	2	27	1	17	11	5	5	22	60	4	11	23	25	20	37	213	42	31	19	15	14	79	72	16	6	128	31	9	6	10	8	151	44	80	19	16	104	91	1565	34	49	110	55	98	34	239	126	143	34	94	16	41	158	246	108	39	46	63	153	1193	15	108	509	131	49	32	60	69	93	731	105	540	39	29	118	220	379	457	375	301	724	1539	332	495	330	835	1693	1610	1446	1368	1062	107	116	94	218	86	355	194	127	1283	165	170	86	85	35	19	21	20	10	18	7	6	16	3	16	38	24	14	99	5	7	77	1	26	4	97	57	44	279	263	489	728	854	1745	1797	3806	3207	741	478	483	861	818	1000	721	1198	1153	434	1701	1830	2538	1772	2645	1782	477	588	2834	441	218	242	380	615	215
5616	2350	3875	1858	721	2992	13736	13390	14175	13301	14106	13894	1122	4001	6649	2711	1241	1633	3509	1890	983	894	1138	1109	4098	6974	6061	9251	22420	5459	2048	1928	1563	2351	2869	3894	3997	2030	2744	2748	2932	2756	557	992	344	2957	268	584	317	343	505	380	503	263	728	492	371	327	355	335	266	305	431	629	1075	14453	4491	5356	3758	4698	4297	5696	5038	4728	1918	9284	17327	4646	1960	749	1674	2817	2347	5395	4648	6962	1391	1695	1940	2232	13914	18668	13819	7164	7147	6604	6338	4920	4970	4099	5427	6756	5071	5986	6558	9073	5949	7279	5461	6843	6825	6877	5992	7438	11801	21838	15511	12623	11798	2119	999	2119	2878	1463	4723	3590	1318	580	1021	6397	8586	11349	8895	8781	6627	3519	429	2659	2233	2250	694	1217	261	331	307	280	1590	428	246	275	622	642	427	1432	1988	451	222	336	233	3697	9984	8181	1295	2359	1688	642	304	2001	2004	11035	17163	9627	8533	37310	10692	1235	5861	2382	4718	2028	2900	968	2687	1060	1327	3009	1778	3546	6139	16184	4792	2365	1201	1577	565	1791	3095	710	395	1051	1346	1230	2915	3110	3956	3739	1255	1141	1267	1038	716	2594	26685	17050	34338	26212	8957	5476	9163	3794	8199	3867	6854	4750	3976	5057	4034	7700	2936	2609	6716	3342	4713	728	1129	2480	3697	9697	14551	19409	15254	10114	13524	14146	10313	13205	2480	2179	2542	2968	3436	2798	2322	2608	3173	3450	3261	7017	6826	10979	9039	11712	651	3602	4569	2546	6950	4714	5600	16961	2512	3736	15497	35986	9311	9565	18593	20740	15703	6756	9914	9546	14508	22968	29380	3254	5177	2901	3918	2442	4968	3768	4576	6323	2072	7488	984	1289	841	2574	1988	4314	2720	3629	2442	2471	6585	4595	6026	4075	9396	10378	9911	6359	2690	3707	2906	1806	4739	6009	4962	3443	4772	2457	2417	1671	2141	4889	3839	3260	3813	4744	3550	4405	7028	6867	7564	3692	6839	10308	7449	14887	2385	11758	12492	394	420	1329	339	692	404	2036	1921	1835	508	461	3640	579	745	1926	2656	1764	2959	3533	2086	7139	10858	2377	16082	8973	4008	3147	460	15498	12062	6438	6762	8712	14935	5913	12687	7335	15019	22730	16301	16950	14520	15009	11640	9499	9475	10008	9983	9523	7605	7469	1447	632	3272	3260	135	4495	572	409	960	393	976	558	256	6232	3225	5633	10907	956	5192	1588	4656	7007	9314	9316	8165	8354	8147	4813	1613	336	6408	7509	460	4191	482	396	243	303	1159	975	1950	927	945	1616	4103	3216	1156	987	734	249	315	419	468	94	487	337	193	792	536	5912	4430	8329	789	594	1661	1970	560	3313	1587	1017	1632	4800	235	82	975	479	13763	555	148	1452	883	1221	16292	1100	928	14285	399	1090	592	4948	23814	16472	14694	11727	11496	13837	11194	11011	15222	3594	1130	5556	18362	14990	13196	403	272	2383	38	400	912	4336	10831	10724	4651	1592	1762	8450	13445	20621	12466	10442	8852	1182	1099	1480	1526	822	1629	5007	664	2674	1801	346	1823	201	1221	584	941	325	4415	283	586	443	308	399	291	360	461	349	290	387	2473	486	336	1513	1454	2830	3311	1731	723	1281	1903	411	2085	1125	4124	13749	3340	4222	2310	1793	4662	1503	1037	1621	2835	2726	1069	585	626	3738	1513	4869	2808	4169	871	9305	5079	2109	878	984	3948	15999	12947	10721	1942	1564	7580	6142	9269	16719	13762	16678	9542	16290	13159	17483	11569	600	1208	1067	711	2871	17502	17651	21695	16751	15893	11494	16025	7594	534	526	2003	1571	1034	3897	1265	448	4584	1707	2970	1057	604	688	809	756	727	2318	1684	1179	2802	10657	2636	2405	11390	10238	8253	28029	34613	11054	5173	4012	1962	6719	4157	3130	1875	3449	3155	6384	3742	6772	7167	8987	2928	1711	1565	1942	2508	1989	2774	4656	4742	1964
778	2096	922	1688	2630	1364	2245	1214	872	3402	3420	894	2165	3762	2342	828	442	5790	4502	1427	603	265	467	832	3401	5341	9072	4889	1997	351	399	879	404	742	5013	7667	1424	7354	967	853	952	2283	3640	1295	206	50	48	137	397	40	3091	303	299	427	149	229	554	282	420	194	162	244	3417	4300	251	2716	287	1332	353	3470	1127	1607	1970	1271	1135	1012	578	715	5138	15551	13819	3899	2472	4019	1029	1125	345	2614	3556	18916	1155	432	780	518	376	362	873	1701	20655	1408	1585	2978	4748	620	3992	6685	3187	22334	21667	14900	13555	851	1605	11565	2734	6283	1221	691	6220	1135	3492	12173	2021	326	505	758	496	2013	231	506	242	316	365	452	285	263	434	641	518	2296	253	1807	689	738	615	1028	212	257	205	4035	156	185	299	638	28	3398	309	844	729	2884	2167	2261	2926	7704	3671	1657	2535	438	543	12736	13043	634	897	3226	13095	1447	5446	2772	7415	3419	1440	2434	6914	3402	4105	8771	14448	2068	446	881	11717	12702	2962	3449	4698	4081	10863	4659	6555	1222	3102	1519	911	1739	6382	1143	874	3067	2478	2965	1173	9001	8858	12330	9477	8638	479	1769	3816	2776	1866	508	396	1022	609	1360	548	392	496	765	435	6311	210	719	2302	4357	85	827	554	903	90	2040	79	223	215	216	2075	144	339	69	2444	52	70	3171	21264	313	452	586	1573	3248	2978	2100	415	1666	809	628	2143	418	11466	12682	12107	14713	13013	13487	8092	14404	2976	4287	1978	2731	7579	11956	4288	4060	4508	7576	17413	16397	16071	21766	33826	20951	9516	11393	13234	17274	11559	18092	12477	12480	9902	3793	2023	1831	1944	2051	2346	1567	13076	10047	2128	1931	1325	1657	716	4025	3990	2807	1861	2488	3845	1698	1887	4997	1888	1709	4689	2052	1602	1458	1541	1649	1429	9104	1825	2170	1669	1631	2378	1796	1786	1719	3368	2779	3196	3468	3856	2650	1526	1481	1520	1294	1749	1861	2470	1783	1968	1825	1756	2143	2871	2260	1780	2031	1753	2420	3357	1638	1599	2862	2984	1088	1857	737	1987	1444	786	1162	4265	2499	981	577	128	1541	2612	1513	1693	880	541	880	475	520	753	669	558	26441	6103	575	376	480	531	730	808	555	718	259	412	1405	2437	2103	1170	282	1429	340	1779	1540	7731	5965	1678	4190	1663	1491	514	98	344	3285	8035	8662	7443	5580	350	522	643	3842	346	391	249	3411	3135	2493	410	411	393	967	248	993	34	459	80	316	139	190	2564	1374	931	858	547	908	133	161	788	235	110	231	2093	339	1202	153	425	817	380	903	699	11786	17754	12246	15694	15367	2077	486	266	2508	3084	1833	646	2850	451	903	161	7386	2304	278	1205	10346	16157	7709	4006	5091	14822	10106	2108	66	1	46	15	2	27	89	2943	15559	9439	2498	4481	2989	497	260	101	2381	51	760	38	881	659	2397	943	57	23	676	446	51	157	991	824	2078	1027	304	785	245	268	249	587	247	3108	475	476	225	286	1293	4126	3938	328	311	436	742	1725	1750	357	294	130	174	88	369	119	113	299	685	515	917	185	355	162	524	496	1090	149	266	268	352	172	193	52	1720	158	182	1287	1525	290	272	472	203	596	22790	4213	362	4660	9158	27548	13160	6391	5446	6668	5265	3154	590	1459	564	3684	4766	7275	4959	2590	2280	4863	4487	4378	3880	4150	6904	8759	3462	614	64	227	208	2905	136	4893	77	1419	467	84	211	83	262	198	243	506	6658	15813	9954	5928	6939	6377	4988	845	4133	3338	4621	1936	1394	612	359	300	927	1366	526	3114	2346	5832	3456	2880	4963	4293	302	4011	1988	832	1630	363	585	12119	1577
104	29	11	27	12	3	12	1	1	1	0	25	4	8	3	2	46	16	23	0	7	2	0	0	0	0	0	0	13	7	0	2	0	1	1	2	16	0	3	0	13	1	0	0	2	0	1	2	0	6	2	2	1	0	0	0	2	0	4	4	0	1	5	1	3	0	1	0	35	2	0	1	12	2	58	2	14	13	0	6	1	15	1	26	31	0	1	59	2	1	1	38	24	26	2	12	12	34	11	10	2	3	2	0	27	4	0	0	3	4	1	13	2	12	1	2	0	48	2	1	1	12	1	2	25	23	2	0	0	12	1	0	0	5	0	1	1	2	0	1	2	8	0	1	12	3	0	3	1	1	1	4	2	1	1	11	16	11	57	9	2	1	0	5	17	7	79	148	40	21	1	13	0	0	7	25	12	13	1	22	41	31	40	42	2	14	25	1	36	31	83	31	6	48	7	19	0	2	19	6	5	12	1	0	29	16	14	33	21	0	1	13	14	1	13	14	1	1	4	11	36	7	13	12	19	0	0	1	12	2	0	0	0	1	0	1	1	0	12	2	22	4	0	2	0	0	0	2	1	0	1	2	0	0	0	0	1	24	0	0	0	12	0	12	31	0	1	2	13	2	1	1	11	245	26	65	67	19	13	21	28	6	1	1	1	12	14	37	24	19	12	18	7	0	0	2	0	0	5	11	0	1	0	2	1	12	11	0	11	1	1	1	12	0	0	0	0	1	0	0	0	0	0	0	0	5	1	0	0	0	0	0	4	1	0	0	0	0	0	0	0	11	0	0	5	0	2	1	1	10	0	12	0	0	1	3	1	15	3	10	12	2	14	1	1	1	24	12	4	13	1	1	25	2	8	1	45	2	26	0	11	2	4	21	16	15	1	0	1	24	1	37	0	1	0	1	0	33	13	2	0	1	2	0	12	89	0	12	0	0	0	0	0	1	0	57	0	2	1	0	2	4	0	0	0	0	1	0	0	0	0	2	2	0	0	0	0	0	0	0	0	0	0	13	2	2	0	11	0	0	13	0	0	23	0	0	0	0	1	0	0	2	2	0	1	0	0	1	1	1	1	0	12	2	2	11	11	1	0	2	0	0	0	57	1	0	34	1	0	0	1	0	0	0	1	3	1	0	0	1	0	11	0	5	0	0	0	0	2	2	0	0	2	0	3	0	0	11	0	0	0	1	0	1	1	0	0	1	1	0	0	1	0	0	0	0	0	3	1	1	0	2	0	2	23	34	49	3	1	0	1	0	0	11	25	0	0	0	2	0	0	2	0	0	2	1	0	3	1	9	13	1	1	1	1	2	3	5	1	1	1	13	15	18	9	3	2	1	0	2	0	30	1	4	0	0	13	1	1	1	11	1	10	0	0	0	1	1	1	0	0	0	1	10	1	0	0	0	0	0	0	0	0	2	4	0	0	0	0	0	1	0	0	0	0	0	15	2	0	13	0	0	0	12	0	2	1	0	8	0	0	1	18	7	8	15	0	12	11	3	1	0	34	2	0	24	2	20	25	13	7	15
0	0	0	0	0	0	0	0	0	0	0	0	0	0	0	0	0	0	0	0	0	0	0	0	0	0	0	0	0	0	0	0	0	0	0	0	0	0	0	0	0	0	0	0	0	0	0	0	0	0	0	0	0	0	0	0	0	0	0	0	0	0	0	0	0	0	0	0	0	0	0	0	0	0	0	0	0	0	0	0	0	0	0	0	0	0	0	0	0	0	0	0	0	0	0	0	0	0	0	0	0	0	0	0	0	0	0	0	0	0	0	0	0	0	0	0	0	0	0	0	0	0	0	0	0	0	0	0	0	0	0	0	0	0	0	0	0	0	0	0	0	0	0	0	0	0	0	0	0	0	0	0	0	0	0	0	0	0	0	0	0	0	0	0	0	0	0	0	0	0	0	0	0	0	0	0	0	0	0	0	0	0	0	0	0	0	0	0	0	0	0	0	0	0	0	0	0	0	0	0	0	0	0	0	0	0	0	0	0	0	0	0	0	0	0	0	0	0	0	0	0	0	0	0	0	0	0	0	0	0	0	0	0	0	0	0	0	0	0	0	0	0	0	0	0	0	0	0	0	0	0	0	0	0	0	0	0	0	0	0	0	0	0	0	0	0	0	0	0	0	0	0	0	0	0	0	0	0	0	0	0	0	0	0	0	0	0	0	0	0	0	0	0	0	0	0	0	0	0	0	0	0	0	0	0	0	0	0	0	0	0	0	0	0	0	0	0	0	0	0	0	0	0	0	0	0	0	0	0	0	0	0	0	0	0	0	0	0	0	0	0	0	0	0	0	0	0	0	0	0	0	0	0	0	0	0	0	0	0	0	0	0	0	0	0	0	0	0	0	0	0	0	0	0	0	0	0	0	0	0	0	0	0	0	0	0	0	0	0	0	0	0	0	0	0	0	0	0	0	0	0	0	0	0	0	0	0	0	0	0	0	0	0	0	0	0	0	0	0	0	0	0	0	0	0	0	0	0	0	0	0	0	0	0	0	0	0	0	0	0	0	0	0	0	0	0	0	0	0	0	0	0	0	0	0	0	0	0	0	0	0	0	0	0	0	0	0	0	0	0	0	0	0	0	0	0	0	0	0	0	0	0	0	0	0	0	0	0	0	0	0	0	0	0	0	0	0	0	0	0	0	0	0	0	0	0	0	0	0	0	0	0	0	0	0	0	0	0	0	0	0	0	0	0	0	0	0	0	0	0	0	0	0	0	0	0	0	0	0	0	0	0	0	0	0	0	0	0	0	0	0	0	0	0	0	0	0	0	0	0	0	0	0	0	0	0	0	0	0	0	0	0	0	0	0	0	0	0	0	0	0	0	0	0	0	0	0	0	0	0	0	0	0	0	0	0	0	0	0	0	0	0	0	0	0	0	0	0	0	0	0	0	0	0	0	0	0	0	0	0	0	0	0	0	0	0	0	0	0	0	0	0	0	0	0	0	0	0	0	0	0	0	0	0	0	0	0	0	0	0	0	0	0	0	0	0	0	0	0	0	0	0	0	0	0	0	0	0	0	0	0	0
0	0	0	0	0	0	0	0	0	0	0	0	0	0	0	0	0	0	0	0	0	0	0	0	0	0	0	0	0	0	0	0	0	0	0	0	0	0	0	0	0	0	0	0	0	0	0	0	0	0	0	0	0	0	0	0	0	0	0	0	0	0	0	0	0	0	0	0	0	0	0	0	0	0	0	0	0	0	0	0	0	0	0	0	0	0	0	0	0	0	0	0	0	0	0	0	0	0	0	0	0	0	0	0	0	0	0	0	0	0	0	0	0	0	0	0	0	0	0	0	0	0	0	0	0	0	0	0	0	0	0	0	0	0	0	0	0	0	0	0	0	0	0	0	0	0	0	0	0	0	0	0	0	0	0	0	0	0	0	0	0	0	0	0	0	0	0	0	0	0	0	0	0	0	0	0	0	0	0	0	0	0	0	0	0	0	0	0	0	0	0	0	0	0	0	0	0	0	0	0	0	0	0	0	0	0	0	0	0	0	0	0	0	0	0	0	0	0	0	0	0	0	0	0	0	0	0	0	0	0	0	0	0	0	0	0	0	0	0	0	0	0	0	0	0	0	0	0	0	0	0	0	0	0	0	0	0	0	0	0	0	0	0	0	0	0	0	0	0	0	0	0	0	0	0	0	0	0	0	0	0	0	0	0	0	0	0	0	0	0	0	0	0	0	0	0	0	0	0	0	0	0	0	0	0	0	0	0	0	0	0	0	0	0	0	0	0	0	0	0	0	0	0	0	0	0	0	0	0	0	0	0	0	0	0	0	0	0	0	0	0	0	0	0	0	0	0	0	0	0	0	0	0	0	0	0	0	0	0	0	0	0	0	0	0	0	0	0	0	0	0	0	0	0	0	0	0	0	0	0	0	0	0	0	0	0	0	0	0	0	0	0	0	0	0	0	0	0	0	0	0	0	0	0	0	0	0	0	0	0	0	0	0	0	0	0	0	0	0	0	0	0	0	0	0	0	0	0	0	0	0	0	0	0	0	0	0	0	0	0	0	0	0	0	0	0	0	0	0	0	0	0	0	0	0	0	0	0	0	0	0	0	0	0	0	0	0	0	0	0	0	0	0	0	0	0	0	0	0	0	0	0	0	0	0	0	0	0	0	0	0	0	0	0	0	0	0	0	0	0	0	0	0	0	0	0	0	0	0	0	0	0	0	0	0	0	0	0	0	0	0	0	0	0	0	0	0	0	0	0	0	0	0	0	0	0	0	0	0	0	0	0	0	0	0	0	0	0	0	0	0	0	0	0	0	0	0	0	0	0	0	0	0	0	0	0	0	0	0	0	0	0	0	0	0	0	0	0	0	0	0	0	0	0	0	0	0	0	0	0	0	0	0	0	0	0	0	0	0	0	0	0	0	0	0	0	0	0	0	0	0	0	0	0	0	0	0	0	0	0	0	0	0	0	0	0	0	0	0	0	0	0	0	0	0	0	0	0	0	0	0	0	0	0	0	0	0	0	0	0	0	0	0	0	0	0	0	0	0	0	0	0	0	0	0	0	0	0	0	0	0	0
2184	1467	4856	2126	1636	1190	871	1195	1266	1370	1206	969	6666	346	277	305	256	149	336	533	369	399	3203	12123	3409	406	183	3524	2831	691	3068	3505	336	330	421	555	1398	3071	9748	11675	20976	20299	21058	18776	18510	22486	26495	27524	27171	28100	22383	21411	20410	21779	20248	19714	20299	21726	22259	21446	22009	21384	21261	20796	19667	20185	12388	4474	8230	8227	8773	8338	7183	2069	1726	7584	5184	5721	6592	8667	9689	4647	1548	971	1903	1929	2207	8055	1937	5428	11961	14067	28742	8548	11194	6445	14728	9570	5954	2203	1957	5903	2794	10058	24335	13400	6905	23220	6351	1856	1664	1527	1794	2065	2939	1732	1773	1843	608	1170	459	1490	2113	3612	3296	1518	1410	1203	1780	1599	1092	1844	1697	5958	9944	20532	22346	22122	23136	22726	18694	19552	21674	22591	25265	19888	22388	21831	21135	21134	22758	19326	22539	23095	22504	21981	21299	21743	21460	21609	22144	9851	3940	19105	1614	5536	7809	8983	7614	11697	6535	3168	3149	15955	23521	23290	20412	11110	21804	28305	32224	26557	1437	10717	7108	10543	8222	9275	11836	5887	1943	1489	1582	2867	1088	549	6422	378	758	1253	743	687	1245	975	653	2020	1124	595	918	2058	437	1148	759	625	4270	826	750	1483	5677	1550	582	945	693	468	218	73	356	387	222	548	6273	19009	21054	20002	20722	20862	17109	17754	20752	23576	22670	23066	23738	23813	22897	24123	23876	23230	23668	25609	25575	24647	24236	23625	23242	20728	25163	47487	38639	31867	31015	22149	10117	10287	7191	389	1099	3238	5108	2109	2143	1315	715	1902	3421	3284	1347	4195	8037	5624	1692	6314	3497	5442	845	2783	3800	620	812	707	485	937	2695	3319	853	521	428	10702	23580	804	850	1261	762	867	1059	1114	1185	1022	1409	1133	1115	1355	398	755	5971	1455	4035	11640	9356	14168	10407	2054	3357	4035	2066	1846	8633	11122	20539	20967	20593	19689	17223	16106	20380	18127	17531	17623	20438	20699	20998	20087	21258	20341	21605	20364	24048	23210	23106	22399	22125	21607	22706	20802	21002	25675	34767	20510	18686	803	1005	1776	4969	3504	9713	8849	7670	1949	2085	1706	7032	1942	1308	1510	845	2695	10683	2655	4399	1555	1619	2425	1316	1476	958	1287	2629	1034	4248	636	836	447	587	470	641	1960	2469	614	756	482	1525	2321	679	621	3638	786	3531	4361	1052	1438	941	2037	1329	445	317	770	498	2857	1427	649	525	521	8259	16663	21421	20759	21174	20300	17181	18108	25734	27777	36809	39458	23974	20046	25636	33061	28734	20514	21531	20884	21692	24630	23869	22845	23086	22887	22794	21293	22574	22834	22242	20037	20987	12193	288	1243	209	288	152	489	435	591	436	463	399	4075	8906	7636	8874	8214	7782	8331	8454	8011	7321	6674	5706	5189	8223	10752	7112	11100	11115	10567	7111	283	170	203	173	172	223	1240	257	217	310	166	180	149	142	1196	53	34	25	17	57	614	527	641	59	478	337	173	372	365	529	841	7882	18568	20386	18534	19974	21017	16853	17918	21307	26943	33478	37468	24719	26584	29671	23481	22540	19890	21341	21618	24410	24673	23594	22699	23289	20307	20982	20558	21607	21050	21141	20759	5474	224	269	254	2303	3510	3736	442	104	282	2083	2364	2629	1106	2485	3082	765	307	1622	2775	3097	2940	1873	590	326	476	420	945	943	763	493	1966	1304	380	235	669	296	1037	319	259	302	233	113	185	4009	576	109	249	1291	5259	9474	2234	791	2871	4647	4734	2339	2187	2226	3704	2224	2243	866	1780	7387	6559	23966	23053	21803	20890	18757	20307	23871	23493	25798	24792	25441	25461	31795	31433	23001	22699	23044	23840	23671	25985	24869	23926	23589	27230	22285	19489	20906	20209	25900	19689	28260	12138	9553	16110	20057	43854	31167	3945	1973	1312	2515	970	1936	2530	1679	3181	4536	22430	9319	5578	6065	7558	3472	3261	3116	4161
63	103	211	147	117	4	13	14	267	2	128	4	14	122	34	56	11	39	25	14	35	238	687	70	111	117	120	159	164	46	31	0	122	82	94	123	58	80	91	69	12	0	0	0	0	0	1	4	0	1	0	0	2	1	0	0	0	2	0	0	0	2	0	1	22	1	109	12	4	2	6	23	23	74	22	22	83	62	33	128	80	58	57	120	13	29	148	65	135	162	99	238	149	120	57	378	91	244	32	711	811	865	294	96	120	1035	667	409	320	3	35	750	132	71	61	120	106	164	159	131	124	1863	2136	722	405	308	118	83	137	54	100	1806	886	984	645	1384	2007	1066	605	507	150	0	0	408	986	1086	1336	2088	2909	2423	1533	1374	951	0	0	25	0	0	1	2	2	2	0	1	0	60	74	114	118	75	137	136	136	128	48	37	90	103	62	61	48	19	18	9	25	30	7	12	5	16	1070	3929	3700	2466	2678	2370	1955	1198	1080	699	384	246	216	438	565	368	632	4078	5386	3965	3130	2118	1489	1142	1063	1527	781	685	812	140	137	73	79	186	3087	1706	1933	2398	2777	3850	3571	3129	2431	1802	1457	1220	1346	507	10	15	27	150	1024	2566	4356	4193	3917	3647	3051	2174	1556	1123	1226	1083	913	46	0	10	10	1	1732	3113	3148	3894	4083	2116	2119	1980	1483	1510	1677	1038	1190	516	17	52	41	31	14	11	8	177	210	197	182	27	30	21	39	3	13	23	5	24	1234	241	12	1135	2	0	12	23	28	1	7	6	0	0	21	3	20	4	2	1	2	1	65	4	14	2	0	3	8	0	14	29	63	65	71	0	1	11	16	13	1	2	0	20	53	20	53	54	1	16	18	126	1	0	24	2	2	84	48	0	221	62	301	453	108	31	258	354	760	29	53	102	40	42	41	84	49	657	498	359	406	124	56	26	113	29	4	28	32	27	53	11	60	48	90	131	9	48	63	2	2	85	11	93	30	48	13	36	13	14	3	29	18	50	60	34	42	19	2	75	26	39	81	42	52	49	33	12	16	62	39	39	25	29	40	31	46	204	36	89	48	24	21	56	64	89	86	14	21	13	12	36	1	8	3	3	1	3	16	4	3	1	14	1	39	1	3	20	113	57	4	2	3	1	61	29	12	31	272	1115	2127	2508	2611	1896	685	1246	1350	880	324	348	653	2473	1033	1525	1777	1044	547	353	400	730	298	151	148	210	192	238	160	75	0	21	0	24	1	28	46	22	179	151	552	386	264	432	247	119	17	15	41	57	57	166	74	3	2	0	1	11	0	0	1	1	0	15	0	0	1	14	0	0	0	24	24	14	2	12	1	2	0	1	1	1	0	1	0	7	10	18	31	54	37	31	53	30	25	24	28	16	5	27	32	47	38	57	25	35	54	14	14	62	60	23	26	149	176	293	864	857	2644	874	803	1167	984	417	53	2	2	28	73	155	446	85	148	503	399	365	342	278	159	4	13	12	0	5	0	1	25	11	0	1	3	4	0	0	0	11	11	3	0	0	0	2	1	0	0	4	1	0	2	1	15	40	45	42	786	3717	4616	4352	2955	2057	1880	1501	1397	1445	1267	1243	1265	1267	1043	1111	984	970	818	364	37	50	244	906	4344	3181
1	37	12	3	0	2	16	2	5701	196	149	14	53	13	6	9	8	15	19	25	27	27	17	40	70	28	32	17	16	2	8	88	11	18	38	3	24	15	11	2	0	0	1	3	7	39	2	3	2	1	0	11	0	2	2	13	12	1	3	14	2	3	3	168	26	63	49	147	184	314	92	38	45	36	75	177	116	1	15	3	51	101	5	2	70	17	23	29	50	12	74	22	67	28	29	55	335	50	341	71	330	132	96	83	1	87	13	14	1	3	2	20	4	44	138	26	349	61	12	15	41	13	6	2	2	0	3	1	13	0	6	3	14	2	1	3	8	19	25	15	57	1	6	13	0	0	0	2	21	34	2	14	1	1	2	1	1	182	3	14	57	22	39	80	191	252	375	997	62	102	122	133	85	111	104	71	63	94	63	85	26	52	35	4	32	36	50	7	179	97	418	256	228	187	108	164	380	389	354	467	245	229	254	266	219	229	268	210	272	234	237	265	236	218	298	254	261	291	335	62	14	5	9	7	0	0	0	2	1	2	1	2	0	0	0	3	4	0	4	1	1	7	0	0	0	0	1	1	2	236	3	23	3	70	23	28	411	2	26	44	68	60	158	74	590	30	39	105	92	26	40	61	48	95	142	150	392	213	118	72	200	3	65	82	27	39	20	5	6	3	36	62	14	15	3	2	49	5	13	3	2	3	50	14	15	1	31	6	3	196	3	20	0	2	4	41	46	0	12	3	39	1	2	106	133	1	1	3	0	1	0	4	5	0	1	1	0	2	1	1	1	0	3	2	1	1	2	61	261	150	0	12	37	123	15	40	9	3	48	25	14	96	37	85	59	79	77	120	83	46	55	39	337	253	13	25	11	688	9	7	19	16	7	5	8	0	6	39	31	15	20	2	3	1	1	43	113	138	28	2	3	9	0	15	2	505	1	16	1	3	1	19	4	2	4	3	0	0	0	9	66	1	0	1	1	1	3	4	0	1	1	1	0	2	0	13	60	2	3	1	2	2	3	4	2	2	1	2	0	0	0	2	1	0	1	21	37	39	2	105	2	1	0	4	0	2	2	1	4	2	2	1	1	1	23	0	24	12	15	12	7	378	1	64	209	247	159	4	1	2	9	10	26	13	3	2	2	13	0	2	1	0	0	0	0	0	0	0	0	0	0	16262	10498	0	0	1	3	0	6	1	68	32	0	4	0	1	6	6	1	1	40	10	1	0	4	1	2	23	14	13	2	1	5	1	1	2	3	1	3	1	1	1	1	0	0	12	12	3	0	0	1	0	16	0	1	1	0	0	38	1	0	2	0	1	2	0	1	1	0	6	3	0	2	3	0	0	2	2	0	12	3	2	0	13	0	2	3	2	1	1	2	1	1	1	4	1	1	5	2	1	3	1	0	1	0	4	2	0	0	1	0	1	2	1	1	0	2	14	0	1	1	1	1	0	2	13	0	14	4	2	17	110	143	82	249	143	179	277	46	69	48	1	86	123	357	247	89	62	149	199	163	49	334	424	25	319	210	4	13	23	94	148
24	66	34	55	36	27	14	30	33	14	25	46	26	35	27	61	49	28	29	43	39	23	35	64	33	28	22	21	37	17	32	31	28	18	42	24	25	31	53	31	43	18	39	14	18	24	15	20	22	12	25	15	14	16	37	18	24	31	19	15	10	41	12	35	19	26	15	38	19	16	39	28	40	40	20	18	13	35	31	26	19	24	100	166	118	151	171	172	162	182	163	165	168	175	181	159	141	163	186	169	158	149	162	152	164	168	180	181	158	181	153	161	162	180	161	178	192	181	151	173	159	190	158	164	196	147	182	170	195	169	149	166	202	169	182	202	175	168	173	158	87	42	62	43	29	64	45	21	18	48	28	23	33	55	37	33	23	53	127	152	187	199	146	158	173	185	163	21	28	61	34	18	20	38	27	45	24	52	49	49	36	52	30	20	0	0	0	0	0	0	0	0	0	0	0	0	0	0	0	0	0	0	0	0	0	0	0	0	0	0	0	0	0	0	0	0	0	0	0	0	0	0	0	0	0	0	0	0	0	0	0	0	0	0	0	0	0	0	0	0	0	0	0	0	0	0	0	0	0	0	0	0	0	0	0	0	0	0	0	0	0	0	0	0	0	0	0	0	0	0	0	0	0	0	0	0	0	0	0	0	0	0	0	0	0	0	0	0	0	0	0	0	0	0	0	0	0	0	0	0	0	0	0	0	0	0	0	0	0	0	0	0	0	0	0	0	0	0	0	0	0	0	0	0	0	0	0	0	0	0	0	0	0	0	0	0	0	0	0	0	0	0	0	0	0	0	0	0	0	0	0	0	0	0	0	0	0	0	0	0	0	0	0	0	0	0	0	0	0	0	0	0	0	0	0	0	0	0	0	0	0	0	0	0	0	0	0	0	0	0	0	0	0	0	0	0	0	0	0	0	0	0	0	0	0	0	0	0	0	0	0	0	0	0	0	0	0	0	0	0	0	0	0	0	0	0	0	0	0	0	0	0	0	0	0	0	0	0	0	0	0	0	0	0	0	0	0	0	0	0	0	0	0	0	0	0	0	0	0	0	0	0	0	0	0	0	0	0	0	0	0	0	0	0	0	0	0	0	0	0	0	0	0	0	0	0	0	0	0	0	0	0	0	0	0	0	0	0	0	0	0	0	0	0	0	0	0	0	0	0	0	0	0	0	0	0	0	0	0	0	0	0	0	0	0	0	0	0	0	0	0	0	0	0	0	0	0	0	0	0	0	0	0	0	0	0	0	0	0	0	0	0	0	0	0	0	0	0	0	0	0	0	0	0	0	0	0	0	0	0	0	0	0	0	0	0	0	0	0	0	0	0	0	0	0	0	0	0	0	0	0	0	0	0	0	0	0	0	0	0	0	0	0	0	0	0	0	0	0	0	0	0	0	0	0	0	0	0	0	0	0	0	0	0	0	0	0	0	0	0	0	0	0	0	0	0	0	0	0	0	0	0	0	0	0	0	0	0	0	0	0	0	0	0	0	0	0	0	0	0	0	0	0	0	0	0	0	0	0	0	0	0
1180	6230	5245	2268	7532	4309	6442	133	147	94	114	230	135	365	502	250	65	122	113	88	182	137	236	90	101	236	126	314	236	493	234	660	817	816	857	1211	807	1058	785	913	915	754	813	869	779	834	525	903	841	772	1025	676	797	639	895	842	726	570	553	707	679	151	315	693	464	640	227	127	142	191	126	116	156	275	222	354	347	290	592	216	191	317	117	136	143	263	244	374	411	270	358	223	206	128	317	296	327	586	605	317	474	493	550	362	313	397	234	191	171	250	368	279	288	304	210	1096	1471	2409	2240	173	174	179	202	118	49	14	69	231	30	24	47	55	48	64	34	65	21	34	73	69	108	107	110	150	144	140	133	275	266	319	293	278	118	121	59	20	22	11	8	15	69	70	127	31	122	68	329	46	576	654	628	493	1796	3091	3024	2375	1819	2120	1686	1985	501	302	248	254	1216	1867	2000	1603	1542	317	323	7821	7561	7008	358	159	117	130	70	104	118	95	138	140	140	150	637	687	58	125	124	117	267	725	171	155	1375	116	116	24	31	100	35	383	74	34	62	120	52	144	129	76	442	287	263	104	436	326	190	245	527	188	340	583	278	456	572	580	207	328	416	225	239	349	521	185	220	128	256	171	111	116	194	106	208	507	458	311	206	267	109	194	617	325	1607	138	129	140	102	135	137	102	239	1574	1458	1645	1603	408	100	70	67	447	481	375	211	117	97	99	216	109	33	134	230	146	295	180	381	463	285	120	406	167	181	167	114	170	340	211	361	416	482	575	469	84	72	544	273	57	45	494	145	49	40	296	372	535	331	382	864	563	136	656	40	101	348	410	75	40	495	295	100	102	314	197	281	71	356	583	366	548	1094	639	740	507	337	578	395	272	185	316	142	140	79	66	23	24	49	88	140	885	1189	293	253	335	398	315	170	219	418	259	259	314	411	403	576	422	533	452	221	83	103	155	142	28	26	79	76	38	132	118	83	146	73	150	399	111	164	155	187	446	123	104	39	82	47	133	127	100	30	74	83	92	44	107	84	292	324	319	398	269	363	259	136	170	52	56	9	150	160	361	15	108	40	26	25	23	117	46	472	419	100	59	49	102	102	161	59	49	148	113	193	129	25	57	270	191	199	4	135	113	30	85	1695	8586	2933	94	82	86	75	215	107	9	42	120	200	93	82	54	142	124	92	204	4	66	6	1	6	4	48	136	59	123	248	62	282	9	13	156	57	7	68	121	50	7	16	74	37	7	6	71	83	16	205	55	3	30	161	144	156	248	241	188	59	57	442	914	426	4	598	392	220	167	38	64	92	268	373	305	426	400	299	429	438	433	361	415	372	385	308	306	330	348	426	385	564	1730	827	400	339	16	30	2	139	244	211	221	196	124	71	229	60	64	40	98	146	55	166	56	31	2	8	22	111	95	4	2	9	20	30	72	107	35	284	79	71	17	91	80	35	83	36	20	4	3	25	2	17	7	4	13	15	4	15	50	74	396	377	151	14	56	4	16	65	35	18	25	26	91	141	360	39	163	231	90	93	137	138	163	305	131	199	50	145	344	368	511	295	432	322	221	120	129
0	0	0	0	0	0	0	0	0	0	0	0	0	0	0	0	0	0	0	0	0	0	0	0	0	0	0	0	0	0	0	0	0	0	0	0	0	0	0	0	0	0	0	0	0	0	0	0	0	0	0	0	0	0	0	0	0	0	0	0	0	0	0	0	0	0	0	0	0	0	0	0	0	0	0	0	0	0	0	0	0	0	0	0	0	0	0	0	0	0	0	0	0	0	0	0	0	0	0	0	0	0	0	0	0	0	0	0	0	0	0	0	0	0	0	0	0	0	0	0	0	0	0	0	0	0	0	0	0	0	0	0	0	0	0	0	0	0	0	0	0	0	0	0	0	0	0	0	0	0	0	0	0	0	0	0	0	0	0	0	0	0	0	0	0	0	0	0	0	0	0	0	0	0	0	0	0	0	0	0	0	0	0	0	0	0	0	0	0	0	0	0	0	0	0	0	0	0	0	0	0	0	0	0	0	0	0	0	0	0	0	0	0	0	0	0	0	0	0	0	0	0	0	0	0	0	0	0	0	0	0	0	0	0	0	0	0	0	0	0	0	0	0	0	0	0	0	0	0	0	0	0	0	0	0	0	0	0	0	0	0	0	0	0	0	0	0	0	0	0	0	0	0	0	0	0	0	0	0	0	0	0	0	0	0	0	0	0	0	0	0	0	0	0	0	0	0	0	0	0	0	0	0	0	0	0	0	0	0	0	0	0	0	0	0	0	0	0	0	0	0	0	0	0	0	0	0	0	0	0	0	0	0	0	0	0	0	0	0	0	0	0	0	0	0	0	0	0	0	0	0	0	0	0	0	0	0	0	0	0	0	0	0	0	0	0	0	0	0	0	0	0	0	0	0	0	0	0	0	0	0	0	0	0	0	0	0	0	0	0	496	1512	9815	2899	2667	1419	2843	1654	1129	1462	2646	1542	0	0	0	0	0	0	0	0	0	0	0	0	0	0	0	0	0	0	0	0	0	0	0	0	0	0	0	0	0	0	0	0	0	0	0	0	0	0	0	0	0	0	0	0	0	0	0	0	0	0	0	0	0	0	0	0	0	0	0	0	0	0	0	0	0	0	0	0	0	0	0	0	0	0	0	0	0	0	0	0	0	0	0	0	0	0	0	0	0	0	0	0	0	0	0	0	0	0	0	0	0	0	0	0	0	0	0	0	0	0	0	0	0	0	0	0	0	0	0	0	0	0	0	0	0	0	0	0	0	0	0	0	0	0	0	0	0	0	0	0	0	0	0	0	0	0	0	0	0	0	0	0	0	0	0	0	0	0	0	0	0	0	0	0	0	0	0	0	0	0	0	0	0	0	0	0	0	0	0	6248	1371	2453	5157	7602	20816	21696	775	1719	3117	3832	8275	4246	4819	687	2326	837	1613	9356	1723	2451	1566	5473	7995	8786	7835	3840	7759	3262	4587	3952	388	534	1906	233	1906	572	11812	9099	887	285	343	491	400	304	328	780	4573	1424	314	1595	374	262	1222	39	0	0	0	0	0	0	0	0	0	0	0	0	0	0	0	0	0	0	0	0	0	0	0	0	0	0	0	0	0	0	0	0	0	0	0	0
234	314	173	65	53	164	70	61	26	120	0	12	24	14	7	6	14	3	5	24	14	1	7	23	135	1854	233	3	2	2	12	13	148	130	97	3090	4589	194	172	7	57	195	202	179	14	26	191	629	473	347	264	181	122	2	2	4	11	3	3	1	2	2	14	48	122	25	51	2	27	12	19	62	954	1353	1537	241	132	453	1	38	1	2	25	3	10	81	15	24	110	85	10	803	325	48	27	37	38	25	25	29	158	2	60	1	50	7	21	2	961	104	1	109	4	165	1008	2811	123	33	12	0	54	1	5	29	1	1	86	31	22	12	84	5	1	1	0	1	1	0	2	1	12	12	12	36	1	0	0	0	1	0	2	0	0	0	0	3	24	1	24	2	1	2	2	51	229	13	97	2	14	72	1	9	38	50	0	97	120	92	48	61	104	12	56	24	80	2537	220	123	282	227	501	111	209	7	98	46	46	12	6	2	0	1	85	1	3	4	15	1	5	135	1	16	15	13	0	169	73	1	84	10	3	85	0	25	2	24	0	11	0	13	0	0	0	2	1	1	0	14	0	1423	320	30	0	13	1	0	12	13	1	0	0	12	1	0	0	780	352	37	64	14	133	492	74	69	370	28	100	38	92	122	15	14	25	14	1	28	13	26	315	766	974	817	1052	1857	102	588	1187	2666	756	1398	1106	297	4	1828	3633	283	41	24	64	20	20	92	17	174	11	9	9	21	10	40	63	0	2	1	0	56	36	206	1	0	0	3	0	0	13	1	1036	3397	1170	1	2	0	11	12	0	157	0	21	1	12	12	0	1	2	1	3	0	0	0	2	0	3	1	1	12	26	36	144	12	190	3	36	108	23	37	48	410	79	3	36	37	0	1	357	436	49	145	131	4	13	1	2	5	1	26	1	12	49	607	0	50	37	0	84	80	14	0	0	10	1	1	2	12	23	0	0	1	0	0	461	0	0	0	13	0	0	0	0	1	1	1	0	0	0	80	61	0	1	8	12	0	89	13	0	0	0	0	1	0	1	0	0	2	2	29	6	2	3	0	0	0	0	0	114	104	1	1	2	0	1	0	49	1	0	0	0	0	1	1	2	0	50	3	68	152	151	72	0	0	0	0	1	1	125	0	12	12	1	12	2	72	0	1	0	24	1	1	0	0	0	12	0	0	0	0	0	0	0	0	0	0	566	0	0	1	1	0	0	0	0	13	0	1	1	11	12	1	134	1	1	12	0	840	384	11	12	1	0	0	0	0	0	0	0	0	1	0	0	132	0	2	0	88	1	24900	2336	230	0	0	1	0	0	2565	2946	0	52	0	1	12	40	34	6	34	52	18	43	97	496	595	1314	7641	107	19	0	120	0	0	0	2	24	36	1	0	1	0	0	133	0	156	0	37	12	1	0	1	544	0	0	24	0	0	0	0	0	0	0	0	12	0	0	22	0	0	36	1	0	36	12	0	0	0	0	1	0	24	48	1	1	0	36	0	1416	4227	2759	1920	13	36	211	82	187	1249	65	123	96	210	277	14	0	24	71	37	64	66	0	0	305	1152	11	48	566	60	49
17381	18451	9311	7581	7188	11311	29587	37017	34749	282682	438832	481098	592365	613115	536449	589635	489615	525514	501466	534727	564153	512361	438411	428725	486812	405160	466455	562440	593922	436849	580064	573260	599145	568954	416774	604246	606616	594869	533903	540655	522716	573450	507181	497833	456661	463434	478186	408806	482851	470138	424548	447324	471501	557361	531315	547500	490115	423042	380573	270748	327919	312808	265777	263227	281840	312980	298208	56147	21777	335968	494386	646698	714339	675236	698992	645119	597551	645473	635785	669978	674228	666753	681813	679624	682076	690646	675370	682923	604964	643760	678753	700910	689545	626497	632816	692662	704218	687069	703995	691054	718673	720054	698833	666546	703839	690191	720400	685933	673701	692232	708894	706510	738872	682341	698184	700797	673562	679049	707461	722816	695372	708260	668768	676915	664271	672830	687268	689970	672040	511416	653725	698992	700130	735498	719118	689608	687221	711322	713459	737474	745841	783964	795313	764473	792357	756539	801395	792966	801145	817488	827318	824238	783907	820407	816064	793628	814316	796691	786531	771138	643656	631266	608498	625548	719199	694975	701910	675483	701378	723624	738356	700805	686067	664474	662780	661168	663686	653662	641106	667700	689046	713540	765685	212597	27642	94178	103591	119335	123184	687459	794731	792810	766636	801084	791298	802175	809339	799951	777160	792330	798659	769089	817764	789857	750534	833972	818552	853240	860354	830187	852373	817071	796083	847707	834483	815081	846499	843164	854734	843896	841755	848534	823038	825866	845646	814929	776766	517244	697367	817022	844999	804507	716767	648845	728553	684499	648837	671889	729401	769752	767536	759102	767815	748670	754291	776177	744437	734930	786530	732909	730499	610726	736123	130328	763285	701192	516150	688951	485354	705034	675979	654158	665673	251856	307811	296421	264700	212501	259668	256796	318257	234133	205701	229417	210724	199868	205711	209849	195902	206117	209526	196599	200484	178440	202398	180684	216764	188340	18970	12347	10034	115194	197285	319096	326261	373572	379863	414556	435179	459826	551509	620706	581598	768058	751254	781912	740200	775062	756272	772291	751192	734908	635256	599203	694726	712391	618863	409302	450908	406919	367639	140564	20500	3752	9604	8150	2644	2820	2822	3561	10729	5349	11064	3612	1790	9886	7582	15743	2578	11863	8683	2533	1673	2258	10208	9248	1789	3479	6429	3319	2957	3542	11231	16142	2881	76758	48993	14047	13966	34615	14951	8946	10161	5585	12889	205440	152792	231121	301457	230330	284214	308191	283481	319044	316215	319921	431591	360720	124169	156539	158270	138558	156244	127687	162114	216364	128383	181813	255119	242949	133478	129563	119873	163534	157115	297306	181301	242179	226009	214930	79657	177164	183189	152474	206788	172224	246973	218636	181857	234994	95896	198271	283676	177174	194430	225670	178710	227260	245801	181808	172506	166304	191224	159438	139585	249112	224485	81723	164141	217709	202275	234849	262331	248386	180972	195367	221469	203165	198006	148312	214149	177215	321995	230843	284947	323465	340513	268304	231744	230266	189672	349695	334409	227729	356833	261223	128548	383322	276768	228244	197617	336224	241623	260385	255449	321618	354179	334329	184662	187471	264945	270891	283702	300265	332950	319068	225626	293589	117693	146553	166364	288371	185245	201094	196391	264454	223867	135527	222916	350805	309161	286777	260347	310523	257309	245130	314758	258486	319551	309480	273855	208722	253939	173735	329591	391604	189627	170155	272466	251065	230331	339069	239365	138017	285244	187684	97840	242391	209742	339915	297646	341542	235522	273794	276037	260895	249944	242446	263603	321980	182662	255751	405212	268518	223792	207482	267758	235399	182952	263323	213206	274899	140939	165638	216232	329271	148531	224175	291792	432047	318346	138795	224046	346373	196166	220752	297749	128330	180396	152405	206971	377722	241957	318778	261176	292330	133570	348148	152216	223590	165022	173344	226261	123784	222339	183683	167010	280901	310114	237316	171699	173388	283058	240021	279298	205809	203735	148088	124189	347683	120030	310269	178730	256584	225873	201607	205715	265672	162788	172505	138344	142608	300612	67330	271240	255105	205358	84240	179683	145093	261462	241786	202589	202679	263563	196684	195857	142406	221927	158556	220686	236116	255983	230924	160557	305692	189184	167402	198794	188537	171419	203461	182163	157126	97870	182546	111624	105962	219980	187418	156647	192780	201780	161559	256493	252852	176719	214778	174572	93164	62387	6219	265171	312177	201083	367573	337597	372523	294590	300303	373308	456070	464835	339180	378298	468128	442995	288128	347991	229345	448970	471661
4698	6136	3067	5872	2743	1543	6990	2085	2849	1907	1816	2677	1797	1685	4780	2676	4075	2454	2766	888	1178	1182	1311	1022	997	988	1455	1400	1515	1248	1072	972	892	708	3043	9406	1306	856	823	934	1045	952	726	899	943	966	834	784	787	1221	1430	1801	1103	790	1309	871	1497	1018	922	1442	1927	898	807	928	572	572	841	1005	2131	1729	2622	1581	1297	1874	2308	4085	2941	5155	9958	5171	5469	3408	3465	2643	2386	3903	2526	2843	3856	6800	6956	3495	4487	5988	3790	3303	7298	6944	10039	10436	5906	4620	7269	6280	10299	11082	4713	5044	7630	8968	7725	1751	7245	38777	60891	51711	53571	3645	1576	1145	3153	5691	23461	40008	49606	38916	8464	982	1032	2800	5851	4168	4287	4167	4545	1267	1082	866	995	10132	12656	8342	6456	1235	441	946	3060	778	886	705	943	737	909	573	407	885	513	741	388	422	465	449	975	748	1234	3240	8867	4859	3686	2436	3382	7093	5536	4348	6991	8126	11108	4294	3998	5689	4451	4634	3580	5197	3880	2778	3820	4435	3985	3970	4934	3832	4315	4935	4501	5640	6031	2852	3845	4450	5843	3980	3746	5273	4980	4900	3834	6951	6708	5150	5030	3974	3698	3903	3451	3787	2812	4087	4348	4835	4385	4467	4544	3849	3726	3060	3712	3796	1159	2756	3422	3737	3325	3692	3722	3283	3561	2742	2904	2913	2833	3007	2635	2639	431	526	914	446	882	322	393	599	450	503	383	495	588	2071	13225	16710	12623	21687	20139	12210	3472	3087	3033	6490	7908	7305	11520	13373	11739	18534	16390	7109	7745	5180	10755	17703	12945	8729	4004	1888	2909	2314	1894	2055	1850	2681	3349	11142	24332	15764	3942	3531	4790	4383	4514	4064	3088	1709	3433	2533	2040	2584	1236	1696	1829	1790	1928	1871	902	1174	1559	2612	3230	3802	6032	5133	2578	2423	2153	2161	2074	2273	2428	1943	2222	2688	2472	2130	2491	2126	2599	2670	2916	2980	2515	2611	2353	2230	2141	2765	2501	2443	2494	1865	3101	2326	2870	950	2762	1849	2540	5000	6647	7403	3210	2627	1625	2616	9308	10683	16302	10309	9173	10453	12595	8923	19744	10196	11763	4322	2788	4974	9338	5572	3742	6695	11907	64161	22085	72905	33452	19344	13531	7992	7600	10424	7440	3420	4710	2897	4849	6243	79635	85286	32972	7968	18001	22904	19093	3205	3135	6943	7520	3070	8947	17364	32522	80187	62531	69392	37924	56984	33503	54690	41204	58165	39323	19837	9566	33355	31237	55139	26393	33045	37857	32795	35382	66874	12571	7654	32878	19049	42033	45168	36762	43228	42430	38085	67949	19649	16577	5071	58151	41505	76136	39752	53306	38696	33801	30859	2754	1010	969	856	3224	2245	6739	4098	12001	4109	7854	4320	8603	9962	5135	8519	7526	13383	11777	15444	7628	6645	5029	4759	3057	7922	7172	90729	61534	97423	57791	61428	20649	51035	94519	45925	76909	47423	30243	5992	15496	3670	3784	9760	566	339	347	445	2019	665	639	799	909	976	1487	1073	909	854	791	661	516	690	515	12277	4664	391	536	639	855	591	423	463	960	3369	433	302	475	479	308	346	1046	3500	572	15068	8188	7547	2992	1924	3484	2793	360	503	324	455	305	468	528	2912	3623	778	401	389	1691	875	494	345	413	383	412	498	369	641	477	480	338	387	355	431	356	417	360	445	383	673	383	449	479	662	784	985	789	910	498	637	307	561	419	284	399	290	625	402	578	444	456	551	471	743	660	933	1165	1068	909	754	827	437	518	464	384	344	324	295	410	296	342	313	198	345	1227	3756	2964	414	375	440	270	374	830	502	288	780	221	586	183	592	406	344	391	595	374	531	1664	1232	964	969	1094	969	1069	4654	3262	2643	1812	1827	1336	1729	1615	2170	1669	4082	5879	3557	1544	1079	1689	2509	4786	8089	5093	8102
1745	1574	2975	1246	1766	915	1142	980	1430	2134	1299	3004	1565	1256	2574	6969	4986	1170	1012	994	1137	728	1434	808	1127	1083	1364	1736	3512	3415	3981	6651	4748	1256	633	840	830	1113	836	773	627	1571	841	2149	1956	547	554	3328	1671	611	370	553	513	546	434	2361	1616	564	455	612	891	651	574	675	694	611	794	1303	1120	1193	1742	2294	2199	1758	3650	4895	1973	2905	3631	5193	4915	4171	4453	11747	8654	6226	2792	6318	3227	2233	3075	5388	3423	6656	7186	5964	7466	1814	1929	2260	5915	11915	8078	2908	3734	6590	6125	3125	2007	3646	3816	4333	3105	4866	4230	4574	4211	4970	5283	4482	5670	4075	1163	888	924	1180	1077	1329	1772	1849	2115	1131	789	770	1253	953	1248	1312	1101	819	4079	4057	1061	5773	5467	997	1158	1305	1067	1093	1176	1225	1226	1604	1176	2950	1851	907	708	776	6319	691	995	1100	1283	810	1361	1261	4547	2302	2469	3375	3453	1749	1679	1714	1784	2649	2422	3452	1568	1768	1705	1454	1119	1759	1599	1659	1190	2838	3887	5980	4846	2735	1947	2302	3258	2823	2861	1388	1550	1647	1504	1941	1393	1387	991	2055	1531	1026	918	1278	1519	969	888	1005	845	1837	2646	5448	4302	742	2016	12522	6634	6118	1543	6567	1277	7166	1918	6968	1186	6782	993	8069	3274	7241	681	5976	1298	912	6893	853	776	1150	5308	3856	4425	4342	6253	883	7106	823	986	942	959	879	1175	18750	1122	1329	1090	7117	3313	7128	7571	8792	8981	15209	1830	1584	1545	1587	7655	8384	1075	6900	1157	2164	1802	1694	1686	2394	2736	2805	2578	3000	3236	4048	3383	3858	3492	2140	1598	1832	1815	1881	2088	1733	1683	2290	2540	1874	2271	1403	953	1475	1467	1737	1398	1685	1109	676	725	960	554	1031	946	543	644	7115	1090	7475	5999	8073	7580	7199	7587	934	6632	2556	2377	610	804	1370	1513	14031	7407	3140	3099	8018	1173	2844	2636	2758	4971	8112	7450	531	764	8584	10755	15429	23282	36260	15653	16410	6026	10674	18057	6527	2556	2099	19197	32981	37170	42164	43261	56385	29848	34278	9538	3236	5760	4009	1969	1524	1340	1988	1957	6070	6058	4020	3507	8023	5214	2212	1612	1128	1198	1307	1093	2596	6760	1434	1417	1297	1038	965	915	806	1023	922	822	801	936	557	618	1098	1154	530	9544	4208	7509	9334	4047	6392	2408	2163	12122	12108	14563	8247	589	738	797	3101	17245	13342	610	1318	670	6647	1642	7500	2281	6530	363	610	493	18683	488	1727	1489	586	6238	6284	577	513	624	1053	6559	769	12350	1304	12275	348	878	735	6274	508	6409	6510	666	1071	729	886	838	636	728	703	12808	516	908	795	813	638	877	846	584	785	807	5583	6191	719	842	781	707	863	621	812	1070	1022	1204	706	774	868	452	682	675	662	515	651	679	561	542	983	498	6724	13365	7539	19864	10209	10853	5976	518	493	647	545	735	664	4658	2253	745	611	673	2097	1544	616	510	471	278	349	6615	1811	1104	372	597	885	552	440	1493	638	703	588	658	527	848	434	574	580	507	445	741	546	511	458	607	645	515	526	459	423	600	621	394	555	326	438	466	475	485	564	559	744	710	493	503	677	638	824	508	427	934	901	485	708	653	368	636	440	490	594	399	479	1727	2482	2407	1516	286	429	699	460	1081	2615	2475	2643	2317	2331	1733	1620	1754	2314	1797	1859	634	485	409	2324	1511	574	259	2083	1774	539	431	622	364	502	706	2345	1352	476	423	486	299	346	507	800	548	706	489	518	723	1385	1180	899	1004	709	865	1518	2736	851	968	994	1093	1114	700	961	1451	1562	4092	1262	1086	807	793	721	1151	1111	889	1673
16191	6122	6337	6899	7186	11158	7666	8154	9054	8720	13671	12320	8485	9974	7002	6732	7796	4537	4789	3748	3341	4836	6168	3983	2487	1878	3544	3629	3705	4079	3420	3528	3835	4176	4954	3817	16417	17727	18535	15371	4956	3190	2941	3864	4527	6369	4520	3184	3622	4006	3289	3659	5308	4880	2135	2157	3017	1202	3076	6101	3174	3533	3145	4010	4061	5163	5929	8012	11758	12284	13588	9540	10218	11518	7985	9777	13465	10888	11481	16173	19829	22793	18896	16979	20297	13241	10255	18385	13616	12738	20830	13866	11128	13577	14434	10082	11102	11456	10117	11066	14148	13021	13740	13346	13922	13340	10776	9320	6635	8098	9124	8743	6325	6400	7457	7309	8574	8164	11728	7533	7284	5654	5888	5620	5340	4637	4895	5566	4913	3233	4189	3878	14571	17941	21776	11314	3323	4049	3960	3145	3274	2879	3829	3553	4757	3356	3180	5090	8773	6831	2707	4986	3010	4070	2860	3278	3039	2641	4575	4362	2643	3587	3515	4972	4779	7053	9412	8408	8945	8626	14438	11185	10009	9783	12126	10383	13790	12685	11075	12263	14329	14921	12853	7147	8696	9642	10163	20097	16166	16504	14343	14249	10812	11864	9208	10293	11411	11988	15337	10844	11435	15198	18729	10219	10119	11381	9780	6741	5520	7593	6090	5980	4979	6291	6247	7104	6555	4910	8209	11464	11045	10895	9377	11854	11392	10429	11133	8651	9129	8177	9065	11507	8666	8345	9189	8548	6550	11942	7074	6908	7242	7033	7927	8591	8967	8553	7621	5525	4949	6161	6081	9182	6676	63443	5739	6650	7339	5843	5088	9438	9077	10093	9849	9562	10632	11729	13750	15954	14374	11489	15526	13269	10871	10606	12758	16239	17025	17754	14321	14638	12615	14170	13765	17931	15739	13945	13269	19388	17794	15654	15557	15124	15627	18314	16180	15966	16278	16915	12963	13485	13955	13165	12413	12141	11874	11766	11089	11455	10643	11297	10820	9025	9201	10554	11561	9905	10560	11403	10017	9767	10229	9384	9151	8650	17134	13458	14136	9953	6570	6289	6717	7768	7014	8061	6859	7264	5963	6408	7160	7514	6849	8881	8359	9762	7443	8514	8605	7276	7673	8631	7552	11690	5531	8056	6654	8348	7764	12268	10197	18644	19692	24858	17910	14142	15456	16400	15521	21966	27075	14350	17186	15326	17129	16540	14915	26661	11678	12267	9331	10421	10723	11609	12383	13648	14390	13082	13760	14707	17784	15203	14316	15463	14932	17387	17216	17288	16206	15648	14664	12552	10892	9468	8140	8754	10931	10341	9800	8521	8904	7724	8131	7581	7697	6970	8249	10895	7682	9985	8966	8718	8939	9911	9615	8904	5256	4532	5535	6173	4476	5197	5629	6266	6466	5794	7058	5981	5642	8192	5882	5469	5419	5487	6036	6426	6559	5664	5387	4370	3153	3184	3875	5174	5582	8680	4800	5021	3506	3374	2729	3081	4745	6212	6712	5699	6318	5050	5457	4594	6155	7489	10942	4619	2165	7365	3686	3067	5347	4330	3937	5868	6210	5372	6191	4897	4224	7577	10378	6628	6404	7093	5244	6207	5538	6417	5182	5248	4193	5435	4389	4731	4074	4374	4240	4102	3980	4289	4283	3110	4220	6033	6373	7200	6072	5547	6589	5848	5568	5648	5138	2969	3436	2043	5310	4849	3825	3603	3144	5821	5893	3594	7626	4106	3982	5189	3879	6986	4989	5633	5948	8499	12117	7636	3770	2554	3196	3321	6616	3683	5390	2964	2838	4429	5010	2310	2569	2035	5776	4781	4442	5038	4003	5122	4941	7260	5705	4789	4793	2300	4542	2212	2734	2406	3768	3893	3271	4473	4156	3522	3778	5016	6555	7844	7840	5470	3981	4590	4810	7137	6282	5020	6025	4245	3941	3506	6361	4228	4915	4777	4660	4627	6499	4899	5717	6933	5424	6457	6525	8842	10884	10430	8254	6192	8052	10198	8811	4587	4797	3490	2673	3517	3620	3580	4278	6413	7789	8716	4295	3605	5511	10004	5526	7791	4451	5424	3691	6532	5108	4680	4963	3818	3214	3348	4941	5472	8920	10357	9157	8579	10764	10129	10741	9880	10213	13950	17957	19744	19616	15196	22451	15331	15045	18408	15089	13633	10538	9381	8966	10568	11600	11674	13991	13499
237	87	117	358	65	141	152	52	25	164	192	189	226	260	261	305	179	55	18	94	88	148	334	339	172	129	228	131	96	67	111	80	187	6	52	31	31	54	73	55	18	66	125	96	110	153	118	227	6	46	9	15	22	30	135	61	33	27	85	58	12	43	20	5	5	25	35	37	3	19	15	75	149	142	64	26	92	53	92	4	44	51	29	29	19	40	158	73	104	144	139	258	50	61	52	25	158	186	22	93	213	80	196	153	186	220	168	329	180	192	54	24	80	114	102	64	52	46	95	213	247	381	294	169	215	193	96	112	82	89	103	167	85	32	57	114	111	87	20	67	112	74	48	144	61	56	135	111	30	66	39	12	72	45	30	23	52	82	70	144	83	92	35	20	25	20	47	55	86	61	135	103	72	77	61	88	67	79	112	131	114	78	79	116	204	147	122	140	80	192	92	142	96	59	95	57	58	111	51	64	106	182	81	78	68	99	305	362	168	154	296	267	325	199	90	28	0	68	75	102	129	68	51	50	114	208	174	14	154	98	20	5	30	40	60	101	86	5	58	27	80	49	29	31	38	47	14	92	92	61	45	99	2	14	16	56	85	86	37	32	76	33	49	50	58	36	29	6	2	11	31	20	5	7	5	2	1	5	23	63	108	51	5	18	11	60	29	157	192	102	56	16	155	26	5	10	80	52	130	231	221	139	67	75	119	271	84	107	9	100	102	125	278	180	115	144	65	121	84	72	66	141	177	232	185	177	144	144	324	193	234	223	152	135	336	260	258	221	157	188	146	87	132	68	77	196	109	77	63	74	207	141	158	77	74	46	104	41	158	49	104	232	72	57	18	117	162	64	14	31	19	21	78	15	67	68	177	201	177	245	176	157	20	36	152	30	131	393	97	48	35	90	67	54	22	52	92	96	124	53	61	177	120	155	57	51	100	124	59	28	14	30	41	20	52	41	38	40	45	38	112	109	90	29	28	33	133	65	59	61	50	45	23	16	12	4	10	5	16	15	15	7	26	18	2	39	67	50	22	4	3	2	8	11	12	127	153	5	58	30	12	24	28	37	12	2	12	8	16	15	4	13	4	30	4	1	11	5	7	18	40	2	3	78	2	6	44	23	2	81	58	79	38	27	19	1	2	3	5	12	37	1	2	0	2	27	38	29	58	80	176	37	40	6	5	4	92	3	4	3	63	26	16	38	70	77	13	11	26	2	14	116	29	40	50	42	15	11	5	11	9	4	43	14	1	2	1	7	4	2	2	1	1	2	23	2	3	3	1	2	5	10	3	1	3	1	6	1	0	1	1	2	50	55	52	5	7	4	3	20	14	35	49	38	4	18	47	30	2	1	19	13	6	2	1	2	1	4	33	42	48	24	24	37	2	5	4	8	14	2	3	2	13	29	6	29	83	18	65	49	29	3	26	26	3	5	13	14	77	65	23	13	15	27	3	18	3	55	57	48	6	49	3	43	8	28	3	25	40	28	17	30	29	38	40	34	39	28	42	10	72	64	50	28	109	123	53	26	58	96	135	109
27	29	78	120	121	30	33	25	20	85	4	12	2	16	12	19	6	4	14	21	0	21	15	1	2	0	74	43	29	13	25	12	51	47	50	61	97	59	81	55	59	59	58	79	63	70	53	65	57	64	31	19	28	26	70	35	83	69	25	38	20	41	23	36	69	39	75	47	114	79	479	149	154	158	123	114	175	169	104	73	106	45	99	69	36	91	156	70	92	88	143	19	32	13	35	45	62	37	60	70	76	16	126	97	152	109	74	101	69	49	61	59	48	109	77	7	33	2	10	13	4	6	3	91	142	47	22	6	26	0	11	11	0	31	0	0	1	0	23	38	10	3	21	37	43	29	57	12	16	11	4	1	0	0	1	4	9	21	24	42	25	75	35	61	32	104	87	76	97	294	153	17	30	57	241	67	47	32	87	151	140	31	75	31	32	67	138	90	70	51	25	80	92	50	217	45	27	42	73	79	54	13	25	9	17	31	24	2	8	1	12	12	1	3	13	22	1	22	21	24	13	1	3	81	58	4	14	3	5	12	1	3	2	0	2	4	13	3	12	7	12	3	15	12	1	5	1	17	3	3	15	15	5	5	11	3	76	15	53	14	27	68	45	56	38	110	28	54	96	86	50	174	93	63	72	103	48	103	150	106	25	106	5	52	127	56	14	24	33	32	76	58	53	71	74	57	62	46	32	0	1	3	46	52	31	23	1	1	0	12	29	9	11	1	1	24	1	2	12	11	19	23	24	45	37	22	46	45	24	23	63	32	42	40	29	44	38	25	26	28	31	42	27	25	25	42	26	63	27	32	32	49	36	35	92	47	52	49	76	23	75	127	46	69	77	114	85	134	65	133	89	51	25	12	28	88	93	90	87	34	14	45	20	39	118	73	94	168	24	12	55	63	44	23	0	23	13	1	12	5	5	29	66	12	12	0	22	0	16	0	0	11	1	0	1	2	38	56	53	60	55	57	70	48	54	62	67	47	46	29	58	29	37	29	37	34	29	29	47	50	43	37	29	47	34	36	38	48	46	38	32	32	28	33	41	54	40	37	51	40	39	50	24	36	31	32	31	42	51	84	141	198	127	218	208	184	256	200	241	227	216	186	205	207	223	241	211	226	192	212	215	239	210	218	241	212	238	206	213	214	195	208	182	219	209	190	224	195	184	207	206	188	54	22	30	24	23	23	44	34	18	23	25	30	16	8	8	21	10	12	9	15	11	21	11	7	3	11	24	3	1	0	0	45	19	0	22	1	0	1	10	9	34	0	0	3	13	4	0	13	24	0	1	26	1	23	9	11	14	23	1	34	1	1	11	0	29	0	21	2	1	0	1	1	5	13	8	0	1	1	1	1	11	2	11	2	22	0	6	14	1	2	12	11	0	1	3	17	36	5	0	12	12	2	22	14	1	3	1	1	2	2	39	59	2	1	1	11	1	3	2	1	3	2	24	23	14	31	0	0	12	74	43	70	189	136	35	47	103	13	65	53	67	107	4	53	174	13	64	2	24	66	32	25	41	85	21	2	28	111	65	25
2721	2282	6106	3060	3159	5246	3117	4286	5928	6943	6365	2391	1779	1957	5111	7410	9527	3751	3868	4043	4454	10603	4481	5611	6781	11372	7596	2965	2598	2170	6623	5640	5168	3845	2822	4689	2006	1450	3729	3275	3351	4236	7125	1457	3220	1382	1457	1381	3418	2987	908	1127	694	995	1215	1033	934	653	660	840	680	493	792	716	871	804	897	1600	1061	1509	2819	3685	2147	2814	3573	2625	2692	5939	4852	4519	6843	9338	8173	6267	6751	9469	7425	7807	4605	2649	3676	3978	9230	5920	5439	4394	5441	7360	4009	2562	2848	3643	2821	5333	4852	5584	7212	10046	10914	7694	6806	6278	4433	2554	2563	3579	2939	6465	7198	9303	12334	1839	5768	2020	990	5894	2825	2868	2987	3105	3164	1225	3073	1060	1013	1119	3691	3857	2204	1564	1150	1036	1767	2408	1193	964	725	2624	2618	1085	2721	850	3582	1437	521	2026	2231	2390	688	9476	5628	2031	1642	1345	977	2120	3322	6447	3750	2980	2643	3908	2845	2848	4364	3732	7780	4240	5573	5164	3118	4323	4204	7052	6509	5968	8669	8307	8210	4006	3835	3303	3185	4103	3052	3765	3761	3321	2592	2765	2534	2371	3184	2486	4724	3284	6549	8906	3130	2313	2766	2183	2082	2255	2328	2421	1626	2457	3858	4986	5099	4963	4424	5972	4021	4441	3579	3828	3786	3983	3818	4918	3803	4876	3942	3850	3939	3741	3430	3630	3631	3359	3364	3996	3434	3588	3427	3576	3263	3474	3624	3943	3483	3426	3768	3406	6118	3317	5310	4840	5309	8866	6440	3982	7680	8008	6456	5703	6142	3670	4458	7957	7324	9921	8570	7572	5123	4570	4537	5562	4427	4682	4083	7829	8626	7429	5490	1521	3902	1829	1693	2554	1920	2072	5020	3555	2448	3311	3563	5079	5014	4348	4752	2797	2241	1668	1399	3765	2282	1765	1576	1991	1098	1696	2260	3272	3200	2910	1681	1978	1580	1128	1747	1771	1638	1709	1202	1734	1963	2084	888	1024	1072	843	993	790	651	824	652	591	611	713	640	777	619	1171	751	866	341	520	558	584	515	896	1478	1577	1470	1285	918	1568	1886	1655	1806	2693	3244	6418	5667	4630	2957	3665	3883	1880	2860	6767	7013	2063	2176	4327	2010	2428	5242	2720	3667	2001	5338	3518	3535	3429	7235	4143	4055	3363	2546	3407	2200	2604	6374	13260	13250	4848	3687	3713	6907	1088	1239	1324	2182	1380	822	984	1878	2165	3268	4631	2330	766	735	529	895	644	1151	949	781	671	860	907	452	432	532	596	404	527	564	564	2005	1165	1112	971	883	1012	884	794	1204	805	798	581	462	240	537	247	729	903	577	1233	1367	1142	2472	2791	3297	1456	1321	1188	1314	780	914	735	1273	613	737	684	979	782	688	732	931	800	517	738	803	761	616	920	594	877	607	396	827	1209	1550	1479	1152	1430	1669	1609	1130	1189	1181	1229	1180	1460	1363	1450	1632	1077	2337	1480	2120	1253	1116	954	1149	1125	867	969	807	1015	997	1277	923	1124	1262	864	964	1086	1192	1045	443	244	314	314	358	293	403	383	846	1482	445	337	362	267	1141	5814	373	413	375	594	534	347	670	329	747	762	752	611	416	554	720	835	707	644	802	1088	1116	680	4802	5002	5621	5737	5472	5558	4543	5490	6398	5900	5781	5873	5636	5345	5699	5499	5726	5846	5236	6328	5501	4719	6092	5419	1656	503	536	475	506	404	315	421	316	350	637	397	3670	229	355	395	274	410	616	544	917	497	513	659	412	602	351	347	443	351	743	296	409	318	1588	312	304	325	416	772	633	1184	461	1101	859	2205	528	477	619	455	810	546	561	1052	660	839	3124	757	1086	1371	2210	6990	8193	3209	1350	2212	1773	2124	1206	3331	6308	4800	1874	2375	3107	1968	1136	3015	2317	1586	3752	9452	6296	3308
30	12	63	5	12	109	23	50	70	79	59	51	40	52	113	25	33	101	40	96	13	2	0	0	2	1	16	33	75	36	20	21	108	111	148	91	86	158	70	107	51	1	14	36	0	0	90	187	246	62	0	1	0	0	1	0	0	1	2	1	28	35	32	74	38	37	62	1	32	82	73	13	25	49	71	3	62	53	24	70	24	2	0	49	7	5	22	35	0	6	1	1	1	25	34	1	15	35	196	61	231	158	134	212	160	228	65	23	214	87	176	176	47	33	275	139	64	0	0	26	96	1	2	2	0	1	26	220	131	136	120	169	168	134	238	169	168	241	156	252	169	168	182	30	12	10	23	3	0	0	1	2	1	1	4	0	13	1	0	1	1	0	13	1	0	0	0	0	13	0	12	4	0	2	4	3	1	0	34	53	10	15	2	13	6	4	1	2	1	3	2	28	7	14	1	13	86	26	3	1	2	0	1	1	25	37	0	1	4	1	13	2	48	108	61	2	0	1	0	2	1	3	0	0	2	1	1	2	0	19	35	29	56	42	1	3	5	2	31	31	0	0	2	12	47	55	31	1	2	1	1	15	75	67	15	6	2	1	6	1	2	13	32	87	1	0	1	0	14	12	1	3	2	1	5	2	5	30	2	14	3	5	4	3	3	5	21	14	22	28	184	6	135	67	1	27	2	3	5	2	386	13	59	11	25	48	1	0	1	4	55	53	16	0	1	0	3	23	27	11	0	1	0	0	2	0	1	1	0	2	2	2	5	1	1	3	0	3	1	0	1	2	19	12	3	1	1	7	5	13	1	1	0	22	2	17	93	7	2	2	12	0	2	0	1	41	42	33	18	27	6	17	28	46	112	41	12	53	2	3	1	6	29	27	4	2	1	0	36	2	48	15	12	53	58	117	58	93	130	50	24	1	38	0	1	74	2	5	0	4	28	0	13	1	41	3	0	0	1	1	0	35	12	0	15	37	26	13	1	0	44	13	24	35	0	0	0	14	14	0	0	0	13	13	0	42	0	12	37	13	3	1	12	45	3	0	1	0	0	0	40	15	12	12	15	5	0	0	0	0	0	0	0	1	0	0	1	28	51	40	57	63	22	27	25	1	1	2	0	0	0	1	0	0	0	0	2	1	0	0	1	0	13	36	25	22	31	0	0	1	10	1	0	0	0	1	0	0	0	1	0	2	1	14	1	1	0	10	40	37	26	0	0	1	3	0	0	22	6	0	2	0	0	0	0	0	2	1	1	11	15	6	48	4	2	5	15	50	108	59	12	0	0	12	2	0	2	0	0	0	13	0	0	0	23	0	0	0	0	1	3	0	1	4	3	3	0	1	24	30	0	0	2	1	1	3	12	0	0	1	3	0	1	0	0	1	2	2	5	1	0	3	4	0	0	2	1	2	1	0	0	2	0	3	2	0	0	0	0	0	3	1	0	0	0	1	1	0	0	0	0	1	0	1	1	0	0	2	5	4	50	7	41	7	3	0	0	11	0	9	24	12	1	0	14	0	13	2	12	48	0	1
166	163	75	140	179	177	206	102	38	86	230	3	37	62	70	63	299	130	131	185	139	136	157	194	218	191	35	96	47	26	0	61	73	105	43	85	34	87	59	13	11	35	24	11	2	2	0	0	0	1	1	1	0	1	2	11	11	22	43	34	13	0	1	0	4	0	1	1	1	1	0	3	2	4	2	22	30	1	12	1	12	0	28	98	27	11	51	35	116	372	351	333	351	252	511	242	321	212	234	246	351	178	405	429	337	248	306	292	282	251	435	192	49	238	392	678	605	446	448	458	598	524	557	551	376	441	716	486	466	609	386	457	216	163	346	437	278	604	19	185	267	396	178	205	167	158	99	161	196	153	284	168	157	140	137	248	103	143	160	138	97	142	101	74	102	68	35	28	39	72	142	43	29	20	223	104	112	50	30	4	20	55	8	197	42	32	103	82	34	35	236	294	128	170	231	295	173	295	300	696	856	438	174	118	50	43	25	200	195	152	51	184	158	855	166	104	0	68	31	457	651	557	276	175	223	143	103	275	143	288	337	284	244	264	273	89	130	139	95	72	79	120	121	81	138	34	82	139	108	108	191	60	33	147	260	77	83	69	53	40	121	151	35	34	167	71	27	4	31	13	26	51	30	39	13	6	42	33	37	82	10	11	149	31	113	123	118	162	126	286	289	74	116	143	194	36	380	52	159	316	384	421	255	95	326	365	381	788	885	665	205	102	113	36	237	347	350	376	125	393	212	394	77	75	114	233	308	419	159	124	87	288	99	100	266	216	221	193	231	104	208	164	96	40	158	107	133	35	28	71	16	31	60	29	94	15	47	52	74	8	91	78	12	61	3	5	5	29	4	3	5	2	5	24	3	15	82	105	167	48	46	53	171	154	21	70	82	126	161	68	117	246	70	139	154	441	577	358	379	218	276	298	267	307	181	275	144	211	228	230	249	131	131	115	126	96	88	42	78	63	151	120	15	10	154	144	33	155	60	123	110	139	13	3	10	0	47	21	0	1	66	18	1	18	22	10	83	94	26	20	1	4	12	2	3	13	13	14	3	15	2	67	72	56	56	10	12	46	31	44	13	14	13	110	3	1	24	96	206	336	80	31	1	2	2	3	1	1	36	67	14	115	66	70	27	1	2	1	1	0	12	1	1	1	2	1	86	0	0	1	0	2	15	13	74	110	50	1	2	141	127	42	0	1	2	48	62	57	51	24	0	2	2	0	0	1	1	0	12	1	0	14	94	1	2	2	0	0	2	33	26	0	1	3	2	2	0	1	1	1	1	0	0	24	21	22	21	52	28	70	74	51	50	76	38	4	84	80	74	52	40	111	63	100	69	92	60	45	205	172	179	188	190	166	214	204	110	195	162	172	205	257	171	183	102	104	120	194	137	159	127	149	127	10	2	13	1	3	5	4	1	3	2	3	3	1	0	15	1	3	0	1	1	3	0	1	1	1	0	0	3	0	3	11	4	7	9	11	6	1	5	7	0	1	0	1	0	2	0	55	28	105	94	53	0	37	37	27	9	46	51	20
3095	2524	3876	5414	3376	6450	7544	5693	7210	7014	4219	7060	4087	2738	2742	3886	4413	3348	2393	3253	2202	2264	1520	2442	2735	1715	2734	2895	3053	2410	3404	3418	3808	4259	3659	3774	3972	2546	2528	4127	5179	4189	2168	3194	1469	1580	1524	1977	2148	1556	1532	2266	1690	2247	3005	5250	7468	6304	3938	3872	2932	4140	4698	6960	6366	8430	9633	8467	6358	10154	7719	9537	4856	4628	4690	5395	5855	5386	7400	6227	7089	8736	8035	7176	8392	10408	6184	6978	5482	7801	7333	6479	6700	4697	5240	6104	5367	7548	5248	5436	6548	9722	11715	9316	9889	12090	8448	8509	4627	5257	3641	5318	4259	4415	4315	4051	3707	2358	1881	1859	1436	1515	1717	1475	1592	1444	1556	1835	879	1619	1940	1274	1673	1321	1428	1962	3104	3486	2651	2817	2853	1459	1430	1831	1650	2015	8983	9247	9822	9607	10109	14530	15719	14999	10457	10941	10665	12086	12084	17260	16969	14862	15415	14589	15572	14343	12137	11900	13334	12774	12085	13935	18405	14543	16227	21856	16649	13308	14864	14959	14376	14199	10595	10913	9656	10279	7177	0	0	3510	6187	11269	12111	10137	10904	9264	7904	8566	10625	8082	12259	15539	8418	12071	6402	6091	7331	6942	9903	12859	10908	10407	7097	5308	5307	5001	5330	6433	8604	9760	8851	7937	8339	17888	23713	15573	12650	10908	6806	7178	7222	7551	9163	9067	7768	7151	4437	3840	4811	7275	10277	12100	11936	9855	10752	15387	16188	21624	23206	23324	17421	15000	12564	9408	9043	15181	17496	14510	15028	14152	15971	14009	8805	8155	9684	10936	11861	11206	13986	13112	13048	11318	10233	12303	12090	12802	14431	13325	10290	11262	17970	15834	13593	17072	18997	16419	18296	16232	13400	18074	16277	15734	15443	18000	17669	21020	18650	19158	13184	16425	11387	11876	11938	13960	13766	13788	13154	13311	15050	13671	10639	8214	8483	9336	8324	9125	10427	13261	10614	13921	10705	11178	10828	9310	9525	8587	8898	8737	7455	7589	5785	5607	5838	6726	8404	7640	8988	7875	6580	6596	6021	9189	13767	17475	15581	12507	7406	8450	9092	7683	6612	13185	16279	12994	15918	17643	14292	15790	9850	5779	6450	6973	6598	6426	9822	14851	11385	14983	15043	11431	12165	12870	10689	10034	10341	9463	10285	9587	8269	8464	9777	9113	9754	8368	7896	7622	8612	10794	9321	6757	8132	18121	13790	14490	12473	11790	7685	10229	7878	10026	9088	7301	42638	11669	6599	6284	5885	6896	6760	6707	4504	5713	11491	11822	11324	15260	10230	9365	8589	7245	4775	5378	4447	6993	8642	6627	5890	5836	4922	4867	5522	5915	5694	5283	4634	5926	6782	8781	14025	15078	15223	14079	10617	10114	9587	8380	8588	15394	13479	11454	13160	13249	13505	13350	9430	5873	5856	6009	6611	7358	10520	11475	8203	13559	14577	10768	10119	10704	7991	7652	8673	8443	10083	11936	10661	10500	11574	12720	12800	9653	5554	7501	7850	7540	9195	12010	10437	17667	18833	20630	16822	19162	12990	6451	5205	5496	4960	4151	4434	5494	5263	6610	5565	5456	5599	4773	4026	5394	3966	4962	5363	8307	7169	8391	7108	7392	7174	4815	3746	3871	4607	4889	3298	4396	3052	3317	3596	2761	2205	2027	1941	3030	3585	7324	10751	10935	13877	12174	8576	7383	7055	8157	7680	12920	13742	17595	17335	18491	14214	15620	12132	8970	9406	9629	11844	10768	10843	12599	12731	14519	11732	11305	10498	11866	12427	11317	10373	11334	13049	13113	12333	12526	11764	11534	11424	11655	11404	10905	11188	12224	12271	15474	15264	18872	14797	14028	10360	13916	9989	10260	16421	18203	18233	17496	14115	11647	9963	9112	7870	7635	8266	8065	7436	8472	8061	9129	8513	10925	9408	9661	9113	10914	9611	9775	10102	10788	9464	7945	8181	8694	7617	7868	8155	8108	8958	8027	7942	9287	9851	12542	16034	17536	18685	18369	13884	13744	12558	12943	11333	16064	16862	17144	17417	18344	14012	16044	11673	10608	12345	12475	12006	13676	15679	14030	14761	13516	16208	13053	11625	14002	14761	12449	13353	14042	15375	14135	11112	10120	13833	13356	14171	16475
346	597	440	3238	558	357	457	1313	538	468	631	2408	2432	2301	326	267	384	222	267	232	151	283	340	380	387	555	686	696	1116	760	375	430	373	275	249	304	322	395	426	217	457	304	358	639	388	256	186	275	162	235	127	215	184	205	199	622	898	354	316	211	283	149	139	182	284	480	413	694	535	591	698	1794	372	1123	464	195	1126	644	838	880	923	806	1124	2017	1692	1412	2109	916	886	1157	2314	2402	2596	2549	1308	1257	1401	626	574	1158	1205	1136	982	831	937	1193	1457	1565	1597	1295	677	532	481	314	333	407	276	443	609	482	432	385	545	585	312	395	564	746	432	540	782	612	425	739	635	733	723	378	290	439	656	440	512	419	542	559	331	523	867	627	629	599	442	494	443	438	496	511	552	516	468	374	285	153	574	659	516	591	441	266	220	351	491	310	361	607	669	1074	1564	424	372	350	528	359	751	295	900	419	368	353	371	455	366	439	410	946	1195	1217	678	369	604	557	395	280	342	282	452	260	366	580	299	532	809	722	1009	889	195	294	768	885	507	755	445	688	1362	1617	1404	1645	1219	487	796	883	860	774	860	914	625	1240	1971	2066	648	508	304	132	646	350	472	491	613	547	467	612	426	370	360	473	441	509	667	465	649	465	465	429	358	545	727	1297	1336	1389	929	943	891	890	898	419	478	298	624	783	709	766	724	421	452	606	503	3464	2755	1047	316	722	977	440	510	611	633	678	1119	678	713	804	522	824	1407	710	671	814	552	601	789	758	1004	565	782	500	712	501	737	724	770	753	810	958	504	369	439	479	509	406	476	495	562	392	277	604	625	384	242	366	325	411	304	379	303	438	301	382	603	603	343	522	338	401	388	253	361	619	575	515	978	830	909	668	882	715	853	1033	930	934	753	846	1094	681	1027	763	796	751	758	608	509	498	493	416	669	350	509	1588	2237	1081	529	539	335	406	702	746	472	751	813	622	409	426	457	843	276	494	433	761	549	373	236	522	507	369	469	541	711	229	408	478	505	440	393	299	375	693	381	254	276	558	373	307	357	857	320	458	783	1095	582	354	405	237	203	656	418	433	210	579	308	189	126	317	123	471	356	338	399	664	248	380	260	557	190	663	369	532	520	356	304	234	1180	1776	1579	1654	1549	1602	2279	1978	2013	837	496	620	420	219	262	229	330	173	1628	2380	481	212	218	284	221	972	322	370	304	311	294	248	581	390	340	364	204	517	436	413	356	337	599	684	310	137	269	228	333	456	321	188	287	289	346	172	292	237	459	321	153	252	314	310	277	241	287	349	232	266	314	316	260	139	620	279	241	1612	3181	2032	303	443	516	125	146	159	289	232	312	189	257	272	119	244	164	244	163	320	397	431	415	334	146	105	153	135	193	200	104	240	272	314	386	287	266	161	253	244	252	296	185	226	172	221	334	1434	314	262	199	209	299	182	229	154	261	366	200	422	358	257	426	595	417	497	297	296	182	357	225	193	295	184	183	193	245	174	305	408	472	401	422	256	150	294	316	541	322	328	257	361	370	425	279	478	377	533	315	352	336	421	343	445	256	191	350	248	386	520	438	340	557	409	207	596	718	411	382	656	579	278	397	371
2178	2015	3634	2307	3974	5099	2123	4687	423	435	2201	3856	3501	3256	3570	4911	8196	8456	6969	9281	10768	7735	2969	2106	1145	691	1171	1342	1264	243	396	259	138	252	310	415	417	376	299	317	219	300	381	292	210	167	138	595	341	176	140	135	181	161	120	2688	135	128	211	606	2717	1752	898	1140	1128	1181	1837	1659	1996	3542	6796	8017	5751	6101	6437	7643	6048	8783	8011	3882	5224	12054	7139	9706	5325	14518	13010	8992	1386	1143	993	8862	12439	13204	15429	5296	1909	5549	8723	11177	5446	1174	1344	4662	4815	10130	2275	2030	1035	2629	2315	1936	1201	394	843	596	517	558	544	1064	2848	6660	6800	3909	3868	3889	3569	3719	3617	3858	5291	8704	7795	4723	4690	4400	4592	4503	4841	4425	4519	2859	872	368	1302	370	576	1291	813	1007	646	681	527	613	799	1301	554	398	643	611	450	331	1968	4108	5050	2617	4342	5347	2728	2498	3244	10447	7455	17486	8367	10169	8436	11396	8758	8402	13130	8316	12115	10554	11134	10465	10428	10856	10684	10106	5232	6323	7876	7486	7510	6213	6431	5584	11817	6592	5429	1718	2178	3070	1669	3280	2926	2242	638	583	785	845	716	394	377	530	310	805	1798	1862	802	728	309	419	454	318	442	1661	3464	705	358	415	303	296	305	350	299	121	289	299	474	210	225	824	426	189	285	162	292	153	205	1575	2282	2276	3670	3896	7502	6595	4956	4042	3858	11560	14270	13795	12213	8417	10372	8156	4063	3181	4852	6167	6146	3176	10223	11395	5699	9917	3879	3926	6663	3923	3214	3845	3097	4416	9634	12764	15649	13966	11801	14023	12670	9040	6937	7637	4181	3679	4098	5462	4770	7853	8798	11108	10113	2861	1128	881	1055	1107	2183	777	2294	1052	691	3924	1792	442	1039	724	611	1001	385	1664	938	866	808	533	300	329	229	332	288	446	410	228	341	473	213	267	244	360	407	375	287	297	314	1136	330	355	581	2117	2478	2874	3747	3975	7664	7834	4876	3334	3160	8177	9982	15343	13315	5488	2828	8429	3993	3675	6559	4433	4212	2570	2564	2432	3188	3014	2429	2860	4384	3356	2271	2020	832	1394	2156	2611	6725	6865	1020	867	709	4196	5130	10240	5627	5587	6086	5365	5508	5169	2114	665	311	3230	660	1158	697	414	444	334	519	587	415	431	392	535	5107	2649	2508	355	430	3496	5230	3271	3041	2985	3416	3110	2911	5282	4062	2642	3860	2612	2949	3549	3377	3032	2940	2653	3348	2807	2741	3076	3018	3256	3176	292	292	522	204	255	260	242	280	401	401	308	350	402	265	231	245	280	775	1222	402	441	4247	3426	660	398	328	508	427	365	665	1308	3374	2262	692	344	186	181	736	454	451	594	436	1276	619	293	265	476	250	401	504	425	567	921	1001	1435	934	1214	1158	974	1075	2299	1354	1161	1564	2018	2366	2338	3399	1092	1032	899	731	758	822	1767	669	645	531	633	369	601	485	517	563	605	695	707	193	266	263	985	968	1053	790	1739	1773	275	225	194	185	211	269	263	314	178	256	370	228	136	255	124	656	162	240	1043	233	1027	3959	4472	3937	1551	180	162	166	167	361	1596	2591	131	171	202	358	366	173	880	2637	2485	325	1015	349	232	199	178	129	237	379	235	258	298	370	358	149	176	176	324	217	258	166	258	91	253	4855	1626	2560	168	172	274	136	178	140	190	160	275	103	394	147	192	177	156	147	144	129	218	66	202	147	1041	140	267	303	442	528	4731	2327	1944	1438	2231	2134	2171	2076	4170	3371	1421	1302	5801	3874	1467	7061	6583	3627	7497	5259	4111	1068	1191	2730	3178	1600	1515	6255	1653	2440	2651
333	530	3121	2298	334	372	586	276	3831	2479	2148	5133	994	371	615	185	315	296	1206	2046	2655	181	102	158	203	187	180	364	132	155	211	157	152	220	243	274	548	1308	383	492	400	465	450	558	596	281	377	563	393	347	317	366	291	405	304	476	458	357	415	458	625	1351	1237	1549	1352	2113	1278	1584	1796	2516	2279	2343	2822	3870	2200	5748	6032	8785	7102	5163	6312	1892	3116	9136	7710	7472	9210	13184	13275	7564	7249	3364	1177	2642	4553	5417	4866	5291	5120	22737	23021	27003	15883	1789	1578	623	1066	1470	3026	1773	1116	898	2210	405	438	461	371	561	641	303	380	211	269	454	506	663	474	508	537	326	704	588	301	517	475	223	222	141	150	567	186	203	266	224	186	309	165	205	159	165	144	592	316	264	143	314	87	89	204	133	231	864	230	143	1045	689	556	403	453	629	934	953	516	1013	1079	3235	707	917	3307	770	2067	1507	1296	542	768	442	1020	614	469	519	459	4548	3296	505	1398	4790	3094	7139	9949	4078	5146	8377	6435	392	308	320	422	1362	474	475	284	310	314	263	205	415	694	732	1443	1488	1052	1444	848	205	372	283	236	167	230	233	228	277	432	193	158	174	330	112	110	171	234	163	186	316	111	210	278	162	166	153	231	202	163	129	281	178	443	293	259	361	362	493	636	1921	754	609	1336	882	1727	5129	6034	12315	6313	3825	878	1489	1686	9761	9009	1643	1502	2720	3469	3785	2203	607	932	3922	987	1343	1182	2574	1408	1127	826	649	911	313	378	794	418	385	389	523	503	606	411	571	335	278	151	267	284	168	189	233	872	665	544	391	819	869	473	1368	291	266	191	285	144	127	175	291	120	175	64	226	198	194	164	282	147	179	126	326	95	104	152	143	172	225	175	139	233	285	201	556	491	7192	926	1178	631	715	623	509	1067	923	1362	2425	2754	1231	3800	1148	596	1001	18392	1307	1288	752	1224	1426	1373	1290	1017	1333	462	663	1812	1290	1193	2295	2114	2659	3392	2061	2279	820	939	2264	2310	1690	1024	412	445	313	187	1566	924	1009	949	1341	1642	1227	1557	1485	1437	1191	405	190	282	3954	752	252	656	289	168	171	184	134	283	167	143	157	314	263	188	415	190	172	313	253	116	115	246	377	155	116	235	129	194	258	127	305	308	320	207	303	178	153	401	748	908	638	367	146	175	218	121	374	468	534	548	345	401	416	263	480	313	462	373	230	173	6087	8482	9041	9068	8123	435	291	117	595	736	691	654	1285	2709	840	469	201	217	270	464	243	299	226	243	231	139	146	178	131	266	246	264	165	186	148	299	158	213	360	168	297	280	171	176	237	725	407	247	183	162	218	165	73	231	159	173	169	207	296	208	202	237	1848	234	174	188	215	154	117	230	231	66	136	94	228	161	198	276	239	222	237	142	447	303	451	195	146	268	171	336	538	403	302	398	529	329	1059	2941	2874	2452	2501	3227	2486	2794	2889	2744	3050	3429	4442	4224	3480	2928	2911	2944	3239	2520	2928	2875	2871	3018	2728	3239	3310	3008	2814	2722	450	358	362	270	253	241	701	356	207	231	190	132	295	137	225	226	276	128	190	196	249	90	181	109	295	144	99	196	238	113	216	212	224	187	318	184	1009	1298	936	626	893	487	6666	4466	706	2364	1953	3742	4274	3261	7013	5948	5786	4542	3319	1584	3091	2844	6948	20307	3654	3145	1236	1575	1647
103	85	273	117	151	40	82	81	146	128	149	376	102	211	64	445	50	346	194	138	44	161	105	80	156	55	120	213	363	362	120	58	135	66	62	199	71	50	240	423	48	25	58	181	52	65	50	63	56	119	105	80	101	69	106	133	88	35	204	41	146	130	149	56	29	95	109	210	76	1164	478	551	154	156	33	91	49	175	195	95	236	140	151	185	64	191	159	234	424	109	147	70	167	366	111	159	187	177	139	197	279	255	168	172	187	175	177	336	101	282	199	68	174	185	179	215	218	344	398	333	218	175	104	110	150	129	128	100	148	121	136	81	103	166	189	123	70	62	307	270	387	354	344	339	387	144	57	70	89	148	58	73	113	77	113	70	66	101	77	78	68	94	74	94	98	149	58	367	184	2180	704	75	112	82	151	167	234	65	199	190	229	123	474	158	2151	1182	153	136	225	100	80	73	135	213	88	124	140	121	130	83	94	122	157	275	247	94	96	91	132	279	160	93	125	63	122	1008	177	200	127	115	131	76	69	93	110	60	84	185	84	226	77	80	57	71	70	57	67	69	197	65	72	95	124	46	156	109	178	92	71	75	113	66	84	32	80	113	147	168	88	132	1041	109	207	38	190	98	216	144	108	146	274	58	152	257	201	138	227	232	197	217	302	111	304	255	699	132	282	219	270	237	161	381	365	416	232	179	286	141	198	216	54	287	239	404	197	1300	293	236	178	111	156	106	129	229	170	159	127	163	88	51	118	59	54	195	93	81	56	103	97	18	113	108	87	31	94	98	135	40	46	154	54	93	86	81	125	42	88	69	197	328	113	54	165	57	200	1947	139	80	218	91	532	278	73	146	75	178	112	138	107	130	67	139	169	374	519	306	78	364	139	284	226	120	105	268	189	93	91	158	147	168	199	99	1024	162	190	209	204	99	277	78	69	109	474	98	122	124	206	112	156	249	135	93	95	94	146	111	96	98	95	83	90	137	108	47	56	87	164	62	170	134	78	135	56	60	86	87	123	150	116	182	227	56	144	258	340	72	74	54	83	47	68	82	75	91	121	328	1341	118	84	33	50	62	70	198	131	114	164	54	198	59	261	168	199	141	127	506	99	224	83	191	90	47	144	206	231	120	153	275	244	401	253	145	280	214	209	117	119	283	64	134	69	65	65	194	67	50	86	142	66	89	139	32	229	73	51	49	45	45	59	86	183	79	140	106	80	71	76	115	95	55	133	35	105	97	73	92	49	115	71	205	278	271	189	193	145	181	142	176	213	85	222	153	869	1337	114	71	53	85	63	287	195	176	191	128	108	117	111	119	120	191	193	671	1382	131	43	38	91	102	59	155	104	61	165	103	189	113	63	161	67	176	156	124	210	188	43	55	64	120	206	89	157	48	63	237	277	92	104	111	275	59	95	88	103	81	70	178	125	147	159	120	74	77	73	179	111	69	95	71	121	46	88	50	58	53	44	101	76	59	56	96	119	93	155	319	94	113	78	76	189	89	97	143	626	52	92	108	154	229	137	160	77	65	133	374	334	470	325	122	162	102	129	141
12	158	11	14	0	12	0	0	0	12	0	12	2	86	49	29	77	13	1	14	38	49	4	2	84	25	33	13	4	684	122	37	12	0	1	0	0	1	1	0	13	25	48	72	24	91	58	12	25	36	30	12	49	13	72	60	37	26	60	72	36	12	12	48	48	48	36	60	12	60	50	25	25	24	48	36	60	24	24	24	12	1	37	37	71	90	105	56	89	1	1	1	3	2	1	12	0	0	1	68	32	923	24	0	12	25	1	0	15	2	12	2	2	1	3	5	1	3	101	4	15	0	0	12	6	37	84	50	72	61	36	84	72	48	74	36	21	67	7	37	12	84	60	12	84	24	24	25	12	25	73	72	74	61	76	67	48	107	36	33	397	50	63	38	39	108	49	50	37	24	51	73	60	62	49	39	12	25	61	39	40	41	49	121	38	3	63	37	27	59	170	17	17	27	3	78	954	677	0	1	1	33	55	25	26	14	84	87	16	57	40	13	34	77	28	24	0	32	3	2	1	0	0	0	0	2	1	10	1	7	1	21	1	1	0	0	1	1	1	0	13	0	1	0	0	2	1	0	0	1	0	0	1	0	1	1	0	1	1	1	13	1	1	1	37	32	112	219	187	181	194	134	72	0	1	0	1	1	1	13	4	0	13	2	0	1	13	13	1	13	37	2	3	1	19	0	2	1	7	13	71	1	1	46	22	8	8	7	18	140	1	41	78	164	220	222	143	38	123	47	48	1	62	152	112	43	26	1	22	88	3	26	2	38	74	26	1	83	72	56	24	1	0	1	1	1	2	0	0	45	0	1	4	2	2	13	31	21	0	10	70	67	33	33	2	1	1	3	1	3	0	0	0	1	3	4	4	0	2	0	84	2	1	6	103	21	26	17	0	0	0	14	13	31	17	0	174	25	1	0	26	0	5	20	1	180	2	0	0	40	12	13	1	0	12	12	0	0	0	0	2	1	0	0	25	1	4	1	0	24	0	0	0	0	0	0	0	2	0	0	1	0	0	1	0	0	0	0	0	0	0	4	0	900	1128	672	0	0	0	0	0	0	0	0	0	0	0	0	0	0	0	0	1	0	1	1	0	0	1	0	0	0	0	0	0	0	0	1	0	0	1	29	0	8	0	0	0	0	0	0	3	0	0	1	0	0	0	33	1	0	1	0	0	0	1	1	1	0	0	0	0	0	0	12	12	0	0	0	12	1	12	0	13	12	0	0	0	0	29	0	0	0	0	1	0	0	17	6	0	0	4	0	0	0	0	29	0	0	1	0	0	12	0	0	0	0	0	0	1	0	0	0	0	0	0	0	0	0	1	0	0	0	0	4	0	0	0	0	0	0	1	2	0	44	1	0	1	2	0	0	0	0	0	5	0	1	1	0	0	0	1	0	0	0	0	1	0	0	1	12	0	0	0	0	0	0	0	0	0	0	0	0	1	0	0	0	0	0	0	13	0	1	1	0	1	1	2	11	0	0	43	1	0	0	1	72	1	3	0	13	0	1	0	2	13	0	0	24	36	13	0	0
6	40	12	0	2	0	2	11	10	0	0	0	27	67	8	3	25	2	24	13	0	2	1	12	15	2	13	5	11	13	0	1	0	0	0	0	0	0	0	0	0	0	4	24	0	0	0	4	0	0	0	0	2	0	1	12	0	0	0	0	1	3	1	1	1	1	0	0	0	1	0	0	0	0	1	1	0	35	4	0	1	12	0	4	1	0	148	23	13	1	2	1	2	5	1	285	0	3	2	3	31	25	4	0	0	25	46	1	1	0	0	2	37	124	49	4	49	1	5	2	1	0	0	21	124	49	1	3	0	12	0	0	0	34	129	307	0	12	3	36	0	12	13	13	8	24	24	389	12	12	1	1	54	134	172	78	71	57	63	61	65	85	73	92	85	64	66	52	50	50	16	52	51	25	3	7	21	3	1	5	4	4	5	16	26	37	2	1	35	1	12	43	1	9	13	24	3	47	13	31	25	2	0	6	0	12	32	44	108	17	0	13	0	28	101	4	0	13	12	3	3	0	0	0	1	0	0	0	0	1	12	3	0	0	12	0	0	0	0	0	0	0	0	193	25	24	12	24	0	0	1	0	1	0	3	0	0	3	1	0	1	4	1	0	0	0	0	0	2	10	9	11	12	7	7	7	4	3	14	24	48	1	0	1	1	1	1	1	14	70	27	0	0	0	0	17	13	25	16	36	80	84	37	0	12	82	39	2	12	3	25	2	37	68	42	59	187	24	36	0	13	1	1	0	1	1	1	2	149	1	0	0	0	2	0	0	0	0	0	510	2	0	0	0	0	0	0	1	0	1	1	1	0	10	1	0	0	0	25	4	4	3	3	2	4	0	1	0	1	56	2	0	2	0	1	6	4	2	4	2	1	12	13	73	2	22	48	12	0	0	96	1	125	0	1	2	33	25	0	1	0	1	11	13	45	1	12	22	0	1	12	0	68	2	0	0	0	33	1	0	10	0	0	1	0	1	1	12	0	1	0	0	0	1	0	504	0	1	0	0	0	0	0	0	0	0	0	0	0	1	1	0	0	0	12	0	0	0	1	76	1	0	0	0	0	0	1	0	0	0	0	0	0	0	1	1	0	0	0	0	1	1	1	0	2	1	0	0	0	0	0	0	0	1	0	0	1	0	1	0	1	0	12	0	0	1	0	0	1	1	2	0	0	1	0	0	3	0	0	0	0	0	0	0	15	2	1	1	0	0	0	438	0	0	0	7	57	56	119	128	0	0	0	13	1	17	11	0	1	0	0	1	111	160	77	10	0	2	10	12	7	1	0	0	2	7	10	0	0	1	1	0	1	1	12	0	3	0	19	10	0	1	1	0	0	1	0	0	0	0	0	0	1	0	1	1	12	0	0	2	1	0	3	1	0	0	0	0	0	0	0	2	1	0	0	0	0	0	0	0	0	0	0	0	0	0	1	387	0	0	0	0	1	1	0	1	0	1	0	2	0	0	0	0	0	0	1	0	12	0	1	0	1	0	1	1	0	0	0	37	1	1	12	0	25	49	0	0	0	0	34	23
4723	6781	6879	9255	6304	3650	5340	4932	8471	6924	1573	1836	2068	3803	2514	1527	2377	1513	1393	1863	1463	1623	1630	1390	1598	1477	1330	1592	6917	11125	10865	10261	9799	9681	9818	10066	10484	18930	16300	18659	17365	13873	14237	13888	14548	9134	5723	6178	5892	6913	7206	7478	3131	2805	1645	1786	1397	1775	1372	1666	1291	2197	6642	721	1004	1006	1009	2029	3733	5090	10936	13168	12125	11159	19013	28024	25149	23278	15901	15532	6701	6493	8619	9500	9599	7438	6964	5976	12465	2811	7574	3663	3279	7075	7977	3500	4277	7002	8323	7680	5271	9723	10857	10330	8761	10587	18731	18268	11682	4281	5934	4441	4745	3544	3798	3599	4999	6223	3383	4394	3615	4137	2797	3044	1574	1126	2340	4639	2069	4470	10168	8814	10540	9781	7263	6739	6654	6147	6577	6525	5871	6318	6628	15844	20798	17719	7619	4485	3001	5939	2726	2240	1522	1691	2236	3146	2527	2603	3636	1087	3740	3385	2147	2158	4863	2505	2834	3699	8736	4011	4862	2011	5254	6779	3793	3684	4763	8509	6067	7624	5950	7253	8626	7866	9669	9782	11921	11264	12113	11803	11551	12653	12212	11641	8516	11991	13451	12967	16371	16129	11253	9373	4781	5009	7415	9338	6598	7963	6665	7737	6098	6106	5840	6166	4519	4745	3612	5976	4511	2775	2378	3445	2816	2847	3888	4192	4521	6784	4802	4384	4421	4466	4160	4291	5080	5489	5444	5309	5894	5314	5266	5947	6398	6223	3652	3716	3149	3015	2920	3587	7165	4493	2021	2901	7816	9061	8679	9281	3015	7566	2766	3559	4451	6453	6481	8902	13080	14853	13857	10918	14304	10878	14039	9195	22492	21159	12224	19727	21927	15621	16208	12156	9332	7725	6019	4733	3737	6208	5698	7460	7837	11963	7524	10134	7277	5556	4594	4256	8136	7730	7835	9792	18145	10231	9132	9290	4837	6363	4139	3726	4494	3220	3439	3740	3476	2971	3866	3861	4030	4133	3575	3485	4187	3866	3542	5087	4738	3126	2758	2960	2704	2088	2660	2628	2461	2790	5122	3111	3567	4336	4374	3616	3452	2715	2527	2344	2485	3983	4571	8118	4740	1394	2028	1578	1998	1840	3004	6083	2023	1881	3228	4471	5578	3174	9594	5969	6421	8296	6343	5134	8627	8183	5833	7102	17918	12363	7800	5334	5180	4431	4467	4002	3927	3649	3577	4568	4714	4114	8864	10630	9359	9476	6524	6061	4969	4133	3524	3355	3405	2887	4046	3783	3450	3295	2409	2228	2074	1774	1707	5482	4689	5162	2602	2704	2357	4027	3667	1515	2027	1604	1801	1778	6769	8018	5583	2898	3836	4228	3028	2718	2776	6999	7994	2944	3353	3007	5616	5792	5128	4146	4082	2209	1830	4286	6426	5824	5017	5956	4947	4178	2450	1683	3179	3494	4165	3012	2393	1751	1818	1693	1183	1432	1986	1995	1293	1804	2320	2321	1780	2752	6993	2225	1932	3283	4539	2154	1187	2151	2359	1290	823	1089	3673	3982	5066	5355	5795	4753	4004	4231	5310	7736	4389	4020	4814	4479	4016	3049	5176	5298	3067	3107	3898	2633	2835	2873	3413	5335	2994	2669	2501	2678	3192	2745	3014	3306	5794	3433	2622	4214	1413	2691	2600	672	627	694	829	3115	1034	8026	5278	2742	5240	2396	4813	4231	1938	283	299	2300	10461	3682	12106	12850	9812	199	225	257	1483	2377	235	203	317	361	363	427	395	293	365	590	380	386	405	385	304	1718	5715	841	397	313	327	708	386	795	983	1143	862	730	1792	1784	1711	1226	1338	904	396	536	1647	1752	1106	450	428	430	524	403	401	552	995	1071	455	403	322	395	235	7462	7678	148	262	473	1031	2571	1838	1950	1922	2111	4322	9064	1942	2701	4546	5741	4771	3593	2650	4813	1139	1713	1951	2282	4455	1894	932	614	882	379	4819	2740	2040	2484	2152	1607	892	925	5378	5742	5018	3178	3998	4032	3256	2179	1509	2323	1574	4113	4337	5366	9080	7491	6265	4940	5286	5273	8613	4969	4536	3883	8802	4332	4326	4931	6140	4726
483	565	557	646	723	881	656	840	994	6843	6107	5914	6122	5412	5486	5431	5159	4929	719	812	502	822	832	1283	962	797	780	1643	2572	3092	3733	3910	2666	1337	254	338	328	184	161	140	228	286	263	296	253	202	164	106	86	108	77	90	100	53	58	152	61	38	40	68	123	88	69	104	235	331	195	243	283	424	461	663	573	896	2573	7057	2682	6626	818	886	1289	964	1301	950	1226	977	635	281	452	9608	553	623	675	1134	1778	1628	1462	1665	738	712	531	441	642	2030	2771	1974	779	1028	877	1215	2042	1849	1787	2064	1658	1489	942	962	1064	1087	944	749	570	596	423	686	573	484	411	265	268	405	390	410	248	373	229	221	294	322	234	262	375	351	496	593	355	421	506	488	375	374	448	477	373	366	335	498	322	214	224	204	187	252	145	122	118	174	337	420	360	376	301	928	530	1577	1158	1445	1830	1439	872	754	972	1241	1354	1429	1815	2053	2533	2783	2297	2468	2724	3018	3430	2253	2087	1235	1666	1282	1232	1861	1628	1166	1861	1101	1348	1051	1419	1260	789	1266	956	967	840	987	659	631	781	786	1075	1002	948	935	1021	830	800	887	821	599	643	533	964	616	603	924	601	636	711	511	582	524	467	535	598	446	457	547	624	485	600	534	681	606	549	437	708	598	709	905	789	528	650	683	548	637	960	693	1031	1466	813	890	873	1061	1596	1086	884	554	648	705	1472	911	711	398	826	597	2070	1142	1482	1524	1288	1859	1238	1558	1415	3057	2345	2521	2401	2808	2781	2595	2404	1700	1293	1104	1235	1159	1215	1355	980	784	895	922	805	842	726	404	482	364	482	368	326	533	433	533	378	437	205	253	1225	125	243	130	161	112	229	235	113	135	130	96	92	255	92	101	52	91	148	187	246	126	289	104	89	263	162	313	172	232	475	1014	564	241	301	341	1245	1295	1591	1034	12704	17631	11708	1919	2016	2214	1158	836	563	685	882	1530	1228	1839	3068	2327	3971	2992	2147	1351	1328	487	821	830	637	609	459	711	854	825	851	818	784	792	730	350	552	476	855	435	322	236	281	102	195	214	312	201	108	311	120	275	151	217	201	221	170	155	169	157	126	202	93	258	214	261	148	137	139	188	249	351	142	180	226	185	62	74	99	136	117	30	124	164	66	66	159	226	282	47	66	64	70	190	170	151	182	138	128	166	103	147	85	82	114	57	239	275	378	180	282	239	253	294	358	352	450	343	482	300	51	204	363	491	1673	482	239	126	196	227	211	115	191	152	190	169	198	175	205	279	275	277	164	309	176	191	157	337	189	203	203	147	154	194	199	201	234	175	328	223	151	163	203	274	139	94	112	83	50	123	159	111	176	579	742	114	86	223	153	93	106	88	116	97	112	110	147	181	142	123	98	100	114	160	93	188	73	87	49	99	5043	69	35	78	119	75	38	90	97	133	151	141	71	391	548	320	194	214	175	234	317	220	767	1398	802	351	204	332	226	211	209	203	170	91	63	70	145	111	175	166	114	177	114	222	141	77	97	98	54	148	120	195	13	48	32	53	58	91	56	73	42	120	55	46	51	97	47	108	72	30	148	484	380	667	777	452	698	1330	1167	1496	1094	1625	773	778	666	1063	747	836	1207	1014	462	413	360	396	470	499	520	448	495	532	918	986
75	121	208	148	186	195	2484	362	639	295	590	749	498	726	482	869	711	835	787	408	759	398	231	234	320	401	322	282	293	367	291	846	798	678	580	724	723	233	569	477	510	353	555	675	386	489	260	272	141	207	51	138	27	55	42	41	3	27	28	90	102	146	66	113	121	162	125	105	82	248	149	126	239	433	1003	4667	1558	232	340	325	2002	2983	2175	914	1059	619	445	547	494	1018	1085	609	356	182	488	344	656	259	908	1864	3960	174	192	71	138	31	55	145	246	72	68	51	32	29	34	30	54	11	63	28	43	19	67	30	55	234	92	264	72	289	97	90	75	67	74	165	55	121	67	19	61	30	18	18	52	22	10	19	45	3	8	27	12	4	24	18	17	7	187	275	391	1806	1907	2081	1201	186	159	124	170	297	279	120	167	154	275	1236	208	169	122	148	135	293	914	316	617	1274	347	73	296	514	673	272	310	4330	159	248	107	41	104	336	133	76	144	46	145	342	81	88	56	209	246	377	439	222	105	56	1	100	29	171	64	59	4	38	53	132	102	36	16	91	39	18	20	33	23	26	3	2	2	29	1	37	1	15	3	2	18	1	2	3	1	17	1	29	5	21	3	59	186	73	160	99	85	28	49	50	106	120	118	84	104	426	264	529	73	292	228	283	149	93	148	293	142	389	21	46	394	23	272	127	171	182	80	1066	102	88	137	120	66	64	124	173	151	240	89	145	46	87	40	54	98	14	50	73	17	18	2	148	81	51	94	158	3	14	4	1	74	8	79	92	37	59	4	18	159	189	136	255	1	339	2	2	39	1	6	1	5	15	10	37	16	5	16	31	137	88	90	62	104	145	125	111	164	61	464	283	326	183	224	479	145	112	878	110	221	82	56	98	94	250	106	98	190	623	167	161	88	128	807	1802	1722	328	370	75	118	121	37	139	47	99	63	32	80	165	889	351	254	358	303	112	15	16	87	31	25	51	22	14	20	21	23	120	19	15	29	22	32	25	22	1	2	3	1	1	1	1	25	3	42	11	27	24	37	36	16	15	15	2	1	24	1	16	17	1	13	1	15	182	57	75	13	43	51	25	355	233	69	39	31	4	27	38	45	48	23	52	43	27	29	30	64	43	2	5	62	15	62	159	64	52	67	39	5	20	40	10	33	5	30	392	2582	529	4	22	8	4	84	17	2	1	2	23	0	19	26	18	50	81	85	79	80	75	14	3	26	3	2	3	15	2	15	2	4	2	2	2	13	14	869	255	845	3	5	30	6	15	3	16	22	15	80	36	931	85	508	41	88	15	89	8	35	79	75	14	3	167	15	14	2	3	35	5	32	10	38	7	26	51	76	65	1239	306	140	134	93	98	74	67	4	39	168	50	49	76	160	41	26	4	185	63	28	17	174	3	52	18	8	11	3	15	4	11	16	16	3	20	50	45	18	13	15	13	14	3	75	2	1	13	33	15	0	29	0	14	6	8	4	5	6	15	227	126	291	188	31	13	49	240	927	894	398	947	46	46	81	151	68	322	1201	1409	311	296	257	175	56	270	322	291	1612	1815	1115	134
761	437	891	620	580	1136	237	214	336	220	227	301	113	248	205	970	100	202	62	27	19	133	162	904	17	34	258	213	381	176	182	294	139	66	57	34	185	48	63	22	3	95	117	63	157	36	19	40	546	77	165	217	207	81	146	210	89	187	210	52	18	74	207	186	205	176	665	1270	22	1769	230	374	198	214	341	271	2302	1050	120	100	307	84	74	350	102	154	232	72	141	130	230	644	440	3033	9281	9250	10368	9296	9065	8647	9375	5168	6181	1131	431	2789	1667	115	155	2862	284	96	82	211	101	110	139	122	119	814	218	399	118	62	30	141	98	111	60	50	95	134	158	47	88	83	136	90	104	63	20	143	117	825	643	200	64	26	83	41	46	63	15	40	47	92	32	14	39	31	38	63	196	31	50	74	1455	1391	1813	99	242	199	184	325	578	348	138	213	1302	227	51	121	112	970	1183	1043	840	160	411	295	340	236	59	59	137	13	31	33	55	235	441	676	500	125	179	106	278	805	207	243	13	18	206	971	578	306	51	284	9	19	39	71	35	34	51	444	27	10	50	36	28	42	37	37	120	4	40	18	127	106	110	65	19	210	26	12	26	64	74	14	1	76	115	23	28	127	157	47	90	73	33	85	77	91	111	41	42	160	138	213	54	165	348	95	66	132	1246	65	76	165	125	28	55	1757	175	995	851	137	63	85	98	65	111	124	40	17	7	59	109	42	157	2564	95	47	117	91	196	212	238	124	58	20	94	27	68	89	104	72	46	89	42	87	73	65	73	66	33	41	112	139	28	32	91	88	81	241	37	74	392	49	107	117	52	148	213	96	119	125	46	49	87	97	50	58	98	404	102	146	113	437	1068	505	502	263	184	175	211	143	80	202	64	77	66	59	151	63	178	151	166	214	73	378	34	154	1667	477	153	78	228	121	167	191	167	146	327	98	84	48	1214	342	107	94	175	77	39	40	19	56	10	20	5	115	505	411	367	286	223	72	19	67	21	20	77	71	79	29	31	19	14	32	58	28	54	24	67	42	2	46	51	95	44	58	70	93	14	52	13	36	34	15	57	23	21	4	139	14	241	29	72	108	23	58	33	21	69	5	22	6	15	16	50	36	36	26	44	48	30	14	12	14	13	73	108	15	16	135	5	36	21	27	10	15	48	23	19	21	22	22	17	39	788	1379	314	4	14	0	1	1	28	38	55	69	70	96	63	4	3	39	27	14	39	19	25	8	18	74	73	28	50	8	14	21	29	15	26	25	46	30	65	752	722	31	16	22	3	20	2	26	38	51	25	23	16	3	7	29	3	28	5	21	44	4	5	16	15	31	1985	2537	835	1	26	8	6	18	55	63	52	30	77	80	31	36	60	69	69	36	37	36	46	13	47	70	62	118	64	37	10	31	14	25	26	68	22	25	0	0	3	14	17	15	20	34	12	39	53	13	29	14	3	25	24	171	75	41	22	4	39	14	15	36	26	61	30	71	26	15	40	24	28	926	24	8	13	30	94	25	36	38	1204	80	29	763	71	52	100	2472	2919	8821	14682	57	184	9	23	56	66	251	149	154	203	84	6	195
2964	3161	3360	3743	3099	2841	3412	2666	2917	2868	3141	3764	3160	3330	2690	2565	2522	2295	2909	3049	2733	2452	2041	2849	3478	3670	3044	3741	3363	2256	2298	2702	2875	2450	1716	2296	1501	1448	1245	943	1127	1655	908	1333	1331	1035	1280	1122	1142	985	950	1322	973	841	1168	1183	1489	868	536	954	762	966	710	853	1065	1362	1228	1340	1026	1059	1220	1690	2900	2930	2395	3076	3183	2317	2228	1853	2570	2756	2620	2974	2678	1361	3432	4001	4336	2465	1614	2250	2022	2106	2410	2126	3790	2132	2073	2364	2329	2464	2355	2777	4373	4745	5231	4925	5542	4778	5328	3709	3329	3999	2568	2604	2629	2994	2353	2867	2434	2140	2372	2842	2385	2223	1889	2411	1735	1656	1812	1614	1614	1726	2554	1850	2260	2443	1868	2093	2044	1619	1640	1839	1307	1211	1288	1147	1098	1392	1234	986	1082	874	1053	807	932	1106	1056	1136	1299	1220	1112	938	1082	1311	1784	1829	1252	1605	1709	2194	1752	3614	2803	2152	2122	2008	1789	1981	2479	2733	3033	2791	2706	3373	3491	3729	2176	2247	2337	2655	2679	3254	2253	2173	1979	1950	1932	2473	2640	3008	2529	2331	2042	2391	1737	1999	2570	2473	2269	2309	2545	3482	3376	3665	1830	2655	3262	3685	2967	3873	4039	3498	3293	3025	3795	3413	2955	3036	1883	2001	2198	2068	1598	1842	1420	1487	1353	794	984	637	564	617	602	534	953	738	525	550	534	429	483	654	975	859	1201	1504	1081	1103	1371	1408	3359	1892	1765	1456	2153	2091	2501	3739	1717	2771	3935	3845	3817	2285	1487	2228	1493	1125	1666	2465	2381	1921	3100	2601	1524	2151	1663	2034	2735	2332	3580	4100	2875	2939	2980	3480	4644	3467	3439	3408	2598	2795	2805	2443	3930	3796	3720	2542	2509	2495	3478	3498	3611	3250	3197	3018	3300	1704	1871	1620	1760	1637	1454	1545	1593	1362	1476	1160	1258	1311	1305	1397	1188	1248	1158	824	1055	831	895	822	917	1252	728	1138	788	1025	931	973	796	960	1151	1020	1319	1406	947	1225	2077	2622	2618	2337	2194	2104	2126	1789	1702	1165	1657	1560	1265	1659	2104	1583	1894	1497	1547	1245	2161	2567	3432	3275	3463	2580	2274	2399	1936	1569	4512	36865	35539	4224	3763	4128	3849	3656	3795	3197	2651	3924	3089	2987	2989	2152	1820	2557	3048	3334	2790	3929	2834	2318	2691	2743	3837	2080	1240	1550	3434	2967	2764	2359	1091	687	626	628	745	731	613	824	459	504	673	639	782	851	1321	863	636	605	827	1197	819	1242	1486	1009	1129	898	855	870	940	791	766	570	633	528	1035	899	405	657	451	539	626	543	662	582	839	285	454	438	200	442	341	611	404	311	551	630	485	650	1536	451	328	400	235	373	272	651	1505	1175	877	400	467	425	1169	1127	1520	1400	1911	1861	2620	2497	1971	483	319	221	452	832	542	594	684	639	1948	769	294	399	565	462	341	305	502	270	574	1057	478	442	372	353	202	267	152	169	142	270	70	209	149	335	299	550	231	368	204	161	178	143	177	124	91	152	156	384	346	326	142	198	138	220	255	352	465	289	328	263	346	196	269	192	78	146	276	167	273	199	226	80	147	153	216	149	136	333	606	362	263	783	1186	1981	2236	1037	211	318	440	550	606	959	359	218	228	195	225	224	209	169	210	269	227	156	560	640	476	578	504	634	139	83	720	618	160	195	275	184	152	200	161	316	478	495	278	180	107	285	118	78	86	142	203	102	194	146	461	894	615	449	418	667	641	580	917	1443	1379	1686	1578	1710	1398	1342	2340	2006	1741	1903	1535	2434	1855	1855	3354	3041	1988	1290	774	1039	2364	2444
525	414	498	1639	526	469	308	701	1153	423	531	236	136	332	449	643	908	717	573	594	507	420	716	793	612	561	395	709	745	582	270	286	299	262	150	143	296	287	180	202	182	188	155	246	390	208	225	189	149	162	247	162	90	195	136	230	148	126	146	236	607	93	253	119	151	128	591	839	768	1056	3842	3111	958	1301	2037	1311	2064	1543	1098	3323	1317	592	1692	681	700	948	673	552	485	613	300	445	800	789	471	720	1176	483	459	2718	2818	515	1086	710	534	421	1133	1115	3852	18395	15174	16225	11112	677	546	447	594	560	753	663	954	900	744	802	745	288	243	151	218	208	239	175	185	173	186	220	188	211	115	378	705	642	582	518	515	698	219	269	282	279	308	205	214	340	154	264	105	183	305	355	225	193	425	341	205	3660	800	280	350	300	272	969	452	528	579	956	1259	552	941	649	448	408	331	693	6593	6900	6638	1710	755	359	632	790	822	883	864	837	439	448	459	520	411	283	734	350	310	559	1757	850	525	522	370	410	750	780	516	479	344	632	356	579	847	730	853	939	733	1073	1067	1127	1263	623	434	611	719	566	532	887	561	527	620	633	421	409	374	596	556	273	193	534	305	338	146	188	302	126	316	294	285	160	205	393	344	275	389	304	730	514	596	1226	1209	1504	1419	1427	871	899	1156	725	962	885	1253	1590	1670	1053	1229	1482	1181	914	1348	1161	1310	2038	1948	2393	1538	1832	1751	2498	1606	1391	2067	2165	1459	1490	2060	1795	1276	1525	1555	1580	1687	1807	1778	1816	1851	1535	1787	570	622	922	414	981	806	409	511	519	378	534	615	523	777	1566	778	1053	1750	739	986	867	958	422	322	322	542	425	239	210	413	234	268	526	209	205	227	286	228	341	1214	183	2805	6483	1925	3441	3597	3119	5054	3087	3254	4129	4533	3518	5703	3317	3573	2753	2059	1889	2098	1954	1788	2321	1749	1593	1474	1909	1420	1324	1302	1687	1758	1512	1323	1275	1284	1193	962	1133	1228	1442	2056	1946	1914	1326	1471	1738	1608	1878	2074	1524	1541	2018	1021	1102	1037	1228	1185	989	557	991	333	331	151	120	197	269	228	328	172	78	105	263	195	347	113	184	340	499	518	298	469	297	107	67	362	163	316	91	262	238	99	218	134	100	89	234	133	238	292	274	1260	531	390	258	200	367	332	460	233	211	196	266	249	146	215	204	233	214	145	207	244	561	358	314	116	269	411	276	373	472	389	177	719	488	519	277	589	355	119	258	191	137	734	263	383	174	330	627	169	603	189	312	319	402	244	100	131	51	652	122	101	288	269	209	202	158	224	121	112	141	124	174	254	169	73	184	135	139	192	219	429	180	221	222	396	277	253	1253	236	240	173	282	252	397	252	368	283	221	240	191	472	270	278	375	240	150	159	154	354	465	136	211	158	198	423	147	177	219	119	143	101	140	178	514	1119	740	899	906	988	863	1074	802	1056	886	1059	747	800	784	968	815	545	388	125	104	104	145	211	87	90	134	217	97	247	114	54	111	144	55	60	40	134	171	136	120	78	59	92	53	105	130	183	103	148	93	111	59	61	52	79	106	98	125	69	111	129	199	269	183	179	372	836	197	800	324	1266	1997	2027	1058	343	231	146	316	394	956	271	1032	389	217	588	187	259	1019	1077	1518	527	196
244	288	363	299	462	576	406	243	528	1618	2136	1871	2283	1279	926	1148	146	155	426	85	318	876	545	40	314	159	368	511	459	3974	362	132	149	23	60	75	37	49	186	1644	268	47	49	62	68	96	78	188	25	49	39	54	57	34	14	36	25	23	65	45	38	60	311	16	99	22	386	460	133	470	540	251	260	375	381	410	1109	795	293	309	1230	829	1122	2608	3776	3990	9130	625	263	129	793	555	164	613	753	1307	840	1166	1396	974	238	341	311	118	112	576	424	182	130	162	750	639	360	191	153	130	289	110	178	236	92	84	48	60	64	118	266	127	49	11	60	161	12	84	36	48	62	44	38	28	55	24	24	72	128	33	28	70	92	1	25	48	48	12	79	76	37	15	38	2	89	41	219	87	357	203	1743	1600	178	162	864	555	85	193	580	381	131	210	636	487	234	395	188	159	395	279	1600	811	769	230	128	165	160	204	1056	950	874	747	1177	1259	370	162	106	553	172	108	628	474	219	115	222	529	1099	1015	1221	427	41	279	85	179	67	220	70	136	56	142	284	835	1011	916	1153	970	843	730	759	800	120	73	97	695	59	64	191	50	36	14	1	15	62	60	51	85	89	2	239	85	27	217	235	340	357	542	724	454	1111	497	473	197	521	423	241	462	278	2568	930	692	209	558	246	532	455	385	444	121	2023	1911	795	485	237	147	241	186	573	241	111	113	172	793	139	957	147	80	352	561	617	473	113	2285	304	205	161	270	29	134	170	264	73	112	61	674	743	917	643	899	1001	713	886	902	1166	1060	198	52	24	36	70	216	169	51	48	39	36	116	49	52	36	27	58	24	61	14	26	119	111	47	179	240	97	1442	132	307	52	294	212	1073	3239	2291	288	292	215	296	323	322	340	205	579	499	648	3096	411	173	439	221	1412	2427	2090	412	262	76	118	89	233	118	107	1088	1114	833	646	420	317	305	221	305	452	581	251	392	556	819	855	85	60	55	133	77	22	87	126	83	35	74	92	18	637	318	65	109	108	122	25	47	58	47	37	64	37	110	26	96	24	54	52	24	16	58	29	24	61	28	24	63	476	708	1106	690	990	1163	580	204	697	111	204	93	49	52	75	38	48	36	49	66	66	38	28	79	244	59	2	35	43	81	125	178	26	664	28	14	93	83	33	28	56	165	345	224	110	226	302	313	194	183	152	72	109	71	19	62	167	37	144	24	41	48	27	51	118	158	62	56	2	117	24	22	37	98	2	50	84	59	52	6	14	27	49	35	27	28	31	36	39	39	34	13	408	70	49	38	26	50	234	39	61	35	73	58	52	13	39	17	4	40	24	27	39	12	15	25	52	12	13	2	72	34	24	35	622	443	19	52	17	61	16	26	50	51	41	20	26	36	60	85	13	60	38	54	59	147	60	74	11	75	60	50	54	64	37	3	35	42	37	76	70	49	65	9	40	24	52	25	57	38	37	41	41	97	36	25	36	62	44	52	84	48	29	25	25	25	29	5	48	68	388	1095	382	2024	1410	287	1142	202	112	1047	92	569	143	101	137	84	242	253	1382	1934	2618	1411	368	203	433	684	441	98	20	386	256	975
24	12	0	0	0	0	0	0	24	14	0	0	60	0	0	0	0	0	0	0	0	0	0	0	0	0	0	0	0	2	2	0	0	3	0	0	0	0	0	0	0	0	0	0	0	0	0	0	0	0	0	0	0	1	0	0	0	14	0	2	0	0	0	0	0	0	0	0	9	0	24	0	0	0	1	24	60	25	0	27	0	22	0	0	0	144	0	60	2	0	1	2	0	216	589	576	576	625	444	720	612	600	359	0	0	2	2	60	12	0	0	0	0	0	0	0	0	0	12	0	0	0	0	0	3	0	0	0	0	2	0	0	0	0	0	0	0	0	0	0	0	0	0	0	0	0	0	0	0	1	0	0	0	1	0	0	0	0	0	0	0	0	0	0	0	12	0	0	0	0	12	12	0	85	39	79	0	13	12	24	11	0	2	12	0	25	0	14	13	13	4	12	12	1	157	0	0	0	0	0	0	1	36	0	1	0	12	36	1	0	0	14	0	1	0	0	0	0	48	12	2	0	0	0	0	7	0	0	0	0	12	0	0	0	2	0	0	0	0	1	1	0	0	0	0	1	0	0	0	12	0	2	1	0	0	1	1	0	0	2	0	24	0	0	2	12	0	1	24	11	57	25	105	15	0	12	24	96	0	12	12	29	57	43	49	85	142	156	89	0	22	0	600	1	0	6	0	0	0	0	0	0	0	90	56	0	0	0	1	0	0	1	2	2	1	1	0	0	0	12	0	3	0	0	1	1	17	0	0	215	0	0	14	0	0	0	0	0	0	0	0	0	0	0	0	8	0	0	0	0	0	0	0	2	14	2	3	26	39	14	13	15	39	26	39	2	2	14	340	1775	830	326	434	387	363	506	944	1088	1062	814	445	541	433	325	455	422	482	458	529	339	412	544	361	230	410	470	469	350	434	530	398	528	423	399	494	411	397	446	398	458	493	328	408	483	434	433	375	457	327	435	291	329	493	171	2	2	2	3	4	3	0	0	3	0	0	0	12	0	2	0	24	1	16	72	2	0	4	36	1	1	1	4	1	181	300	409	302	241	566	381	528	411	493	477	362	473	338	375	337	37	1	27	108	0	0	4	0	0	2	1	0	1	276	384	312	13	0	0	1	0	24	0	0	0	38	7	87	1	0	0	0	0	277	0	14	42	32	13	27	6	36	106	547	456	456	494	336	445	625	337	494	456	517	507	435	409	469	360	469	324	326	434	409	456	397	468	312	528	518	290	529	528	422	445	385	458	528	180	22	11	39	26	38	24	13	3	25	65	0	35	35	0	32	42	23	12	13	59	32	67	39	30	0	26	2	0	73	34	86	27	26	1	21	12	26	41	2	2	28	11	37	27	38	24	50	14	14	16	50	3	16	49	1	18	18	4	34	11	13	29	37	54	11	1	1	0	0	1	1	0	0	1	0	1	1	0	1	1	0	1	0	1	1	2	12	2	0	2	24	96	2	44	7	0	86	6	38	17	43	209	55	72	24	32	65	28	86	31	69	99	2111	1683	18	62	145	116	85	72	151	180	60	54
1170	545	2172	747	611	992	2208	1546	731	1696	1550	1337	952	449	359	424	611	894	715	507	544	2412	421	419	344	521	393	1695	1934	350	264	419	942	598	1689	2541	2481	317	300	435	305	253	312	257	601	354	389	523	528	333	367	318	146	250	281	157	196	245	341	309	279	294	248	833	691	438	1119	2772	2270	1400	853	796	695	1346	1168	2066	2873	2661	1345	1698	1144	1808	1350	1268	1117	1300	2110	1967	1617	1295	1220	1325	1812	2129	1680	2391	1066	982	830	905	630	554	663	720	748	552	541	1057	779	766	843	629	1391	1045	495	453	715	393	643	1723	1963	1496	1642	1150	298	365	287	530	245	415	416	358	331	703	247	343	273	244	340	445	1928	1533	1343	1511	585	460	428	467	615	485	232	175	213	213	212	248	386	371	518	431	499	391	401	313	547	446	678	502	950	598	804	1544	1521	2094	3129	2421	2085	2608	2651	601	880	1201	877	867	1030	6421	2140	981	2098	1627	1211	1696	1819	1758	2711	2092	397	575	660	812	801	1614	2074	688	675	970	784	626	672	3416	1364	765	841	815	676	798	639	918	976	787	719	846	873	1559	1051	1157	967	610	431	519	329	436	202	346	406	262	624	395	343	599	705	506	460	526	466	1003	389	565	381	484	402	477	363	353	623	396	941	739	433	672	1914	2646	5175	1849	2887	1932	3785	4100	2625	6485	1845	2127	1606	2617	1194	1114	1109	1249	987	1335	1120	1186	882	1116	1492	980	1689	1909	813	927	1020	1219	444	1002	834	738	687	561	1061	1439	1465	1135	1052	961	934	1167	1223	879	1127	1275	759	761	947	1203	845	1166	736	1057	733	740	1061	774	830	569	777	617	797	922	677	624	357	721	952	919	1190	901	1514	1763	1685	1336	1486	1537	819	548	348	399	274	401	407	300	303	158	380	349	174	406	627	460	504	2132	1553	1187	1654	1880	2751	1854	1894	1236	1297	1369	1076	1209	1731	2043	1312	1787	1513	1510	1492	4115	3315	462	1058	953	1391	1454	1162	1233	943	252	400	321	603	484	376	204	9771	17797	7440	1433	419	694	400	348	470	397	912	948	1026	589	707	555	358	282	432	503	514	583	1188	593	565	405	579	1070	438	513	330	427	657	705	810	309	232	410	352	449	452	239	276	376	375	350	191	241	371	377	348	309	256	391	180	238	106	214	162	130	227	306	371	437	311	357	345	608	518	611	495	473	440	411	512	599	949	642	667	669	619	499	716	683	500	331	866	590	452	276	398	638	607	368	591	410	217	233	250	238	232	292	267	316	490	446	441	275	270	332	208	252	585	284	1814	2150	1967	2278	2217	2157	2268	2128	2342	1885	178	178	144	243	155	291	156	84	165	156	130	218	430	513	177	610	248	155	179	155	198	152	282	363	369	402	194	298	195	411	277	186	5987	208	188	294	197	873	970	903	354	381	1979	365	411	285	191	165	345	313	137	574	642	794	745	435	427	362	455	330	282	340	355	349	1534	1186	207	522	604	369	241	350	4366	287	984	941	382	318	1112	2264	289	369	508	203	250	804	147	341	800	364	449	367	435	1695	483	375	554	323	451	326	304	2438	603	86	170	275	138	106	150	195	107	121	161	155	112	267	235	213	359	382	475	647	1728	550	424	828	1339	974	1201	1303	928	1138	1206	1192	1417	1410	1128	826	1391	2367	1648	1761	2223	1682	1233	1111	1079	848	909	1104	964	562
11	0	0	1	0	0	1	0	11	1	0	0	0	0	0	0	0	0	1	0	0	0	0	0	0	0	0	12	0	0	0	0	24	24	54	54	1	12	0	8	0	6	1	0	0	0	0	0	0	0	0	0	0	0	0	0	0	12	31	24	4	0	0	0	5	0	2	0	36	0	0	0	0	0	0	2	0	0	24	0	12	0	24	32	37	0	15	73	0	0	0	9	0	0	48	29	0	0	0	0	0	1	0	0	23	7	0	2	4	12	11	0	0	0	0	0	0	0	0	0	0	0	0	0	0	0	0	0	0	0	0	0	12	527	707	48	0	21	30	12	0	0	0	0	0	0	0	0	0	0	0	0	0	0	0	0	0	0	0	0	0	0	0	0	0	24	1	0	25	1	1	25	0	0	1	0	0	281	86	12	5	1	0	52	12	15	6	6	15	9	14	493	870	1018	952	0	0	2	4	16	24	0	37	23	156	42	63	38	19	120	43	10	57	131	15	61	4	2	2	2	1	0	2	1	0	1	1	22	21	12	0	0	0	0	0	4	10	1	0	0	0	0	5	0	6	7	4	6	1	0	21	36	10	1	14	1	8	14	1	1	52	9	3	0	4	33	69	15	1	67	0	42	3	13	5	37	26	38	24	87	90	25	36	51	33	71	21	89	0	27	25	89	12	0	0	0	0	0	0	0	2	1	0	0	0	0	0	1	1	1	0	0	0	1	2	2	0	0	1	0	0	1	0	0	0	22	1	2	24	0	0	0	0	0	0	0	1	0	3	2	0	0	0	0	0	0	1	1	0	0	0	1	3	0	2	14	1	1	13	41	11	16	20	62	1	37	12	2	13	14	9	1	0	55	20	2	30	60	108	81	55	146	55	96	195	63	130	58	2	1	1	0	8	0	1	2	3	2	0	1	0	0	0	0	13	1	1	2	12	22	0	2	2	3	0	1	4	0	38	45	0	0	1	1	0	0	2	0	0	0	0	0	0	0	0	1	0	1	0	1	2	0	14	2	0	1	3	1	11	13	2	1	26	0	1	2	7	4	3	0	0	0	36	43	12	51	39	12	13	1	1	2	10	0	2	2	1	0	0	1	1	0	0	1	1	1	1	24	1	2	0	2	1	1	73	2	0	1	2	3	2	9	0	2	0	1	2	1	2	0	0	0	2	0	2	1	1	25	2	1	2	0	0	0	2	2	2	0	1	2	3	0	3	1	4	1	3	25	2	0	1	1	3	2	1	1	13	2	2	116	0	2	13	1	2	3	1	0	2	4	5	1	1	1	3	2	1	14	0	1	0	3	2	0	1	1	3	1	13	36	79	2	3	13	2	12	13	2	2	1	1	1	5	17	34	13	0	17	0	3	25	1	12	2	2	1	25	26	0	0	3	13	2	1	3	3	1	1	70	3	1	0	1	15	26	1	42	7	1	1	13	2	0	3	1	2	0	1	1	0	2	2	6	2	8	77	34	2	64	7	29	105	53	33	5	15	26	5	56	26	23	255	63	2	3	28	9	23	8	12	41	55
64	21	13	28	29	42	64	66	37	13	2	1	15	136	75	46	14	68	65	21	16	38	30	15	3	2	9	121	366	123	172	27	126	120	94	54	20	28	25	22	110	16	16	12	3	37	14	12	15	1	3	7	3	14	13	63	68	3	4	16	24	80	93	938	132	168	137	71	70	48	74	119	58	148	92	20	82	49	132	55	29	105	227	30	76	144	13	485	81	242	120	55	77	70	50	77	133	1429	1483	162	212	111	214	169	24	30	37	69	12	68	9	789	50	115	60	88	85	77	91	63	59	41	74	74	41	66	66	445	49	17	24	35	16	28	22	83	53	11	13	10	15	21	28	60	19	6	21	101	56	68	42	70	40	117	32	29	28	9	7	1207	75	155	33	52	55	57	51	396	444	345	355	435	402	354	319	269	172	155	427	213	731	555	344	493	734	1247	1158	1027	616	862	580	819	460	393	635	663	389	841	552	608	792	520	691	703	785	727	665	626	649	467	720	1829	1541	1690	1557	1716	1692	2233	1697	355	415	327	453	2139	2707	2439	2540	1243	320	461	491	436	778	1271	536	527	361	194	291	611	577	512	674	682	801	462	191	110	220	155	128	126	125	77	117	633	186	88	177	109	292	354	366	472	677	550	624	634	527	762	636	684	688	543	1260	1197	1153	1440	1381	1462	1845	2531	2222	4064	4620	70238	29855	3831	2556	1792	2681	2472	1506	1699	1267	1483	926	616	547	231	308	331	228	371	194	137	1110	3477	3360	3723	3067	2599	2426	2435	2641	2722	2472	2367	2511	4491	4422	4807	4329	4890	4701	4786	5308	4634	4305	4726	4422	4566	4270	4491	2202	1958	2020	2320	1945	2125	2088	2548	2092	2104	2083	2272	2125	1603	106	138	194	3815	744	327	305	1302	2111	2696	1225	696	731	1314	668	397	427	379	710	710	642	460	600	302	499	693	950	914	1078	779	410	525	1337	778	934	330	999	631	587	597	576	849	1075	1372	1190	1508	1784	1790	906	339	94	391	335	333	933	2729	2711	2715	1224	476	435	2266	1483	544	525	524	442	2560	2608	2595	2414	650	382	274	120	72	191	302	176	185	42	33	74	132	78	130	143	83	136	275	259	102	75	149	70	131	217	310	166	444	270	139	91	159	348	146	72	77	93	196	164	328	407	399	259	516	99	285	291	231	317	231	220	402	177	362	278	337	444	579	530	457	446	595	574	640	524	391	680	472	393	205	83	99	167	228	229	279	146	249	762	2523	2424	2420	137	148	324	2412	2218	2240	83	154	83	2054	2151	2424	1206	49	122	60	79	40	53	180	154	100	105	74	15	398	14	584	759	47	187	132	257	115	137	159	119	91	66	97	58	449	120	36	91	66	59	15	10	72	114	53	53	297	51	54	81	537	25	69	77	483	56	50	90	38	54	73	106	96	639	705	796	656	844	659	750	1162	1100	723	721	806	1787	1975	2378	2352	1799	1414	2104	1463	174	152	731	3100	2649	2819	363	330	412	774	78	194	86	56	83	2291	2374	1919	961	42	31	98	176	154	130	115	176	442	161	54	168	467	142	100	197	108	45	60	90	84	90	69	44	62	52	180	284	702	149	250	143	122	60	246	211	286	443	668	377	448	520	368	917	980	650	393	504	588	507	477	456	471	1009	1094	1290	1406	1002	653	1131	1619
117	36	41	82	297	226	185	102	40	32	38	30	15	23	41	71	97	41	5	17	40	153	44	25	130	193	100	161	149	123	47	62	47	27	66	59	34	24	35	82	49	71	45	2	10	146	68	48	65	27	28	2	0	0	0	1	0	0	1	0	3	5	2	12	0	34	64	1	6	36	9	7	0	1	0	2	2	46	43	0	708	302	0	1	2	9	14	41	17	41	0	0	0	0	1	0	0	0	0	0	1	1	13	12	22	61	22	19	96	110	75	54	71	38	93	129	87	65	14	64	61	74	46	37	1	37	13	2	1	25	27	13	68	23	61	12	39	25	50	110	49	15	2820	26	62	76	26	25	13	49	48	36	23	10	97	100	86	13	13	60	48	36	24	48	0	45	101	91	70	183	77	87	62	96	60	84	110	85	0	1	38	113	188	25	3	1	50	31	44	15	10	45	45	42	1	15	20	54	150	86	170	74	62	39	26	95	14	7	73	67	117	67	2	0	55	117	37	52	85	114	26	1	5	10	2	0	1	2	6	13	7	1	0	25	164	70	67	14	3	1	13	2	25	155	167	86	61	134	87	50	63	107	57	15	27	8	5	45	9	114	146	145	45	108	109	104	88	93	56	18	14	12	4	37	14	5	8	2	3	14	3	5	8	114	75	41	82	49	71	65	15	47	3	4	9	43	71	65	65	92	51	18	17	32	26	47	4	62	108	56	89	57	22	29	17	0	0	1	2	0	1224	22	0	0	0	1	77	36	1	1	4	1	1	5	1	0	1	22	0	0	1	1	1	2	42	91	72	7	111	42	40	109	61	36	1	1	34	59	68	131	158	290	201	156	160	155	169	268	264	182	90	156	47	4	36	43	35	85	93	101	25	87	46	27	75	87	105	90	40	27	13	0	69	57	71	21	16	16	60	67	4	4570	5453	2330	27	37	13	14	5	73	20	36	31	8	19	20	26	38	7	1	9	13	29	15	30	5	27	2	0	1	1	36	24	90	40	11	6	1	2	1	0	2	2	2	0	0	13	12	2	12	25	28	62	43	50	120	130	44	96	51	19	13	30	16	44	2	2	7	6	4	3	1	2	4	15	26	40	2	51	15	20	17	34	14	16	44	2	3	2	0	1512	29	72	82	127	36	1	4	15	101	12	0	2	22	1	6	61	48	45	2	26	113	1	0	4	2	2	3	3	25	9	46	0	0	2	0	0	0	1	1	1	1	1	0	0	0	12	0	0	2	1	1	0	0	0	1	1	1	25	26	37	25	11	52	52	46	15	16	14	14	54	15	43	171	135	221	190	87	116	201	154	227	146	67	99	50	82	84	83	104	123	87	163	133	103	181	120	22	38	0	36	2	11	16	2	25	26	41	23	15	20	54	38	54	3	7	6	79	86	1	2	22	45	13	6	33	41	1	1	1244	2	3	1	17	4	0	3	71	36	27	11	67	144	57	7	0	12	2	2	1	5	7	0	619	2	8	3780	14	8	51	49	45	14	135	170	48	71	39	24	54	104	49	18	3	14	19	3	50	4	46	16	113
7	12	52	46	24	2	0	3	12	0	11	1	15	52	0	4	11	5	6	28	8	12	9	2	5	32	2	12	0	10	13	0	1	0	11	10	12	0	0	12	11	1	1	14	0	1	15	7	3	0	0	26	11	1	1	1	5	17	6	184	35	0	11	98	233	188	121	178	166	104	231	133	141	111	79	69	87	51	58	44	50	32	63	137	12	84	15	48	21	109	44	35	42	12	12	65	5	5	22	25	10	0	0	21	0	13	11	1	3	3	2	12	0	2	36	14	54	31	9	3	37	11	2	42	1	24	1	2	0	3	3	25	41	7	1	2	0	0	1	0	11	11	2	17	1	12	0	0	1	2	1	0	0	13	5	2	1	36	1	3	1	0	12	130	120	87	23	16	53	11	44	29	14	26	16	54	8	19	1	54	34	47	55	39	27	15	28	59	21	14	36	12	32	23	30	42	11	12	0	0	3	10	26	22	0	1	11	0	1	1	4	0	37	0	46	46	0	4	0	14	1	12	1	14	8	1	2	10	5	11	1	0	0	0	2	0	0	11	10	0	1	1	1	0	17	0	1	0	0	0	1	5	1	10	1	0	5	62	71	27	45	13	12	44	23	51	82	60	40	19	191	128	127	54	83	28	2	32	46	86	54	2	53	57	0	138	108	18	40	11	0	23	0	3	3	30	1	1	1	0	1	11	7	1	0	0	1	21	3	1	1	2	7	1	11	22	0	1	2	2	1	3	3	12	11	0	1	21	0	0	0	1	0	0	2	13	0	3	2	11	4	16	10	0	0	0	0	24	68	68	45	63	133	81	108	115	81	140	70	139	3	145	59	135	72	87	22	28	0	128	25	64	52	13	23	21	45	13	14	12	81	14	36	32	14	66	20	67	12	1	0	12	11	12	21	12	42	13	0	0	0	1	0	11	0	1	1	2	2	0	1	8	1	1	10	1	53	11	13	2	2	4	2	4	2	2	0	0	9	11	4	1	0	0	0	19	3	0	0	12	1	0	0	0	4	3	3	1	1	1	0	2	43	12	1	7	4	1	3	10	26	26	1	13	0	10	11	3	12	0	0	2	10	0	0	1	0	0	1	22	11	0	1	10	0	1	2	0	43	34	35	4	15	1	53	12	12	3	11	17	24	2	0	1	0	12	9	58	0	35	71	125	62	11	1	2	22	44	1	11	12	0	0	13	1	48	41	53	52	83	55	102	42	98	45	55	35	73	28	57	187	41	29	30	89	41	89	64	17	36	6	20	35	29	50	2	1	4	1	16	12	8	6	2	3	8	1	13	6	29	44	17	17	0	23	5	10	70	6	32	27	3	8	2	2	23	11	32	22	1	10	10	11	13	7	0	13	0	46	59	25	0	7	2	11	0	6	11	1	1	13	39	43	1	3	11	2	1	2	11	0	2	4	13	0	2	10	1	0	0	1	1	0	0	11	49	39	7	1	33	1	1	107	76	73	189	10	26	45	38	21	40	67	56	48	28	35	65	57	96	59	3	36	75	57	171	81	69	4	12	21	17
1295	991	1039	868	1665	1213	1949	1430	1967	1072	878	4372	521	735	906	1231	1373	1522	1064	1293	4318	1190	1325	2674	1326	682	2572	5459	1297	976	3280	1078	1535	3732	1747	1520	2799	2869	1422	1855	2262	670	705	1525	593	677	595	637	600	799	777	596	894	589	448	614	1058	801	1311	980	1417	1319	1349	1194	1899	1707	2157	2279	2008	2275	2151	2447	2255	2343	2441	3213	2884	5092	3656	4680	4260	4183	3863	3066	2339	3042	2646	3071	3323	2746	1305	2345	11837	3925	3228	2538	2008	1708	2787	2453	2476	2540	6450	7958	2056	1438	1921	1703	2027	1916	1518	2087	2049	1524	1777	1317	1447	2131	1660	2225	2254	2665	2402	2049	2553	1663	1647	2168	1956	1813	2659	2408	2444	1722	3501	1541	1673	1214	1108	940	800	943	586	581	411	580	908	519	645	943	598	638	741	684	687	829	694	872	1120	1146	1156	1150	1388	2037	2222	1645	1718	1761	1596	2093	1554	1701	2108	3605	3380	4007	3258	3141	2704	1443	2587	2705	1888	2358	2129	1932	2231	2102	2428	2213	1956	1618	1812	1948	1559	1608	1814	948	1567	4462	2255	2181	2461	2774	2243	2293	2278	1924	2419	1862	1720	1550	1508	1969	1671	1405	1717	1271	1491	1229	646	1449	1090	1197	1396	1399	1601	1472	1471	1757	865	692	632	1036	1067	1278	947	943	1037	1380	985	830	859	906	1230	1094	1118	739	1255	1893	1954	1714	1292	1369	1002	1432	1060	655	988	1230	976	1683	3351	2777	2287	1161	1907	1875	2316	2652	2584	2764	2892	2358	2170	3248	2354	2575	3470	7001	7364	6530	7426	8332	7803	6597	6664	7237	9531	11463	12144	12983	11536	11956	11854	12327	7625	6709	7443	7141	6818	7212	6251	6255	5945	6910	7074	7353	6668	6496	6203	5916	5972	6152	5422	5774	5495	6766	6106	5674	5487	6444	5773	6352	7022	6774	7182	6654	6551	6224	6961	7034	6536	6338	5393	6199	6659	6542	1266	1032	994	643	1339	944	719	901	1046	891	692	494	522	664	1018	878	470	901	1276	1478	1546	3738	5660	7657	7126	8240	5242	8811	7256	7914	6235	2989	5203	3756	1453	1769	1574	2410	1780	2684	1694	1587	2014	1213	3432	4002	1004	1280	1447	1776	1096	790	949	873	938	540	912	1063	926	925	1048	1030	1244	921	1175	1433	1395	1313	1071	1297	1609	973	1336	1468	1479	1911	1902	1598	1517	1650	1539	1223	1090	1358	1199	1158	1556	1336	1448	1386	1281	1520	1490	1135	986	900	586	835	782	637	851	555	2841	825	688	450	705	769	859	679	798	1077	956	791	935	570	1235	1403	1115	1341	1459	1196	1123	1238	821	729	501	649	761	1112	1279	917	757	645	1102	1583	1056	608	628	2034	2354	1327	1278	1357	1823	1514	1478	1650	1382	1554	1674	1399	1380	2128	1891	1589	2084	3100	4000	3293	2198	2768	1831	1871	1538	1181	1139	1005	911	1000	1311	1306	1169	998	842	864	2163	586	559	632	526	736	500	521	772	558	455	853	785	762	745	1037	1017	1115	1208	1039	533	757	832	1282	874	2010	262	644	790	911	777	621	277	492	378	200	191	250	551	299	596	727	738	911	709	580	959	958	1211	905	874	979	893	755	1174	871	878	1063	1494	1196	1200	1214	1266	1014	1155	729	919	1011	969	1151	732	713	675	662	755	581	363	1318	1671	1167	1343	1252	1311	1511	1541	1105	1662	834	523	2058	761	837	1035	957	802	2657	1246	1983	1047	860	615	3131	3436	657	488	629	639	463	1048	885	1177	1080	747	990	1141	735	614	822	818	1273	905	765	868	902	669	1537	1450	1882	1230	1451	1392	1040	1064	1693	1573	1541	1980	2355	2136	2040	1508	1213	2288	2203	1998	2717	2210	1448	1765	1942	1992	2010	2261	2741	1807	2383	1633	1787
1	0	0	1	0	0	0	0	0	0	1	0	1	11	14	0	0	0	0	0	0	1	1	0	0	0	20	40	7	0	63	0	0	0	0	0	0	0	0	0	0	0	0	0	0	0	0	0	0	0	0	0	0	0	0	0	0	33	76	21	0	0	0	0	0	0	12	0	0	0	0	0	0	24	0	0	0	0	0	13	0	60	2	36	12	0	12	28	45	0	0	0	0	0	3	0	0	0	0	4	3	0	0	0	4	0	0	0	5	2	0	0	0	2	0	0	0	2	0	0	0	4	4	0	0	0	0	0	0	0	6	1	0	1	3	0	0	0	0	0	0	0	0	0	0	0	0	0	0	0	0	0	0	0	0	0	0	0	13	0	0	12	1	0	0	0	0	0	0	0	6	0	0	0	0	12	5	3	66	7	49	0	1	0	0	49	12	0	0	0	1	0	1	0	0	1	13	0	2	0	1	0	1	0	0	0	0	0	10	0	0	0	3	0	7	23	1	5	5	7	5	7	6	5	0	7	2	0	1	5	24	16	41	27	29	4	6	1	1	1	6	3	12	9	3	12	14	1	6	3	2	0	0	0	0	0	0	1	0	0	1	1	0	3	1	1	0	0	0	125	22	1	3	0	25	92	197	187	0	1	33	21	0	1	64	79	70	95	25	97	12	24	1	0	0	94	73	21	1	1	3	2	0	4	2	12	0	3	14	1	2	2	0	0	1	0	3	0	1	1	2	1	6	7	1	12	1	1	2	6	0	0	0	0	0	2	1	1	0	0	0	0	0	12	0	0	0	0	0	8	8	12	36	8	4	2	1	0	0	0	2	1	0	0	0	0	14	1	2	2	0	13	1	1	0	0	1	1	0	14	59	1	0	0	1	1	0	1	0	24	12	29	0	12	13	13	1	0	0	2	12	0	1	9	12	1	14	0	13	0	0	14	1	26	1	1	49	0	0	1	0	0	1	0	1	1	0	0	0	0	0	0	0	0	0	0	0	0	0	0	0	1	2	0	0	0	1	0	0	0	0	0	1	6	0	0	11	86	0	0	47	1	1	0	0	1	1	0	2	1	2	0	2	0	0	2	1	1	2	0	0	1	0	2	0	1	0	0	0	1	3	2	1	0	0	0	2	0	1	0	1	0	0	0	13	0	0	0	2	1	2	1	0	0	0	0	0	1	1	0	1	2	1	0	0	2	0	13	0	0	3	36	32	0	0	0	0	1	1	0	0	0	0	0	0	0	0	0	1	0	0	0	2	0	2	1	1	0	0	1	1	1	1	0	1	1	0	1	0	0	1	1	4	1	0	3	2	1	1	3	1	1	0	0	1	1	1	1	1	0	2	1	1	0	1	4	1	0	2	1	0	1	0	1	0	2	4	1	1	0	1	0	9	0	0	0	1	1	33	141	74	78	75	37	36	53	40	17	23	27	45	2	0	12	1	0	1	7	0	5	4	12	4	0	0	0	10	2	1	7	0	0	4	13	3	29	27	12	7	9	4	117	6	0	0	15	0	1	0	0	0	0
178	245	98	168	52	121	112	72	134	60	168	59	211	119	49	17	16	8	4	0	9	5	0	2	0	0	0	6	4	0	0	0	0	0	0	6	0	0	0	0	0	0	1	6	8	0	0	0	0	2	0	7	0	0	0	0	0	6	0	3	0	2	0	1	1	0	0	0	0	0	0	0	0	0	12	1	1	0	0	0	0	0	0	1	24	36	0	0	0	0	0	1	2	1	1	1	0	0	1	2	2	1	2	0	0	0	0	84	0	0	0	0	0	0	0	1	1	3	0	0	0	1	3	22	25	1	0	0	1	1	2	8	5	0	1	0	0	0	0	8	32	6	1	0	0	0	0	5	0	0	0	0	0	0	0	3	0	0	0	0	0	0	0	0	0	0	0	82	107	146	6	0	0	1	0	2	23	0	1	3	249	134	7800	14	3	24	43	47	5304	14	1	25	3781	13	25	2576	29	13	2	2750	14	1	2166	1	2	25	3037	42	36	82	2292	57	4	1651	106	1788	89	1189	1	46	64	1	5	69	1	1	1	11	0	2	0	2	0	2	2	4	3	3	2	2	0	1	1	5	1	0	1	3	7	265	208	33	33	13	33	38	26	2	3	41	9	10	28	1	11	66	1	49	2	7	5	13	12	13	70	51	60	77	86	24	121	101	60	21	139	123	440	47	131	54	47	64	68	51	71	42	61	151	105	42	53	30	49	116	15	71	13	0	1	1	0	0	6	0	0	5	12	34	33	3	1	1	0	0	0	0	0	0	0	2	12	15	10	12	6	12	16	7	0	0	0	0	0	25	0	204	192	72	120	168	132	84	2	0	74	38	0	1	76	53	69	144	51	171	146	90	103	63	17	36	29	50	68	34	60	2	0	24	0	1	7	0	26	0	1	207	4	12	176	569	278	1	63	71	51	95	36	46	41	1	384	156	4360	63	6	0	1	0	0	0	0	3	20	0	0	25	1	33	11	5	0	0	0	1	0	0	1	12	0	0	0	0	0	0	0	6	0	0	0	0	0	0	0	11	0	1	0	0	0	1	1	9	10	5	0	0	26	2	0	4	2	0	0	0	0	1	1	6	11	22	15	11	14	0	0	3	2	0	1	2	0	0	0	4	12	12	0	0	1	0	0	4	2	0	0	0	0	2	1	5	0	45	69	1	0	0	0	4	0	0	0	0	0	0	0	3	0	1	2	0	2	1	1	1	1	0	0	0	1	12	0	13	5	3	1	0	2	12	11	26	33	2	0	0	1	1	8	2	1	24	1	24	16	12	41	15	1	12	0	6	1	0	0	4	1	4	3	0	8	1	3	4	1	1	2	2	1	3	1	8	8	1	6	4	0	1	0	19	0	8	0	8	0	2	30	374	79	0	0	3	5	2	15	5	4	13	24	14	38	13	2	4	1	1	0	0	5	2	1	26	1	0	0	0	22	44	66	9	1	0	6	1	0	1	0	5	0	1	2	0	0	2	60	62	70	59	50	102	83	138	306	664	657	715	675	582	1084	636	435	430	275	413	226	191	188	103	8	70	421	121	34	75
196	201	158	169	138	56	130	23	3	12	0	12	0	14	61	0	0	12	14	0	25	0	1	1	0	0	0	12	2	0	0	0	0	24	0	0	0	0	0	0	12	92	13	0	0	0	0	0	12	45	0	0	0	0	0	0	0	0	0	0	12	0	0	0	19	28	0	102	200	87	1	0	30	46	123	78	136	115	6	17	41	268	35	26	47	66	47	24	8	102	52	94	51	14	11	25	17	1	5	12	13	13	72	5	21	16	0	2	0	0	12	29	5	17	121	107	27	27	5	0	11	0	72	24	24	0	1	29	171	143	146	129	37	17	29	16	5	12	5	0	20	41	12	12	29	0	10	3	12	0	0	17	12	12	34	17	5	5	0	24	27	102	46	36	24	15	28	16	47	11	12	24	40	45	66	23	12	46	82	114	89	73	61	24	1704	1890	111	0	0	13	57	238	205	235	116	43	1144	2880	1831	24	14	49	40	15	0	2	0	1	0	3	14	9	2	10	31	97	250	51	41	26	81	5	18	24	15	31	29	0	24	11	49	33	17	12	49	14	61	30	13	33	48	40	48	14	912	3003	3048	3013	2938	3016	3123	2389	0	17	35	82	101	141	1211	109	528	171	155	68	115	132	95	187	70	100	87	126	125	21	123	1173	821	5	13	152	281	50	110	148	179	13049	5038	128	146	211	29	27	678	3022	40	0	209	9	67	1	3	11	2	30	20	49	54	103	65	19	30	11	4	3	10	15	3	119	89	13	4	61	21	35	27	15	8	3	35	18	27	32	171	13	2	6	13	8	13	16	1215	3454	2763	3049	2201	33	97	40	61	49	36	30	42	24	27	79	31	38	18	15	76	46	37	45	53	228	260	555	294	175	187	128	118	177	228	61	139	150	50	89	15	164	1	12	74	228	95	25	38	13	3	1	1	1	81	38	79	52	38	25	28	29	30	10	18	22	38	22	41	20	29	137	99	175	173	208	130	35	66	136	131	40	92	68	34	1	1	1	38	1	3	3	1	2	2	3	953	3304	3315	3062	75	16	2	2	9	3	3	3	16	3	15	4	4	5	3	5	52	24	16	4	8	39	3	16	4	3	19	11	5	28	3	41	4	4	2	3	14	4	5	16	2	10	13	1	975	3174	2812	3194	2981	3042	3734	3163	3138	2900	3022	3074	3072	3029	3137	541	1	16	8	5	15	16	2	23	13	9	4	0	1	0	0	1	13	2	1	16	26	37	16	5	88	0	3	0	138	0	0	7	1	1	1	0	5	1	0	0	18	2	0	0	23	26	0	0	24	0	0	1	0	2	0	7	0	0	0	1	2	1	0	0	0	5	1	2	60	0	2	2	0	15	5	7	0	1	18	26	1127	1568	6	3	29	2	3	1	0	0	1	1	181	12	2	14	14	4	12	18	4	12	12	2	12	1	0	2	0	1	2	4	2	0	2	5	3	13	4	2	3	5	2	8	0	4	6	7	1012	2	1	1	18	5	57	111	126	143	168	99	167	134	203	201	264	376	338	478	489	409	146	10	38	15	124	202	134	216	168	113	161	173	244	13	75	61	63	12	27	54	20	3
0	0	4	24	26	71	2	40	22	1	39	0	16	10	13	0	1	1	1	0	0	0	0	0	0	0	1	0	1	0	18	69	0	0	0	0	0	0	0	1	0	0	0	1	1	11	62	50	9	2	1	1	0	2	0	0	0	0	0	0	0	0	1	0	2	0	4	0	0	12	0	1	12	40	0	0	1	0	67	807	1551	1554	1414	611	55	65	104	63	874	120	58	68	56	93	89	102	128	94	165	115	135	98	79	90	76	73	113	0	55	9	71	37	65	22	101	70	96	41	118	138	89	93	140	133	92	119	63	1	1	1	0	19	11	44	1	0	0	0	0	0	0	51	56	7	1	0	0	0	0	0	19	23	54	0	1	0	1	0	12	29	16	1	2	2	2	0	1	13	38	54	3	86	47	9	9	49	36	0	1	12	97	104	46	87	49	48	40	40	81	65	64	44	31	85	122	216	184	226	228	182	158	125	172	103	86	159	95	129	183	133	193	183	97	69	92	72	71	55	50	87	120	51	64	58	50	99	47	50	72	118	113	102	127	65	50	61	82	48	46	56	75	47	113	55	64	134	84	152	56	59	153	81	81	59	83	111	106	73	61	67	63	45	144	271	276	379	314	184	79	73	24	54	221	124	174	107	273	262	222	239	236	210	239	134	272	254	207	202	337	411	210	186	214	138	133	120	77	72	96	73	78	79	87	78	72	70	58	60	65	112	124	119	143	174	124	100	91	74	77	67	70	67	74	81	101	134	108	130	123	149	93	101	283	493	618	666	619	588	534	519	572	699	432	459	474	258	106	101	100	104	147	122	140	167	281	100	159	124	168	126	135	186	115	213	221	187	190	193	174	116	161	146	209	279	176	407	395	224	172	129	150	170	195	105	169	144	170	198	131	120	79	56	57	49	42	38	58	135	72	43	58	54	127	123	45	60	119	59	60	78	83	133	95	155	79	62	105	42	46	49	59	41	56	62	52	69	45	44	58	47	69	46	46	50	68	51	68	41	48	53	62	47	54	47	43	45	53	61	63	58	44	44	77	52	57	64	64	65	80	69	51	88	65	65	54	42	63	45	70	54	50	55	51	93	104	174	89	97	163	108	87	74	71	70	60	148	94	61	73	63	57	56	51	62	65	62	66	49	58	49	38	59	54	125	77	221	204	209	184	137	71	142	221	305	189	308	172	180	278	301	200	36	64	63	74	69	95	64	123	46	70	44	52	37	47	37	42	54	55	45	66	55	39	44	41	53	31	76	89	106	100	68	69	112	64	55	27	41	70	30	34	26	36	33	41	21	40	40	51	96	59	83	20	33	21	42	43	60	42	62	40	47	45	59	44	34	53	35	45	48	56	41	28	28	39	19	14	20	30	152	240	190	17	28	26	42	62	30	31	42	59	25	30	22	16	12	21	13	24	19	23	25	21	37	41	18	124	93	52	29	31	37	45	33	41	25	23	58	16	146	46	23	37	31	20	33	66	78	271	106	65	59	927	984	669	30	69	45	57	253	380	442	526	214	186	118	171	101	134	182	143	118
4623	11355	4129	4338	3763	3919	6726	8105	6889	6184	5636	3784	3160	2562	2335	3094	3684	5244	2934	3177	3257	2845	3680	5502	3606	9423	2312	2407	2393	2113	2680	2468	1527	2115	1584	1324	1460	1590	1625	1521	1970	2378	1602	1798	1975	3124	1986	1868	1504	1840	1434	1185	1120	1434	1192	1369	2292	1348	1782	1593	3578	1910	1661	1940	1406	1616	1441	3138	7877	7106	8845	6601	9413	8930	5532	6258	7606	7726	6206	5062	6036	7747	11489	5783	12376	13521	7725	5632	5447	11965	8276	4133	9698	5312	5757	11196	12545	14679	13376	11949	9133	2780	5008	7673	12526	7159	4996	5442	9201	8833	15765	9043	3151	5806	4765	3358	3118	4617	22961	6706	12948	3121	5331	2565	5581	7220	2023	2060	11187	3491	2416	2065	1835	1365	1702	6628	6945	1428	4793	3828	950	2408	3593	9133	5860	5016	5140	5399	4944	6044	7243	6188	6320	16378	6278	8909	11033	13854	5046	3583	3711	3274	5069	10577	5559	3910	4412	2970	7712	8514	7561	3031	3971	6954	15656	18232	20943	23299	13149	8389	12844	6843	12714	7553	5421	6288	4412	5649	5997	5849	14573	16400	3744	6061	8481	14094	14532	14417	12929	8837	8853	8403	3479	3523	2504	3445	4617	3219	3322	5994	4069	3866	5570	8981	6742	6287	2444	9702	8074	7299	4567	3301	2742	3723	1806	1141	1625	2723	3141	8864	3301	1879	2127	32465	4441	2091	4450	12414	3458	4583	2447	1590	1412	10497	6914	14399	7671	1865	1113	4777	1639	1018	1329	1192	2656	4176	4705	3404	6102	7642	3652	1810	2633	3200	5122	4881	2860	3067	4850	6388	14663	6418	6664	8284	14099	14962	18115	3356	3749	4694	7857	12646	16007	11619	11103	12523	17020	13138	12692	10421	9938	22922	15945	6101	9275	3283	7143	5048	2959	5336	7778	2854	2782	2274	1946	2808	4324	2738	4941	2473	11767	2802	1840	1656	3326	3201	5701	4715	4423	15064	13636	12502	13582	9781	4256	3573	4721	3262	3202	5058	4991	3290	11008	8942	9591	5265	4440	3700	3378	3681	3657	3493	1618	1592	4119	10268	10719	15493	11521	10665	1883	3223	2195	3087	3824	4296	5196	4486	9060	8949	2466	7883	3709	3817	3160	8460	3792	3549	2939	5329	6562	2779	3114	3286	4350	5069	6796	2900	3031	4263	8165	26062	23591	26073	37281	33388	10949	6187	4759	2480	4327	5611	4246	4004	6675	3646	4740	2809	2190	2133	1746	4965	1527	1091	7580	2879	7125	3356	1858	1405	1199	2786	5625	7246	14150	4333	716	2438	1461	5062	1583	3246	5355	1616	1764	1805	1744	2324	1053	8865	5213	6743	1164	1118	1579	1088	633	626	761	990	1462	876	1219	17538	1411	1220	1737	6897	1775	1174	1681	1223	1848	1572	1722	3757	8151	15518	11618	6013	12593	11376	10826	8326	4970	11986	5799	9616	13740	13301	16436	8839	2828	4167	1901	3380	7617	6063	8266	5123	4220	4127	4035	4442	3674	6072	3719	4541	4189	3892	7023	7019	2870	4232	1654	2909	5421	3022	2002	1809	2617	3280	1653	3328	2288	2867	2471	2165	2129	3106	1869	12757	10993	5608	2029	1976	2396	1900	2388	3201	2655	2317	5759	2518	1614	7490	8991	6996	1746	1481	996	975	681	490	2274	710	1240	773	727	1091	1109	2452	1540	926	925	639	14053	1314	1276	1513	1960	1571	1875	1060	1761	3345	2361	2989	2404	2834	1875	2842	9080	11890	8462	7995	7981	5391	5798	7490	8088	6200	7367	6179	7739	11831	10139	11850	9705	9299	5247	8953	17316	15914	12291	7954	7053	18991	36252	27800	22576	27061	18198	12991	12510	6551	10663	6062	8048	14551	13060	14076	5513	3746	3174	2633	5145	2919	3299	4982	3226	4549	10213	14829	9929	3726	3861	2640	4803	2899	5513	5599	4312	5155	4276	4316	3921	4169	4160	4240	438	453	581	473	393	588	463	1795	3030	2452	2093	2564	2619	987	4597	3401	5220	2047	2046	7219	2831	2190	9117	9920	5360	5422	3626	7550	3162	4136	9568	20273	13878	9766	15557	21995	20484	7559	6318	6746	7503	4381
2902	2769	2254	1452	1542	4735	2745	1612	7153	12984	11328	5792	5561	5675	2127	5313	4793	5690	5913	3719	3990	7543	2774	4017	2090	991	2055	3208	2538	2890	1719	2477	3532	2341	1516	1553	1707	1178	1843	1600	2426	1261	2315	1981	1787	3775	4049	1114	646	451	1857	4369	3723	3629	2893	510	489	408	3149	3682	3189	4619	3925	8145	5271	5912	2753	769	1149	1543	5689	4793	4825	3211	3155	3123	8124	2507	2996	8271	9874	6496	7096	6765	2660	4985	3750	2606	4292	6668	1356	2083	5033	4625	2766	5339	5667	2266	2155	2312	2488	1448	6155	4537	1958	4458	2618	1421	1342	1825	1835	2065	2419	1949	16704	3188	2587	2717	3634	4533	2947	2853	4139	6667	8907	6418	9772	4995	2693	1501	960	1985	760	1155	3453	3583	4172	3369	5082	3402	3785	2204	3113	1638	2583	2098	2959	3033	2947	3236	2341	3142	2779	2728	3200	739	940	1958	3265	4745	3435	961	906	2519	8279	9218	2948	2777	3767	2476	2074	1663	1443	2408	2464	2897	2596	9245	4094	3713	3467	3950	2362	2560	3511	4396	3788	1714	1308	1793	2677	5607	2967	2176	2539	3764	5232	8528	3893	3908	6055	5348	3698	4303	2057	2174	2911	1904	1051	977	1264	1700	1512	2047	2159	2725	3806	7122	6800	4840	2835	1257	2476	1767	883	676	675	1723	492	399	4493	8081	3356	7104	7266	6319	4426	2411	1079	4771	3747	3823	1818	2433	4922	10705	6115	2881	494	523	472	695	653	2090	2297	639	2271	3794	8265	9222	8330	3983	3697	3754	3797	5496	3657	8298	5160	9395	6591	5269	4333	7686	7753	3970	3466	5603	4915	2849	2685	2188	2816	2313	9480	4464	3819	4217	3905	2155	5269	4766	3089	3952	2108	1423	4586	2360	2815	3940	5424	5616	6175	4511	1704	909	1286	896	3005	1271	702	817	1502	818	1269	1342	3351	3285	1247	4400	2593	5010	6321	6195	3155	1827	3429	2844	3814	2933	1517	2943	11804	4088	1826	2990	1019	1553	1303	1407	1073	960	1250	1450	1307	1239	1096	1176	1584	941	1671	1045	1321	1600	763	1582	987	751	1224	1370	2345	2854	4283	4109	2217	1464	1358	2076	2848	4893	6245	11482	16775	5619	4995	5374	5127	4980	11204	7312	12414	3049	6529	3309	2427	1656	3510	6397	2766	2785	1278	1261	3867	1522	1039	6743	7400	9177	7643	9368	5379	4148	5416	1290	1488	6192	10829	14847	15479	12622	2825	1540	4132	3213	1486	1006	5877	1849	3738	1716	904	886	1583	1402	602	426	2577	907	921	2522	1347	632	723	822	671	1049	949	722	991	962	940	2062	3404	999	1609	6473	2578	1625	1390	1138	1047	4191	806	1460	1792	6508	1903	4780	1355	2246	2802	1375	769	1030	1217	948	985	1427	1814	884	698	830	2893	1124	794	926	1107	892	1133	1673	1926	1566	1304	3471	1412	2144	4102	2208	1515	3583	3272	2557	3099	3681	2221	1114	3217	1718	1192	1488	1335	1684	1090	1539	767	4600	1184	2239	1080	6312	3686	779	11765	1707	4865	2652	1350	1192	3196	4535	999	1889	4709	3679	2462	3691	5175	5418	1489	2810	2005	839	242	790	623	333	91	268	405	1353	859	660	1114	681	781	344	399	925	734	264	357	1783	7337	3041	2941	1880	1184	1154	1876	1032	2858	2095	3526	3257	2414	3640	2124	2446	2054	1860	2466	3239	2917	2420	2729	2581	4462	3103	3095	4886	2520	2197	3731	2976	2427	4956	16374	2914	4931	6369	3489	1832	3447	3488	3585	1276	9033	2257	1197	4436	950	4155	5681	5334	5179	3232	3684	4485	3401	2423	9856	6168	3956	2559	3898	1204	4122	2934	1207	1828	1690	2123	1273	1292	1443	3233	3253	1058	2965	2216	1132	607	365	2345	1064	879	927	663	2858	1357	4641	2423	1726	1978	1145	1705	2146	5361	9672	13504	10720	10264	6089	3620	3107	4707	2536	2621	3135	3471	3470	2755	3395	2284	3501	2706	1950	2354	6019	4907	3398	2156
0	0	0	0	0	0	0	0	0	0	0	0	0	0	0	0	0	0	0	0	0	0	0	0	0	0	0	0	0	0	0	0	0	0	0	0	0	0	0	0	0	0	0	0	0	0	0	0	0	0	0	0	0	0	0	0	0	0	0	0	0	0	0	0	0	0	0	0	0	0	0	0	1	0	0	0	0	0	0	0	0	0	0	0	2	0	0	0	0	0	0	0	0	0	0	0	0	0	0	0	0	0	0	0	0	0	0	0	0	0	0	0	0	0	0	0	0	0	0	0	0	0	0	0	0	0	0	0	0	0	0	0	0	0	0	0	0	0	0	0	0	0	0	0	0	0	0	0	0	0	0	0	0	0	0	0	0	0	0	0	0	0	0	0	0	0	0	0	0	0	0	0	11	0	0	0	0	0	0	0	11	0	0	0	0	0	1	0	0	0	0	0	0	0	0	0	0	0	0	1	0	0	0	0	0	0	0	0	0	0	0	0	0	0	0	0	0	0	0	0	0	0	0	0	1	1	0	0	0	0	0	0	0	0	0	0	0	0	0	0	0	0	5	0	0	0	0	0	0	0	0	0	0	0	0	0	0	0	0	0	0	0	0	0	0	0	0	0	0	0	0	0	1	0	11	0	1	11	0	35	0	0	0	1	0	0	0	0	0	1	0	0	0	0	1	1	0	1	1	0	0	0	0	1	1	0	0	0	0	0	0	0	0	3	0	0	0	0	0	0	0	0	0	0	0	0	0	24	1	0	0	0	0	0	0	0	0	0	0	0	0	1	0	0	0	1	0	0	0	0	0	9	0	0	0	12	25	125	23	0	0	1	1	0	0	0	11	36	12	0	34	0	0	0	0	0	0	11	1	1	12	23	2	0	0	0	0	0	0	0	0	2	0	0	0	0	0	0	0	0	0	0	0	0	0	0	0	0	0	0	1	0	0	0	0	0	0	0	0	0	1	0	0	0	0	0	0	0	0	0	0	0	0	1	0	0	0	0	11	23	0	45	57	0	0	0	0	0	0	0	0	0	1	0	0	0	0	0	0	0	0	0	0	0	0	0	0	0	0	0	0	1	0	0	0	0	0	0	0	1	0	0	0	2	0	0	0	0	0	0	1	0	0	0	0	0	12	0	0	0	0	0	0	0	0	0	0	0	0	0	0	1	0	0	0	0	0	1	0	0	0	0	1	0	0	0	0	0	0	0	0	0	0	0	0	0	0	0	0	0	0	1	0	0	0	0	0	0	0	0	0	0	0	1	0	0	0	0	0	0	0	0	0	0	0	0	2	0	1	2	4	15	0	1	4	0	0	0	0	1	0	0	0	0	1	1	0	1	1	0	0	1	1	0	0	1	1	1	0	1	0	0	0	12	0	0	0	0	0	0	0	0	1	1	0	0	0	0	0	0	1	0	0	0	0	0	0	1	0	1	0	0	0	1	0	0	0	0	0	4	0	0	0	0	0	0	1	2	0	1	0	9	12	18	1	46	2	0	0	0	1	0	0	0	81	169	0	0	0	0	3	0
0	0	0	0	0	0	0	0	0	0	0	0	0	0	0	0	0	0	0	0	0	0	0	0	0	0	0	0	0	0	0	0	0	0	0	0	0	0	0	0	0	0	0	0	0	0	0	0	0	0	0	0	0	0	0	0	0	0	0	0	0	0	0	0	0	0	0	0	0	0	0	0	0	0	0	0	0	0	0	0	0	0	0	0	0	0	0	0	0	0	0	0	0	0	0	0	0	0	0	0	0	0	0	0	0	0	0	0	0	0	0	0	0	0	0	0	0	0	0	0	0	0	0	0	0	0	0	0	0	0	0	0	0	0	0	0	0	0	0	0	0	0	0	0	0	0	0	0	0	0	0	0	0	0	0	0	0	0	0	0	0	0	0	0	0	0	0	0	0	0	0	0	0	0	0	0	0	0	0	0	0	0	0	0	0	0	0	0	0	0	0	0	0	0	0	0	0	0	0	0	0	0	0	0	0	0	0	0	0	0	0	0	0	0	0	0	0	0	0	0	0	0	0	0	0	0	0	0	0	0	0	0	0	0	0	0	0	0	0	0	0	0	0	0	0	0	0	0	0	0	0	0	0	0	0	0	0	0	0	0	0	0	0	0	0	0	0	0	0	0	0	0	0	0	0	0	0	0	0	0	0	0	0	0	0	0	0	0	0	0	0	0	0	0	0	0	0	0	0	0	0	0	0	0	0	0	0	0	0	0	0	0	0	0	0	0	0	0	0	0	0	0	0	0	0	0	0	0	0	0	0	0	0	0	0	0	0	0	0	0	0	0	0	0	0	0	0	0	0	0	0	0	0	0	0	0	0	0	0	0	0	0	0	0	0	0	0	0	0	0	0	0	0	0	0	0	0	0	0	0	0	0	0	0	0	0	0	0	0	0	0	2	1	1	0	0	0	0	1	0	0	0	0	0	0	0	0	0	0	0	0	0	0	0	0	0	0	0	0	0	0	0	0	0	0	0	0	0	0	0	0	0	0	0	0	0	0	0	0	0	0	0	0	0	0	0	0	0	0	0	0	0	0	0	0	0	0	0	0	0	0	0	0	0	0	0	0	0	0	0	0	0	0	0	0	0	0	0	0	0	0	0	0	0	0	0	0	0	0	0	0	0	0	0	0	0	0	0	0	0	0	0	0	0	0	0	0	0	0	0	0	0	0	0	0	0	0	0	0	0	0	0	0	0	0	0	0	0	0	0	0	0	0	0	0	0	0	0	0	0	0	0	0	0	0	0	0	0	0	0	0	0	0	0	0	0	0	0	0	0	0	0	0	0	0	0	0	0	0	0	0	0	0	0	0	0	0	0	0	0	0	0	0	0	0	0	0	0	0	0	0	0	0	1	3	1	3	4	6	2	1	0	0	0	0	0	0	0	0	0	0	1	0	0	0	0	0	0	0	0	0	0	0	0	0	0	0	0	0	0	0	0	1	0	0	0	0	0	0	0	0	0	0	0	0	0	0	0	0	0	0	0	0	0	0	0	0	0	0	0	0	0	0	0	0	0	0	0	0	0	0	0
0	16	0	0	0	0	0	0	0	0	0	0	0	0	0	1	0	0	48	29	12	0	0	0	0	0	0	0	1	1	0	0	0	0	0	0	0	0	0	0	0	0	0	0	0	0	0	0	0	0	0	0	0	0	0	0	0	0	0	0	0	0	0	1	2	1	0	0	0	0	0	0	0	0	3	0	0	0	0	0	0	0	0	0	0	0	0	0	0	0	0	0	0	0	0	0	0	0	0	0	0	1	0	0	0	0	0	0	0	0	48	0	0	0	0	0	0	0	0	0	0	0	0	0	0	0	0	0	0	0	0	0	0	0	0	0	0	0	0	0	0	0	0	0	0	0	0	0	0	0	0	0	0	0	0	0	0	0	0	0	0	0	0	0	0	0	0	0	1	0	0	3	0	0	12	0	0	0	12	0	5	0	0	0	36	0	0	0	0	0	0	0	0	0	0	0	0	0	0	0	0	0	0	0	0	11	0	0	0	0	9	0	0	0	0	0	72	0	36	48	168	168	168	0	0	0	0	0	0	0	0	0	0	0	0	0	0	0	0	0	0	0	0	0	0	0	0	0	0	0	0	0	0	0	0	0	0	0	0	0	0	0	0	0	24	0	0	0	0	0	0	0	0	0	1	1	0	21	60	0	0	0	1	3	0	0	0	0	0	0	0	0	0	0	0	0	0	0	0	0	0	0	0	0	0	0	0	0	0	0	0	0	0	0	0	0	0	1	0	0	0	0	0	0	0	0	0	0	0	0	0	0	0	0	0	0	0	0	0	0	0	0	0	0	0	0	0	0	0	0	0	0	0	0	0	12	60	48	92	84	36	24	72	120	96	100	108	60	2	0	0	0	0	0	0	0	0	0	0	0	0	0	0	0	0	5	0	22	0	0	15	16	2	9	36	50	20	2	15	21	16	4	0	0	0	0	0	0	0	0	0	0	0	0	0	0	0	0	0	0	0	0	0	0	0	0	1	0	0	0	0	0	0	0	0	0	0	0	0	0	0	0	0	0	0	0	0	0	0	0	0	0	0	0	0	0	0	0	0	0	0	0	0	0	0	0	0	0	0	0	0	0	0	0	0	0	0	0	0	0	0	0	0	0	0	0	0	0	0	0	0	0	0	0	0	1	0	0	0	0	0	0	0	0	0	0	0	0	0	0	0	0	0	0	0	0	0	0	0	0	0	0	0	0	0	0	0	0	0	0	0	0	0	0	0	0	0	0	0	0	0	0	0	0	0	0	0	0	0	0	0	0	0	0	0	0	0	0	6	0	0	0	0	0	0	0	10	0	0	0	0	0	0	0	0	1	0	0	0	0	0	0	3	0	1	0	0	13	0	0	0	0	1	0	1	0	1	1	0	0	0	0	0	0	1	0	0	0	0	0	1	1	0	0	0	0	0	0	0	0	0	1	0	3	1	1	1	1	0	0	1	0	1	0	0	0	0	0	0	0	0	0	0	0	0	0	0	0	0	12	0	0	0	0	0	0	0	24	0	0	0	0	0	0	0	0	0	0	0	0	17	0
12	37	37	28	4	13	11	43	14	1	0	12	0	10	0	35	4	24	3	67	8	33	0	80	25	76	39	53	49	78	20	34	39	47	26	47	16	83	26	44	27	52	23	23	15	35	27	56	12	10	0	0	1	32	24	12	12	12	13	38	0	42	0	24	3	50	13	24	1286	42	5	1229	924	964	967	125	3	87	1227	34	1	14	84	994	23	116	10	37	166	135	5	17	171	131	1	28	60	23	2	28	13	13	5	46	2	47	14	25	1	39	2	14	17	25	1	48	2	31	5	10	6	2	16	99	699	711	7	34	60	0	1	34	1	96	1	46	0	0	0	11	0	34	0	1	0	43	0	21	12	52	0	61	5	22	0	34	0	28	1	36	1	73	1	25	23	53	37	109	340	572	1359	47	125	101	58	2317	70	62	32	113	2119	628	834	798	2108	140	77	104	63	2462	123	159	109	116	16	300	421	118	367	521	141	57	37	123	56	1487	3	6	46	61	18	49	43	79	117	139	34	104	178	152	162	40	120	1522	49	43	39	83	40	37	24	35	39	217	32	94	201	59	67	116	22	61	20	61	22	65	67	80	50	112	101	4	32	229	37	94	21	162	83	127	126	79	67	129	1567	195	75	124	74	267	1782	310	339	225	1743	132	66	344	1006	1276	91	227	52	313	79	30	11	111	35	169	128	35	42	104	136	237	220	182	143	65	12	13	1	46	53	65	61	163	165	76	53	17	17	16	34	72	60	77	20	71	153	20	5	52	23	16	69	71	5	49	17	28	32	137	4	26	5	8	23	29	0	23	1	15	0	60	15	134	20	116	68	25	53	144	7	31	67	87	172	1076	1716	92	77	167	70	1281	41	252	209	1544	107	138	191	280	257	241	299	192	215	180	236	142	161	350	228	138	319	222	265	158	161	196	218	299	170	152	24	265	38	59	19	24	17	34	10	41	54	194	13	42	20	44	4	119	50	62	35	49	203	1283	1176	1922	1435	1676	1178	1371	349	16	192	54	2317	5595	5048	6096	4586	151	170	299	182	142	183	207	192	145	165	217	114	203	144	270	109	110	134	107	158	131	30	7	183	64	76	14	27	117	2058	44	10	58	2	6	64	36	30	50	4	48	8	23	4	13	500	859	836	890	724	1187	851	927	974	980	954	894	908	815	960	770	1063	1007	1280	866	792	196	38	51	51	75	35	28	3	25	7	26	12	70	46	83	54	35	37	16	1	36	2	16	1	70	23	2041	6054	544	195	143	132	179	164	126	277	170	168	121	171	133	170	131	181	206	132	303	540	543	600	660	499	445	638	376	432	445	229	293	361	6	8	3	17	7	14	20	21	2	267	21	189	273	356	206	319	308	440	307	419	515	474	314	382	143	5	3	15	22	12	35	44	5	199	549	591	162	41	59	43	106	98	36	24	98	116	42	2	2	16	3	15	13	13	8	1	28	3	3	2	92	26	1854	6670	4825	4357	147	165	190	85	111	135	146	147	207	203	74	135	164	199	150	151	223	200	167	161	157	234	239	294	236	243	127	213	72	157	6258	6953	8606	6773	6584	4352	71	211	116	42	50	515	54	51	47
523	585	437	506	492	527	445	351	328	815	420	525	521	407	331	147	264	137	174	277	174	229	174	166	121	100	159	169	79	87	173	145	129	70	34	99	168	276	319	207	100	111	127	36	24	49	115	177	339	186	138	151	204	139	102	84	64	66	117	85	19	48	121	162	73	302	43	591	663	2788	127	441	316	357	384	469	375	501	510	529	582	282	478	297	447	521	977	5122	1734	517	274	383	693	646	540	765	513	369	461	518	373	597	261	234	190	135	37	109	69	139	111	50	53	79	72	107	190	183	189	115	85	24	84	79	22	9	49	24	39	98	160	135	90	102	56	116	139	78	66	79	65	73	147	181	99	46	133	48	140	92	140	81	31	61	62	38	57	214	263	250	144	185	349	386	262	232	168	147	158	92	196	234	264	377	240	167	160	59	413	186	209	329	329	677	725	752	596	693	269	368	349	268	182	130	126	193	168	162	207	114	130	170	70	141	51	71	118	46	57	31	20	114	115	77	115	131	109	69	50	71	41	167	66	49	258	497	79	131	61	71	60	76	40	14	61	62	58	22	176	46	81	121	172	70	25	229	203	71	171	202	28	19	21	189	79	53	61	146	74	115	54	30	60	31	70	39	127	71	279	307	268	239	392	285	238	347	68	155	156	191	65	118	124	137	191	178	571	266	248	351	81	189	92	211	116	195	196	285	323	257	353	258	254	226	118	301	199	116	94	103	73	139	329	240	164	214	149	173	179	196	147	260	295	294	244	400	322	324	275	301	336	304	258	527	335	344	232	190	33	50	17	18	35	13	22	11	5	8	9	21	365	491	135	102	91	64	40	406	732	263	297	305	364	246	447	459	363	447	444	1387	1682	2524	2090	1643	680	211	253	166	338	243	461	421	305	250	473	243	335	166	207	151	205	196	135	72	209	215	78	216	100	104	62	23	26	30	34	13	9	1984	3777	82	148	183	106	85	104	99	68	221	138	249	269	290	341	268	214	178	133	212	159	104	128	182	245	155	82	174	228	252	186	255	299	266	267	257	292	356	460	364	343	320	256	335	276	265	184	131	140	25	55	342	596	510	455	406	464	386	16	13	160	72	153	46	45	70	54	50	98	59	47	94	35	49	171	23	56	41	106	68	34	47	40	43	802	33	151	199	191	235	86	18	12	142	115	98	13	18	28	34	33	27	10	34	11	73	12	154	96	72	30	31	28	18	107	24	31	65	53	79	51	72	29	21	12	18	44	44	33	26	63	108	74	69	115	100	217	141	69	35	21	29	39	78	85	16	35	38	19	35	59	42	190	221	116	84	22	36	57	79	137	93	52	29	39	34	99	66	76	173	118	15	8	8	59	151	168	88	158	78	91	84	212	148	322	1598	1485	1373	1369	766	177	208	307	118	66	141	121	37	28	69	54	28	11	29	12	48	12	26	129	458	354	185	123	200	232	192	113	40	67	49	76	123	30	37	57	119	14	11	19	103	161	102	106	187	72	149	160	124	557	247	477	292	413	361	1958	2010	426	472	644	498	366	389	141	381	232	386	464	68	81	149	278	285	305	207
1107	1390	1224	1053	88	118	81	1065	958	138	43	88	133	625	1232	1258	1397	1201	263	44	30	76	191	19	618	167	88	122	35	24	15	1136	2596	938	2657	2425	3075	1163	2656	5270	4004	26	5	47	4	16	48	4	46	6	871	3	52	257	2	5	3	24	196	120	19	52	27	11	6	159	161	108	163	189	127	69	45	115	143	837	244	246	210	127	52	309	297	281	178	1473	153	842	298	341	110	106	310	49	303	328	40	105	40	28	121	120	127	37	92	62	60	169	64	44	23	99	54	111	77	35	58	55	42	37	29	8	21	294	22	82	68	523	1563	456	926	1003	1231	1845	2240	1682	1310	5597	6038	2693	4	8	17	4	27	15	1380	303	4	5	4	45	4	0	5	3	4	4	6	34	55	29	9	30	95	99	137	40	31	66	75	43	37	75	203	680	381	245	383	808	862	1316	695	242	159	113	178	110	83	70	180	178	46	42	79	47	75	461	130	133	540	246	59	251	487	440	261	488	240	392	20	25	267	422	345	491	205	38	33	341	199	320	21	576	860	556	1984	3037	4062	4263	5180	4663	2795	6	7	39	18	3	17	4	16	84	312	1869	1349	1	3	13	6	2	3	59	3	2	7	15	8	6	4654	5721	4304	3548	802	1353	1032	1136	260	249	484	520	507	518	346	489	477	204	96	179	508	4592	2040	642	329	191	146	13	21	8	95	96	141	180	21	70	70	281	132	162	63	102	116	60	58	57	28	78	32	41	11	62	14	19	130	33	89	83	18	89	344	349	1111	741	1485	1867	1783	1733	2534	2336	2622	1989	4589	6020	4772	4984	4256	4102	11	5	650	1749	1682	1491	1576	1480	1573	1779	353	7	2	26	265	459	348	474	437	295	230	223	1990	4223	491	227	282	667	338	327	304	304	334	256	284	124	65	116	109	157	432	139	181	150	200	3954	2318	132	54	136	66	319	24	75	36	296	293	39	55	23	42	14	33	33	16	9	4	28	30	8	32	115	9	10	38	9	49	62	4	307	530	1180	2538	3807	3512	3350	4887	4494	3954	5030	4698	5638	4023	53	3	746	1723	1782	14	4	9	1	38	4	4	49	9	5	2	15	3	5	16	34	42	24	5	29	33	1	34	9	13	26	16	3	40	13	6	12	12	109	76	3	4	101	57	26	623	18	29	33	5	17	16	51	156	70	90	72	17	5	80	100	172	6	3	86	58	30	8	41	69	19	5	28	7	20	3	9	33	50	2	22	2	673	2406	3416	5846	4363	3911	2421	4563	4793	4793	5244	2	17	14	3	49	1014	1677	1228	17	3	39	4	3	2	9	2	3	5	3	2	2	8	7	6	11	7	8	29	17	20	152	216	8	95	21	10	24	24	31	13	17	10	13	124	152	28	11	34	6	3	14	5	40	48	36	61	12	37	56	41	18	28	26	1	27	16	15	4	5	12	56	80	26	63	54	43	43	14	18	3	510	3	2	17	13	806	3304	1240	3949	4432	3423	3826	3774	4087	5039	1538	58	38	185	17	387	1681	1744	1600	1539	1587	1544	7	24	23	29	2	6	68	3	19	2	20	9	22	7	90	123	297	296	125	119	153	242	228	257	186	245	180	170	133	94	49	12	63	180	88	101	106	118	48	51	24	86	75
0	0	0	0	0	0	0	0	0	0	0	0	108	12	0	0	0	0	0	0	0	0	0	0	0	0	0	0	0	36	0	0	0	0	0	0	0	0	0	0	0	0	0	0	0	0	0	0	0	0	0	0	0	0	0	0	0	0	0	0	0	0	0	12	28	0	0	0	0	0	0	0	24	0	0	12	15	22	0	0	3	0	60	12	0	0	0	0	0	12	31	22	24	0	12	58	37	70	53	36	58	70	115	142	53	0	120	22	103	217	48	171	101	161	60	77	109	53	120	97	109	148	147	106	94	72	126	135	112	140	82	118	77	72	133	109	147	77	154	89	151	128	94	112	63	61	0	0	0	0	0	0	0	0	0	0	0	0	0	0	0	7	0	12	241	309	337	452	94	0	0	0	12	0	0	0	0	0	1	0	0	5	1	0	0	0	24	0	0	0	0	0	0	0	0	0	0	0	0	0	0	0	0	0	0	12	84	0	0	0	0	0	0	0	0	0	0	0	0	0	0	0	0	0	0	0	0	0	0	0	0	0	0	0	0	0	0	0	0	0	0	0	0	0	0	0	0	0	0	0	0	0	0	0	0	0	0	0	0	0	0	0	36	2	12	63	36	12	1	0	1	0	0	0	0	0	12	180	216	184	156	156	108	156	99	144	120	207	208	156	97	84	180	96	216	264	132	120	155	267	228	193	148	148	120	144	303	340	288	324	384	423	257	336	253	336	288	349	400	388	433	264	300	325	340	244	288	348	324	481	399	396	216	280	360	336	252	312	240	256	336	448	192	276	342	388	387	324	325	193	228	276	240	36	0	0	0	0	0	0	36	232	276	339	372	264	276	316	148	255	220	301	280	264	156	384	274	336	349	272	252	172	184	288	132	301	315	288	256	300	1416	4270	2479	6229	1705	7983	13902	15573	2697	1654	7234	7243	49	20	42	42	56	67	52	55	40	63	13	4	12	12	88	27	40	40	19	45	36	38	38	37	51	40	59	24	31	39	20	16	56	13	24	25	25	37	37	49	40	48	26	4	48	25	43	36	73	51	51	10	0	0	0	39	82	52	38	44	29	53	36	49	24	37	76	15	48	31	72	64	12	1	75	36	28	24	36	24	96	48	27	12	24	16	12	65	18	36	13	52	145	24	40	40	24	30	13	42	12	0	16	0	1	12	28	27	1	12	0	0	0	0	0	0	0	0	0	0	0	0	0	0	0	0	0	0	0	0	0	0	0	0	0	0	0	0	0	0	0	0	0	0	0	0	0	0	0	0	0	0	0	0	0	0	0	0	0	0	0	0	0	0	0	0	0	0	0	6	0	0	0	0	0	0	0	0	0	1998	4960	4047	20891	19784	19409	16880	18272	23122	16724	18610	17329	19751	20188	22361	18696	5351	5428	11219	27016	22183	15915	14564	1093	879	9515	13488	21215	25505	4099	3637	19272	17436	14253	9335	20534	23486	23907	24846	20910	19093	18491	18023	21098	18117	17055	10394	3926	14439	9480	12571	15054	13653	15342	2940	42	20	29	1	22	50	16	11	25	28	3	0	18	37	43	44	12	38	3	0	121	41	40	7	12	24	30	16	25	25	15	31	51	13	40	24
12	141	0	11	11	33	0	33	0	0	0	15	0	0	1	0	0	0	0	0	24	12	0	0	2	1	1	12	3	0	0	0	0	1	0	0	0	1	0	0	1	0	0	1	0	0	0	0	0	0	0	0	0	0	1	47	9	1	1	12	0	31	76	27	1	1	0	12	1	0	0	2	0	1	0	708	128	56	25	0	0	0	0	192	455	2	3	5	5	8	6	36	81	134	193	130	197	69	157	198	164	138	160	224	150	215	209	119	125	203	190	0	0	36	0	0	3	31	47	30	28	28	12	2	141	167	219	136	103	150	293	122	216	134	210	221	63	12	0	0	2	0	0	0	0	0	0	0	0	0	0	0	12	32	33	0	97	21	0	1	0	24	0	3	0	0	0	0	25	13	1	0	1	0	0	0	1	0	0	0	68	36	26	7	11	54	56	22	29	31	59	48	0	63	13	203	233	60	125	31	103	90	21	3	7	264	1107	216	169	37	3	0	4	4	2	69	129	1	1	1	2	6	5	47	103	228	55	58	46	30	114	58	192	76	57	36	132	130	125	51	0	1	1	41	61	55	85	110	46	74	123	93	39	62	56	110	79	56	120	130	87	124	116	126	110	145	188	130	118	215	221	113	43	7	13	7	186	25	6	3	3	59	55	110	473	184	102	267	105	63	31	159	111	155	65	29	5	109	9	72	18	76	3	4	2	75	4	5	18	3	18	82	42	94	129	5	12	70	1	1	88	5	2	16	3	4	2	2	3	100	98	64	183	172	181	3	3	2	6	1	1	1	0	2	1	1	0	1	0	0	0	1	1	21	20	0	1	16	7	14	112	83	194	183	50	55	34	17	1	3	14	50	24	42	70	54	10	57	52	49	7	7	21	35	6	12	26	9	2	5	114	38	106	197	174	135	176	238	209	141	135	98	105	119	114	102	144	110	55	155	161	104	122	227	179	155	220	36	1	0	440	3602	2746	3314	1776	1	1	0	1	1	0	0	1	0	0	0	0	0	0	1	6	14	12	3	24	24	34	70	2	20	14	2	0	2	3	4	2	0	3	14	3	99	5	11	13	14	44	39	15	259	10	38	3	17	4	0	16	1	9	13	11	23	1	0	1	0	4	4	2	0	0	0	1	2	4	13	4	26	16	30	41	70	43	3	2	3	37	13	15	4	25	2	13	14	24	14	14	2	27	24	10	14	2	14	3	17	2	17	24	12	5	17	16	1	11	42	29	27	15	17	76	15	12	19	40	113	37	62	51	24	23	39	19	60	4	69	30	38	54	44	32	14	63	47	70	26	53	37	29	39	63	68	54	100	125	25	51	54	26	61	26	52	4	52	31	14	14	47	17	40	15	4	9	2	10	25	14	2	42	30	68	20	35	12	11	21	16	3	41	3	2	1	2	26	21	14	3	10	14	13	4	27	1	2	16	15	2	69	113	26	13	4	26	0	13	53	123	57	27	71	395	708	798	914	613	61	86	138	94	52	71	17	70	87	19	24	101	218	19	38	212	90	8	88	80	185	151	237	397	99	136	221
0	0	0	0	0	0	0	0	0	0	0	0	0	0	0	0	0	0	0	0	0	0	0	0	0	0	0	0	0	0	0	0	0	0	0	0	0	0	0	0	0	0	0	0	0	0	0	0	0	0	0	0	0	0	0	0	0	0	0	0	0	0	0	0	0	0	0	0	0	0	0	0	0	0	0	0	0	0	0	0	0	0	0	0	0	0	0	0	0	0	0	0	0	0	0	0	0	0	0	0	0	0	0	0	0	0	0	0	0	0	0	0	0	0	0	0	0	0	0	0	0	0	0	0	0	0	0	0	0	0	0	0	0	0	0	0	0	0	0	0	0	0	0	0	0	0	0	0	0	0	0	0	0	0	0	0	0	0	0	0	0	0	0	0	0	0	0	0	0	0	0	0	0	0	0	0	0	0	0	0	0	0	0	0	0	0	0	0	0	0	0	0	0	0	0	0	0	0	0	0	0	0	0	0	0	0	0	0	0	0	0	0	0	0	0	0	0	0	0	0	0	0	0	0	0	0	0	0	0	0	0	0	0	0	0	0	0	0	0	0	0	0	0	0	0	0	0	0	0	0	0	0	0	0	0	0	0	0	0	0	0	0	0	0	0	0	0	0	0	0	0	0	0	0	0	0	0	0	0	0	0	0	0	0	0	0	0	0	0	0	0	0	0	0	0	0	0	0	0	0	0	0	0	0	0	0	0	0	0	0	0	0	0	0	0	0	0	0	0	0	0	0	0	0	0	0	0	0	0	0	0	0	0	0	0	0	0	0	0	0	0	0	0	0	0	0	0	0	0	0	0	0	0	0	0	0	0	0	0	0	0	0	0	0	0	0	0	0	0	0	0	0	0	0	0	0	0	0	0	0	0	0	0	0	0	0	0	0	0	0	0	0	0	0	0	0	0	0	0	0	0	0	0	0	0	0	0	0	0	0	0	0	0	0	0	0	0	0	0	0	0	0	0	0	0	0	0	0	0	0	0	0	0	0	0	0	0	0	0	0	0	0	0	0	0	0	0	0	0	0	0	0	0	0	0	0	0	0	0	0	0	0	0	0	0	0	0	0	0	0	0	0	0	0	0	0	0	0	0	0	0	0	0	0	0	0	0	0	0	0	0	0	0	0	0	0	0	0	0	0	0	0	0	0	0	0	0	0	0	0	0	0	0	0	0	0	0	0	0	0	0	0	0	0	0	0	0	0	0	0	0	0	0	0	0	0	0	0	0	0	0	0	0	0	0	0	0	0	0	0	0	0	0	0	0	0	0	0	0	0	0	0	0	0	0	0	0	0	0	0	0	0	0	0	0	0	0	0	0	0	0	0	0	0	0	0	0	0	0	0	0	0	0	0	0	0	0	0	0	0	0	0	0	0	0	0	0	0	0	0	0	0	0	0	0	0	0	0	0	0	0	0	0	0	0	0	0	0	0	0	0	0	0	0	0	0	0	0	0	0	0	0	0	0	0	0	0	0	0	0	0	0	0	0	0	0	0	0	0	0	0	0	0	0	0	0	0	0	0	0	0	0
659	690	245	45	80	131	135	194	90	46	51	95	95	83	116	46	144	326	775	1096	2193	707	424	232	217	52	37	33	63	123	41	60	73	2196	4385	113	74	36	89	65	32	299	71	24	73	24	18	301	88	63	60	162	30	51	59	103	241	38	50	46	45	26	1189	385	809	305	1639	300	1306	1255	459	940	1633	450	174	512	761	587	701	500	258	366	663	591	747	255	679	489	381	271	117	63	181	294	463	1939	2762	773	29	70	225	97	89	119	97	30	81	93	366	161	74	189	211	415	924	294	146	82	61	115	41	25	9	106	270	23	30	147	132	29	93	847	99	21	55	51	19	67	44	54	107	17	18	147	41	27	355	44	11	76	31	16	27	23	24	59	56	28	15	35	127	27	166	310	259	363	378	381	233	88	325	150	484	175	93	167	282	198	173	112	25	578	264	758	1170	136	573	103	15	2949	183	72	420	27	76	110	79	134	40	1021	535	73	230	62	59	109	121	89	42	155	120	174	374	578	86	65	50	178	110	60	285	109	12	85	63	52	1	1	1	1	0	0	1	25	49	1	2	0	0	322	446	248	17	249	170	60	137	33	13	34	382	205	344	4322	404	743	1207	829	169	1698	2069	268	433	77	47	135	131	315	2317	3483	997	4503	517	428	519	407	534	671	665	303	215	458	156	371	358	517	202	472	567	566	674	100	38	38	49	412	482	30	121	108	106	233	117	107	48	35	13	24	11	18	268	213	38	62	152	492	95	97	24	120	93	37	212	97	46	32	25	36	19	190	323	1324	1023	1036	1661	1799	1751	1739	1646	1728	1518	302	35	74	34	29	44	197	113	208	178	1282	636	245	173	19	36	411	206	1171	138	535	289	246	590	17509	19632	497	123	222	808	48	1438	653	644	341	342	54	806	190	291	150	310	248	326	910	269	113	379	1320	2633	30	50	52	129	66	222	771	107	183	201	135	51	81	81	17	76	23	498	68	46	330	92	102	122	124	65	47	46	38	74	82	38	92	41	39	47	44	16	20	129	1486	4497	676	309	35	52	83	31	194	212	77	1048	649	762	965	68	40	22	25	23	43	103	75	46	64	54	400	34	238	42	26	45	27	37	99	171	19	79	25	108	144	60	249	125	0	2	37	219	80	77	122	72	100	206	21	222	25	1	1	1	12	1	157	1	107	0	0	72	21	74	3	2	0	1	1	143	95	662	72	99	85	133	181	168	144	65	134	85	146	97	121	122	156	107	144	132	888	2205	109	158	126	135	181	180	108	156	156	12	13	280	72	72	0	75	48	1	1	0	11	60	2	0	13	12	126	79	76	24	90	0	12	115	192	39	28	1	42	12	37	48	7	46	128	111	24	1	24	37	1	0	24	146	110	291	174	4	1	0	36	397	14	61	26	37	86	61	16	61	61	47	167	78	11	13	86	13	85	59	13	21	4	2	40	306	12	0	2	0	32	19	23	10	855	3311	668	88	84	209	72	55	264	740	117	108	246	620	1538	222	50	13	484	1549	91	603	60	715	714	193	708	1190	2697	540	350	219	179	73	2675	519	253	475	157	95	22	96	325	259	155	144	292	58	141
153	153	65	177	804	516	153	92	301	205	128	107	64	56	34	92	468	152	74	69	90	116	86	55	29	37	53	187	182	89	214	158	73	684	147	192	162	28	79	73	419	129	74	40	48	76	32	86	40	33	89	81	27	31	36	63	354	34	59	85	262	79	73	88	71	40	406	106	34	90	35	15	66	68	51	101	253	119	101	61	64	146	168	83	53	116	27	443	109	295	243	22	100	20	110	124	140	124	124	214	323	97	87	42	49	91	16	110	59	83	52	447	51	182	39	42	29	146	13	43	86	39	131	47	519	93	39	101	168	71	120	126	31	57	22	410	107	69	64	38	49	28	66	39	27	84	64	401	54	62	61	163	384	79	86	76	165	49	44	92	439	82	85	43	116	55	70	42	30	28	95	470	130	96	74	88	77	94	62	82	141	72	33	223	514	998	153	277	200	136	182	889	56	160	82	185	444	95	48	71	60	56	171	12	3031	36	125	151	82	84	14	41	25	96	48	49	48	44	40	20	57	22	72	109	131	34	102	56	55	112	95	389	66	45	78	90	45	38	94	65	45	38	32	281	43	34	122	84	259	67	56	36	42	46	175	269	28	75	141	423	304	106	61	105	25	198	82	114	468	145	134	83	131	313	117	207	104	41	149	152	547	131	93	141	1024	183	116	162	35	209	231	635	111	1475	76	69	56	141	139	184	23	65	27	503	125	95	34	74	76	156	249	26	35	20	27	634	56	27	525	164	64	24	158	69	42	10	55	474	53	23	51	35	33	20	20	40	42	39	63	361	30	61	69	51	444	117	121	8	27	20	32	460	49	57	39	154	422	377	450	461	382	406	369	770	574	486	437	444	672	553	264	374	397	307	327	564	795	335	441	522	381	268	203	329	237	547	1113	483	124	310	89	320	90	76	42	65	48	26	53	458	45	63	56	196	27	100	46	30	48	31	43	25	520	46	57	51	43	117	55	106	28	38	16	483	64	29	26	21	14	27	56	43	96	50	47	485	32	35	32	46	503	187	176	40	33	47	46	494	66	109	49	28	32	30	44	25	45	33	11	393	65	66	54	25	81	35	44	51	31	16	42	506	174	57	46	21	45	43	48	23	34	17	39	523	37	27	16	59	61	44	31	36	49	22	24	500	92	111	47	27	20	144	24	55	16	77	35	33	56	20	24	36	54	21	48	47	15	24	38	90	66	26	30	37	41	14	30	81	10	26	57	35	20	65	51	49	22	231	50	14	33	5	5	55	32	15	55	37	10	97	80	68	27	15	110	97	23	45	38	56	34	34	44	45	7	35	23	44	67	81	58	41	42	44	47	63	48	39	40	36	41	26	25	12	29	24	46	21	33	17	51	64	56	68	45	16	20	54	22	21	24	25	10	10	42	14	23	34	20	28	57	126	32	59	140	66	35	59	22	41	17	58	50	48	47	57	33	32	39	39	10	10	52	165	57	37	42	29	28	464	102	69	26	21	317	78	12	65	37	255	49	14	48	10	57	34	516	30	47	35	42	51	75	462	172	70	44	507	30	350	50	75
15	14	7	14	13	15	15	4	1	5	15	61	91	17	8	4	4	7	7	6	19	26	1	2	2	3	2	1	0	15	2	2	7	9	1	6	13	2	2	2	3	1	3	2	1	2	2	3	2	0	1	1	2	2	4	1	1	3	0	2	5	2	2	6	3	4	6	2	6	4	6	28	16	4	5	68	28	6	17	11	135	58	50	51	73	74	74	60	24	48	33	137	55	52	52	64	19	22	29	23	13	46	0	60	89	90	12	37	14	39	63	38	25	0	0	11	0	1	0	2	1	1	2	2	1	2	0	1	1	2	1	1	15	0	0	1	0	0	1	1	2	2	1	1	3	1	2	2	2	2	5	1	2	1	1	4	5	3	6	1	2	24	0	3	4	2	30	6	5	32	34	2	3	18	2	6	8	46	77	38	9	33	19	31	4	5	6	19	14	14	15	83	24	49	13	8	36	6	15	11	8	14	13	6	36	37	12	37	11	11	15	27	22	20	20	18	7	1	1	3	2	3	1	1	0	0	0	0	0	2	1	2	3	1	2	4	3	5	7	6	6	4	8	9	5	4	5	4	19	16	12	4	5	3	0	1	0	0	1	3	14	19	13	13	36	41	36	17	34	16	37	30	31	81	36	77	75	80	31	34	12	9	93	18	15	8	15	4	18	7	8	6	5	14	6	6	76	52	31	17	23	12	2	2	1	5	2	8	56	4	2	3	5	0	9	4	2	4	2	0	0	0	0	11	0	0	4	3	1	2	2	1	0	1	0	1	1	0	0	3	0	0	0	0	0	0	0	3	2	1	0	1	9	0	9	9	19	68	35	42	54	34	53	32	38	50	63	62	32	16	64	29	27	77	26	20	26	3	2	3	1	3	1	2	12	2	109	13	1	1	0	0	0	1	0	0	0	0	2	1	0	0	0	1	22	1	6	9	10	8	10	8	12	8	8	8	9	9	9	46	42	45	45	56	55	25	39	0	28	24	4	1	10	10	4	6	0	3	0	0	0	2	1	1	0	0	1	0	0	0	0	0	0	4	0	0	0	2	4	1	25	0	2	5	3	2	11	8	27	12	0	1	3	3	23	1	0	0	11	0	15	12	16	0	13	0	0	0	0	7	0	0	4	0	0	24	51	12	51	39	54	38	38	48	50	26	26	51	0	12	0	1	0	0	0	0	22	0	0	0	0	2	0	0	0	0	0	0	1	0	0	0	0	1	0	0	0	0	0	0	1	0	0	0	3	5	2	1	0	3	14	0	0	0	0	12	0	15	18	11	12	16	1	1	27	13	13	0	9	0	421	84	0	3	4	0	0	0	0	0	0	2	0	0	23	0	0	0	6	0	0	0	0	0	1	0	0	0	3	0	4	1	0	0	0	0	0	0	0	0	0	0	0	0	0	0	0	0	0	0	0	0	1	0	0	0	0	1	0	0	0	0	0	0	5	0	1	3	1	0	0	6	2	1	4	0	1	6	8	3	1	1	1	16	1	2	0	17	2	13	2	12	2	8	8	0	13	57	83	46	71	36
873	272	131	190	268	312	217	77	137	128	103	141	45	67	15	12	71	12	6	421	4188	4263	1283	29	34	10	8	7	236	11	10	10	11	8	10	9	15	9	13	9	6	11	179	1193	525	7	10	46	10	8	6	10	8	7	6	380	5322	10919	18	20	9	13	13	13	24	22	470	56	42	124	105	73	22	57	40	71	2680	5028	3150	4131	2942	3069	183	76	146	501	38	2321	1967	368	325	56	57	109	99	124	89	83	90	101	109	185	822	53	143	26	84	118	41	71	43	39	19	12	12	9	13	19	17	16	10	344	8	18	10	9	12	17	15	14	17	11	10	9	12	22	22	10	24	10	15	133	5060	10992	1787	18	11	13	12	21	10	73	22	15	30	9	7	10	18	16	17	13	13	17	51	492	47	67	63	112	106	78	141	175	451	276	501	107	75	103	133	119	70	120	86	146	150	189	317	225	378	66	87	72	36	207	142	53	41	84	431	60	35	67	40	34	19	32	10	96	40	45	394	15	53	38	32	14	46	88	11	23	22	21	42	15	28	29	22	14	33	34	50	13	1056	9309	10095	10497	9354	88	8	10	10	17	23	7	10	30	82	29	22	10	8	11	14	23	8	40	159	242	55	34	37	48	85	155	117	49	66	40	1450	255	205	96	129	118	166	76	974	90	126	204	221	303	119	212	485	765	104	335	166	285	186	514	289	324	257	74	263	241	120	77	242	211	21	6	57	32	25	8	17	32	313	23	24	10	9	15	15	13	10	15	11	15	10	12	12	16	10	7	4	17	11	399	2528	25	21	13	8	22	4	6	10	38	58	7	21	5	15	12	8	25	13	8	19	240	4692	8722	9234	4250	73	79	55	239	178	181	110	81	126	175	103	185	80	91	255	314	295	180	632	67	142	198	186	154	256	173	143	226	107	135	82	48	65	81	30	166	177	170	118	124	99	79	68	392	10	18	7	6	11	9	11	12	10	18	11	9	5	7	10	8	9	5	9	212	6721	11880	704	13	6	10	8	40	10	10	5	6	5	10	12	8	94	19	19	14	16	5	15	8	286	9	6	9	8	17	10	10	19	13	66	14	26	12	8	41	23	7	9	16	38	13	11	8	6	9	7	7	17	9	9	22	8	9	10	6	17	47	28	7	20	86	8	10	17	8	13	160	273	5	19	7	11	6	55	7	18	5	7	7	88	24	15	50	5	6	6	6	8	5	58	78	3809	9291	8	6	10	7	9	58	10	8	8	22	4	10	3	9	4	9	9	9	8	11	6	221	173	9	7	11	9	6	5	4	24	5	9	6	4	6	19	13	15	7	3	4	5	16	3	416	123	14	5	6	6	13	15	31	7	9	42	3	6	9	19	4	4	6	12	8	70	4	29	130	164	10	5	6	6	5	7	9	4	9	3	13	14	5	8	4	5	8	6	7	4	11	6	225	7058	11546	3042	7	7	6	10	22	4	7	7	5	5	7	5	7	17	7	4	7	9	4	7	224	105	37	14	64	87	127	60	69	22	42	19	87	36	50	66	50	15	17	28	13	59	15	39	199	343	40	72	71	24	31	67	49
2323	2484	3343	3212	4397	3846	4192	3963	2522	1755	1868	1411	1740	3937	2703	878	861	991	822	1006	449	519	599	377	445	637	296	1677	621	453	558	576	382	561	362	352	438	508	451	309	272	227	169	183	176	314	271	158	407	315	366	292	122	184	164	230	227	196	1737	1109	173	281	106	164	328	122	234	138	794	2899	1501	4626	4506	1354	1567	2117	1921	1848	2289	3077	5749	5579	3431	4184	2659	6444	2141	1660	1212	1968	1911	2140	2107	2353	1672	2360	1705	2586	2944	3149	4747	2710	4211	6610	6732	4076	4050	4405	3894	3472	1505	1668	2032	955	1038	1130	2076	751	694	421	383	490	605	453	407	399	576	328	430	318	359	636	1805	582	434	869	1222	1618	817	662	468	780	1061	826	632	495	529	437	891	1398	1643	2278	2965	5522	7878	6829	6242	7020	6881	7162	5728	6260	6868	3394	660	395	487	616	660	1937	2323	2180	2770	6512	1057	2722	2797	4150	4073	4084	4282	5297	2314	2737	3239	2179	3113	4007	3170	3573	3660	4709	2718	3209	3426	2575	2426	2391	5215	4855	2501	5834	4045	2069	1887	1482	1942	2093	1712	1175	1622	1303	914	820	1129	831	552	378	352	380	547	932	1105	2165	1047	1021	1023	1029	848	503	331	341	373	1184	235	297	247	252	233	8246	7333	229	377	272	276	3350	5605	4739	5525	5413	4577	6400	5731	5402	6057	6322	6120	6319	175	208	228	456	785	888	677	1225	1251	1421	1400	1254	6806	6849	2984	2040	1812	1826	1918	2498	2043	2710	1482	1809	6236	7118	6746	7110	4509	2443	2104	3227	2468	2419	2950	3588	2560	3082	3042	4652	6681	6511	7262	6159	7286	2195	2589	1255	812	5316	2068	1205	1718	1158	1756	798	1018	935	1051	925	526	1549	3083	4816	5479	4551	5247	5359	1093	479	319	481	580	284	256	247	105	143	127	112	154	290	505	279	346	1326	217	269	143	2303	1669	134	75	158	122	236	204	211	155	510	848	671	961	1498	723	2881	1443	1361	3941	3666	2565	3063	1886	6182	2662	1383	2212	2570	1888	1043	1266	1671	1652	1415	1798	2186	3191	3390	2986	1813	3349	7205	1707	2357	2250	1797	1723	1686	4156	3916	2893	2104	1069	1074	1134	884	507	793	1133	567	803	377	643	377	181	4452	7499	7370	5756	6749	7052	6599	1719	206	167	119	264	164	335	220	149	134	227	223	376	163	187	381	687	6321	5067	330	232	226	343	619	220	508	196	269	198	531	395	412	257	216	942	393	2124	698	1200	2980	5529	8384	9921	702	1989	2662	2708	454	472	479	415	372	120	247	1769	2690	1812	690	2464	3065	3127	2028	3638	2423	6642	8603	1016	977	811	1063	357	355	606	796	1040	709	758	493	485	638	708	542	297	256	552	336	432	395	434	6264	5046	208	244	106	201	471	245	192	117	354	220	102	151	98	68	122	122	282	119	165	245	277	3208	7395	132	184	159	137	202	969	170	127	99	166	63	104	133	134	125	137	148	165	266	121	81	78	3443	5440	6757	4343	180	245	203	540	2693	333	1683	2071	1123	543	362	301	637	688	696	586	2776	574	585	2118	3966	7228	7284	372	1503	1919	1791	1693	609	113	107	450	1103	383	613	630	881	298	452	393	309	374	352	454	140	5838	6691	3269	215	209	277	292	177	322	207	268	640	229	627	404	260	493	343	225	184	198	134	281	4979	7022	6753	259	246	195	320	915	142	106	121	129	192	152	140	172	99	168	133	211	138	181	126	186	3191	4056	7123	7536	211	319	261	236	468	780	231	279	452	526	357	575	1388	1414	772	787
15	0	34	1	0	0	0	0	0	9	0	0	1	1	2	1	0	1	0	0	0	75	0	0	60	72	36	48	0	0	0	0	0	0	1	0	0	2	2	1	0	0	0	0	0	0	1	8	0	25	13	8	3	0	0	25	27	72	85	72	60	36	108	36	61	108	24	73	50	24	96	385	565	37	26	205	61	60	36	60	52	73	26	37	14	111	86	48	48	60	44	84	37	51	37	43	26	13	35	3	0	0	3	0	0	22	0	4	13	14	2	0	0	0	106	275	23	18	1	1	1	2	6	1	2	5	0	0	1	0	3	0	0	0	1	1	12	9	12	34	67	54	13	22	37	45	181	6	6	3	0	0	13	37	12	12	5	2	12	22	0	2	12	0	1	23	13	0	2	0	13	1	0	4	1	7	2	2	3	12	0	8	53	12	0	8	3	14	0	1	0	12	96	73	25	96	36	12	2	0	0	0	3	1	2	1	4	0	0	0	0	0	1	3	2	1	0	2	1	1	0	1	3	0	0	1	2	1	0	0	1	1	12	36	13	1	0	0	0	13	9	65	14	0	0	2	0	0	0	0	0	3	0	0	1	1	6	1	0	0	1	0	1	12	0	2	0	11	1	0	0	9	0	1	3	1	1	4	2	1	1	0	0	0	0	0	13	2	0	5	0	1	2	1	2	3	1	4	1	1	2	2	2	0	1	0	0	0	0	3	2	1	4	0	0	0	0	4	1	0	0	1	4	0	0	1	0	0	0	1	0	1	0	0	0	9	0	64	96	0	0	0	0	0	0	0	0	0	0	0	0	0	3	2	0	0	0	1	0	0	2	0	26	0	0	1	12	0	0	0	2	0	1	2	0	0	2	3	12	0	2	1	13	0	0	0	1	0	4	3	0	0	0	0	17	1	0	0	1	0	1	2	0	0	0	0	1	1	0	0	0	1	2	1	1	0	0	0	1	0	0	1	0	0	1	0	1	0	0	0	0	4	1	53	157	68	1	0	0	0	0	0	1	1	0	0	0	0	0	0	0	0	0	0	0	1	0	0	2	1	0	0	1	1	0	1	0	1	2	0	0	0	0	0	0	0	0	0	0	1	0	0	1	4	4	4	5	3	1	1	1	0	0	0	0	0	0	1	0	0	0	0	0	12	74	31	53	0	7	0	0	0	0	0	0	2	0	0	0	0	0	0	0	0	0	0	0	6	0	40	21	8	0	0	0	0	0	0	0	0	0	0	0	0	0	0	0	0	0	0	0	0	0	0	0	0	0	0	0	2	0	0	0	0	0	0	0	0	1	0	0	0	0	0	0	0	0	0	0	0	0	0	0	0	5	0	0	0	1	0	2	1	0	0	0	0	0	5	20	0	0	5	10	40	32	35	35	37	64	30	0	40	30	40	30	29	50	7	10	55	50	109	90	54	1	30	9	9	6	3	3	2	0	0	5	4	0	3	9	5	1	0	23	2	14	0	1	0	0	1	0	0	1	4	2	0	0	3	0	0	0	4	1	1	1	1	1	0	0	0	1	3
10	1	11	1	3	11	11	0	1	0	2	0	0	1	0	0	0	1	0	0	0	0	0	0	1	1	0	1	1	0	0	0	0	0	0	0	0	1	0	0	0	0	0	0	0	0	0	0	0	0	0	0	0	0	0	0	0	0	0	0	0	0	0	0	0	0	0	1	0	0	0	0	2	0	1	4	27	21	21	1	0	11	0	0	13	31	11	5	1	2	0	1	35	50	0	18	1	33	10	1	0	21	10	21	7	0	10	0	0	21	21	10	0	1	0	1	0	10	0	0	0	0	0	1	0	0	0	0	1	0	0	0	0	1	0	0	0	0	0	0	0	0	0	0	0	0	0	0	0	0	0	0	0	0	0	0	0	0	0	0	0	0	0	0	0	12	0	0	0	10	12	0	0	21	0	45	37	1	14	10	35	2	0	14	1	3	0	3	0	0	12	13	18	0	1	0	0	10	0	0	14	10	0	0	0	0	0	0	0	0	2	0	31	0	0	0	0	0	0	0	0	0	0	0	0	0	0	0	0	0	0	1	1	0	0	1	0	0	0	1	1	0	0	0	0	0	0	0	0	0	0	0	0	0	0	0	0	1	0	1	0	0	0	0	0	10	0	0	1	1	0	2	1	10	0	0	0	0	0	1	0	0	0	0	31	25	21	13	16	21	2	0	1	21	10	0	0	0	0	0	0	10	9	0	0	0	0	1	1	1	0	3	1	0	0	0	0	0	0	0	0	0	0	0	1	0	0	0	0	0	0	1	1	0	0	0	1	0	0	0	0	0	0	0	1	0	0	0	0	0	0	0	0	0	0	0	0	0	12	1	10	12	6	12	0	12	0	0	0	11	0	1	16	10	1	10	0	33	0	21	0	10	0	3	0	9	27	15	0	11	33	31	1	1	0	0	0	0	1	0	0	4	0	0	0	0	0	0	2	0	0	0	0	0	0	0	0	0	0	0	0	0	0	0	0	0	0	1	0	0	1	0	0	0	0	1	0	0	0	0	0	1	0	0	0	0	0	1	0	1	0	0	0	0	0	0	1	0	0	0	1	0	0	0	0	3	0	0	0	0	0	0	0	0	0	0	0	0	0	0	1	1	0	0	0	0	0	0	3	0	0	0	0	0	0	0	0	1	2	0	0	0	0	0	1	0	0	0	0	1	0	0	0	0	0	0	0	0	0	0	1	1	0	0	0	0	0	0	0	1	0	0	0	0	0	0	0	0	0	0	0	0	0	2	1	0	0	0	0	0	0	0	0	0	1	0	0	0	0	0	0	0	0	0	0	0	0	0	0	0	0	0	0	0	0	0	0	0	0	0	0	2	0	0	0	1	1	0	0	0	0	1	0	0	0	0	0	0	0	0	0	0	0	0	0	0	0	0	0	0	0	1	0	0	0	0	0	0	0	0	0	0	0	0	0	0	0	0	0	0	0	0	0	0	0	0	0	0	0	1	0	0	0	0	0	0	0	0	1	0	0	0	0	0	1	0	0	0	0	1	0	0	4	0	0	5	0	0	0	0	0	22
210	83	109	38	38	115	51	61	87	52	297	55	185	60	41	91	26	79	230	27	28	81	142	108	211	80	151	132	140	112	174	96	171	80	58	63	83	6	10	8	9	7	5	18	9	11	17	30	31	52	14	14	8	8	6	30	23	48	8	9	29	21	47	14	20	163	15	7	28	30	154	203	119	236	77	118	77	256	100	76	100	121	44	84	321	145	236	19	169	38	281	227	244	209	374	205	180	146	82	142	84	121	37	107	76	147	38	36	50	23	141	211	128	32	6	52	5	20	115	74	78	14	30	28	7	10	11	36	33	6	10	15	127	6	18	89	9	7	12	7	11	8	20	12	11	95	6	11	9	4	6	22	12	12	7	12	11	14	8	9	25	24	8	9	24	10	31	121	38	22	77	117	100	314	61	463	163	643	177	214	144	97	81	74	149	117	156	146	198	129	93	196	615	381	241	551	300	43	169	126	146	125	879	61	17	60	94	11	8	163	49	49	42	15	79	47	37	28	7	19	7	5	11	10	15	33	9	33	55	27	2	9	6	58	8	7	12	28	77	72	34	14	88	21	12	34	19	21	10	25	18	28	5	37	20	10	10	27	42	17	70	38	39	22	23	34	72	61	100	89	136	77	241	147	261	188	70	466	96	289	56	50	117	347	378	293	506	141	148	417	177	236	190	130	37	108	414	206	71	46	81	188	45	10	62	27	11	13	24	20	43	13	38	28	21	55	11	8	4	20	9	30	12	6	8	18	12	17	53	26	9	42	9	4	17	46	103	80	13	12	12	58	13	168	154	131	243	302	219	196	70	18	12	8	7	22	11	105	227	92	50	26	139	182	208	104	98	149	235	380	1306	6133	15186	9541	28860	36162	936	244	218	157	211	192	341	639	902	3135	1639	4591	3809	3213	218	3109	1724	3220	1916	4218	4289	196	33	173	39	21	10	16	13	58	79	13	19	23	111	7	10	11	5	23	10	32	55	7	92	18	6	10	7	12	8	7	11	11	46	94	24	11	9	28	8	35	7	17	9	10	9	17	12	102	7	9	6	10	10	3	10	5	5	5	15	6	4	24	30	38	50	44	28	7	6	54	8	219	1143	7	9	9	9	5	11	21	8	6	6	24	7	30	9	8	7	8	10	24	17	6	28	23	15	16	3	17	17	43	3	8	9	16	6	10	19	5	43	325	19	19	5	7	8	5	6	12	5	29	8	73	9	44	5	31	33	13	8	10	10	17	7	36	40	100	39	14	11	10	7	21	5	30	67	126	41	35	10	4	11	5	7	9	7	19	18	9	5	7	7	9	5	9	3	7	38	8	17	13	6	6	6	19	41	43	12	30	18	42	112	55	10	33	54	5	42	6	7	42	8	5	5	10	12	5	19	9	8	23	52	23	27	22	7	17	13	56	5	6	17	4	30	3	5	7	5	10	3	15	7	11	65	26	11	114	17	13	6	10	4	9	8	14	43	16	11	9	6	5	6	15	55	7	6	42	8	24	86	49	71	22	54	18	95	180	97	7	11	16	40	136	16	55	113	37	136	64	23	102	130	50
13	2	3	1	29	0	1	1	1	1	0	0	1	1	0	1	0	0	0	4	4	103	98	111	91	111	151	153	163	103	84	153	101	112	132	81	284	96	3	1	43	137	151	1	5	3	1	1	2	1	0	2	1	0	0	0	0	0	0	0	0	0	0	0	0	1	0	0	0	0	0	0	0	0	0	1	1	1	1	4	0	0	0	2	21	3	1	0	2	1	0	0	0	1	0	0	12	1	12	886	9499	0	24	0	0	0	0	102	0	1	2909	12	0	0	1	1	2	1	1	1	1	5	0	0	1	0	1	1	1	1	0	0	0	0	1	2	0	1	0	0	0	0	0	0	0	0	0	0	0	0	0	0	0	0	0	0	0	0	0	1	0	0	0	1	0	1	0	0	0	0	0	1	1	0	1	0	2	3	9	0	0	0	0	1	0	0	4	0	0	12	0	1	12	2	0	1	0	0	1	0	0	0	446	0	0	0	0	0	0	0	0	0	0	0	1	2	2	2	2	1	0	1	1	0	0	1	2	0	0	0	0	0	0	0	0	0	2	0	0	1	0	0	0	0	0	0	0	1	0	0	0	0	0	0	0	0	0	0	0	0	0	0	0	11	0	1	0	12	12	0	21	23	0	0	0	12	2	0	0	0	25	0	0	1	0	3	2	0	1	0	0	1	0	0	0	0	1	0	0	1	0	0	0	0	0	0	0	5	0	0	13	11	7	1	37	1	1	1	1	0	13	1	1	0	1	2	0	0	0	1	0	0	0	0	0	1	0	1	0	0	1	0	0	0	0	0	0	0	0	0	0	0	0	0	0	0	0	0	0	1	0	2928	2604	1032	1872	3192	3276	1	0	0	0	1	3	4	6	1	12	791	239	1	0	1	0	14	0	0	0	0	0	1	0	3	0	2	1	0	0	0	1	1	0	0	0	0	0	0	3	0	0	0	0	2	0	1	127	2830	4478	3475	450	257	57	14	24	27	11	25	17	18	15	14	2	0	0	0	0	0	0	0	0	0	0	0	1	0	1	0	0	0	0	0	0	1	0	0	1	1	0	0	0	0	5	0	0	0	1	0	1	1	11	0	0	0	0	1	0	0	4	0	0	0	0	0	0	4	1	0	2	0	0	0	0	0	0	0	0	1	2	0	0	0	0	13	0	0	0	0	0	2	1	2	0	0	0	0	0	0	4704	3288	0	0	1	0	0	0	0	0	0	0	0	0	0	0	0	0	1	0	0	0	0	0	0	0	0	0	0	0	0	0	0	0	0	0	0	1	0	0	0	1	3	0	0	0	0	0	0	1	0	0	9	0	0	0	0	0	0	0	0	0	2	0	0	0	0	0	0	0	0	0	0	0	0	1	12	0	0	0	4	0	0	0	0	1	0	6420	9696	1296	0	1	0	0	1	0	0	0	0	0	0	0	0	0	0	0	0	0	0	0	3	1	0	0	0	0	0	0	0	1	0	0	0	0	0	0	0	0	0	0	1	0	0	0	1	0	0	0	0	0	0	6	1	3	1	1	1	0	0	0	2	0	2	0	0	6
711	926	896	919	1014	611	94	0	2	14	6	2	1	1	185	371	227	1	3	5	2	4	12	5	4	93	210	218	23	22	21	27	25	24	26	31	0	4	4	1	0	0	1	5	2	12	2	4	1	3	12	3	12	1	0	3	1	0	3	5	1	7	41	25	89	137	12	40	1	4	33	40	2	17	17	76	141	43	54	5	240	57	2	14	43	31	69	96	78	48	27	31	69	7	14	4	40	200	13	37	21	14	17	4	5	16	0	4	2	2	2	5	15	2	0	2	1	2	1	7	13	7	10	3	2	1	3	1	7	2	4	2	2	3	0	0	0	0	3	5	3	0	0	0	2	0	1	4	0	2	1	0	1	2	0	3	1	2	1	2	1	2	1	3	5	7	13	4	32	33	359	37	46	49	21	38	10	61	7	81	21	5	16	36	91	82	62	56	59	24	8	2	20	5	4	0	1	0	12	1	24	11	2	92	1	48	15	15	2	1	3	1	2	0	1	0	2	46	1	33	26	25	27	34	33	36	38	16	98	153	89	80	194	216	196	135	154	142	308	278	259	320	246	375	201	0	1	3	0	0	1	248	256	97	193	221	55	89	97	9	13	5	2	14	7	11	29	1	14	26	18	44	24	3	52	40	91	16	3	18	27	15	29	122	23	26	109	32	115	25	88	0	4	25	12	1	10	0	0	4	116	3	3	14	65	2	1	11	4	2	1	1	1	3	210	659	815	813	712	29	773	744	178	241	60	54	34	26	31	30	28	15	1	1	3	2	15	0	0	0	1	1	0	0	1	1	1	56	42	2	1	4	1	2	20	7	6	12	17	17	19	20	17	39	11	5	5	30	26	2	25	19	42	35	34	107	41	33	112	45	22	2	23	4	4	4	165	17	1	2	49	15	10	138	1	4	2	1	0	60	1	0	2	1	13	0	5	1	16	0	2	20	9	4	15	3	2	2	1	3	8	9	2	1	2	0	0	2	0	1	0	2	4	0	0	1	1	1	0	0	2	2	4	0	2	56	17	8	1	2	1	1	3	5	3	27	14	4	0	3	0	1	1	1	1	0	0	19	60	1	1	2	14	1	0	4	8	5	12	0	0	0	2	3	2	4	0	2	3	1	1	1	2	3	0	9	0	1	4	0	1	0	0	0	15	3	12	1	3	1	0	1	80	1	3	28	1	2	1	0	0	0	0	3	0	1	0	1	4	4	0	2	4	0	1	3	0	0	0	0	4	2	0	0	1	1	0	1	8	7	11	1	18	0	3	2	4	2	12	16	1	1	0	7	9	2	0	1	1	4	23	75	55	96	57	47	84	116	64	76	68	363	95	48	94	35	72	75	40	75	77	70	45	95	65	109	87	46	115	104	105	111	35	58	94	120	159	149	131	242	184	211	205	228	311	296	432	332	383	230	379	295	378	375	415	492	460	366	361	300	514	551	447	391	493	448	381	502	402	213	11	1	11	16	79	133	156	47	23	13	14	6	30	16	20	93	24	7	11	15	53	198	41	48	48	38	37	31	2	4	0	9
3400	1318	1206	1433	1477	1957	1123	1106	1755	1712	1193	1101	1181	1905	2119	1308	903	1035	2079	1155	864	549	242	289	134	506	75	762	230	621	192	425	404	127	97	67	78	942	1128	772	236	676	407	162	349	130	152	158	389	1131	1102	1146	222	489	112	154	126	53	142	307	97	863	1002	741	189	636	131	2153	283	216	132	192	605	594	750	2825	1739	1562	1347	764	646	685	1043	736	745	4139	5817	4181	4321	4952	4783	4737	5648	5210	5068	1175	951	2238	1581	804	1849	3905	1203	1609	559	1341	509	323	416	896	1146	1055	705	110	1008	321	695	446	438	417	238	112	164	191	129	536	116	49	61	78	25	35	95	965	1130	832	906	484	420	260	378	154	157	247	387	1260	1039	1195	288	672	244	112	137	220	140	212	161	936	1110	829	276	89	172	367	544	253	342	497	853	413	378	892	1608	2812	2720	2367	5012	5195	2687	2654	2282	5152	4954	3309	962	748	761	0	0	442	845	1288	1287	728	507	2533	602	1200	576	482	487	4282	2923	312	380	965	1203	1150	169	1397	436	161	1665	305	146	548	744	155	341	158	52	564	449	636	168	169	56	72	64	1035	1177	727	681	255	474	111	413	268	176	274	742	1118	1169	1293	377	675	229	494	176	225	81	191	186	859	1110	729	379	753	333	573	341	324	378	460	1455	483	446	2523	3044	792	889	4001	1247	990	779	1271	1866	4523	5356	4937	4345	3712	570	1367	870	1159	1350	504	1745	1562	556	797	1012	1044	639	404	306	393	519	243	250	2336	1348	1816	297	2673	451	306	477	196	422	180	437	208	132	148	128	695	252	322	194	258	256	142	144	1260	1350	937	417	840	662	232	536	326	305	308	1320	2270	2393	2133	353	828	180	278	679	343	298	238	283	1315	1603	1106	701	772	859	1689	921	803	835	652	631	874	2759	2952	672	1501	1142	1070	1012	1141	1673	1383	1949	4969	5150	5048	4657	4874	4596	4575	4131	715	789	408	1026	564	786	450	431	1050	318	555	194	425	478	548	266	1028	1199	2229	226	866	426	717	444	1034	338	681	231	121	61	27	47	504	55	3383	3677	3660	3296	3285	3391	4079	3128	808	129	148	237	502	341	351	170	1136	4063	5517	1410	2170	6367	7892	7801	7750	6250	7834	4101	91	115	1363	1136	566	1032	406	450	248	310	254	2	37	356	15	7	67	48	226	289	56	196	23	29	3049	3374	3817	2937	3965	612	3773	3057	1115	833	833	501	1527	2469	8923	8235	8117	6911	8641	6124	281	149	753	549	244	74	950	1130	729	42	559	281	104	334	38	99	668	1705	1361	52	45	21	259	229	132	208	7	19	48	69	1067	976	847	264	296	659	175	407	234	138	185	376	1173	1181	1130	220	732	174	188	176	222	232	195	167	777	1024	764	135	387	669	546	380	503	401	136	182	214	205	280	187	715	335	208	290	273	200	228	152	3837	9095	5952	1342	787	466	218	537	307	323	707	3466	375	364	393	253	695	343	177	80	86	75	66	46	785	1159	711	96	545	257	147	293	306	80	86	450	294	95	44	29	454	69	82	43	94	32	46	86	1263	1237	662	200	205	159	283	115	1464	1081	1286	2009	1178	1124	1098	185	639	105	143	133	181	100	116	76	1226	1077	745	618	467	198	447	389	277	276	474	873	176	162	158	734	3839	162	251	163	230	1123	231	198	4283	2244	942	1011	497	630	257	411	201	234	485
75	88	70	67	52	55	73	85	59	89	82	50	61	125	56	59	61	66	55	57	67	68	55	55	58	51	50	55	55	49	45	2	3	2	3	26	14	3	4	6	16	3	5	16	4	2	2	17	4	7	5	16	15	10	6	75	5	7	10	18	6	7	8	8	6	16	5	18	64	30	2	43	6	30	23	40	38	33	17	25	20	20	93	1493	2004	1657	271	440	223	139	125	113	121	89	99	213	50	81	96	100	296	81	206	5	18	109	61	53	24	3	61	361	161	164	215	309	191	312	362	252	276	295	251	236	187	183	6	46	18	18	13	16	6	19	2	11	3	4	6	6	2	14	3	13	4	2	4	5	4	3	2	2	5	4	1	2	130	15	26	5	10	4	3	9	28	26	10	4	13	29	76	39	51	15	30	30	17	36	26	41	84	96	97	16	12	266	55	212	53	143	85	62	76	34	63	137	209	49	76	5	28	37	5	6	2	14	17	20	2	3	22	19	5	3	2	5	4	2	65	73	16	16	5	10	3	5	60	23	10	8	20	10	410	19	5	5	5	5	9	16	11	6	1	2	8	4	3	14	3	458	5	22	5	3	41	63	16	17	23	9	24	12	4	20	7	28	37	114	88	44	8	8	6	180	32	7	45	12	13	9	30	108	80	27	1000	915	30	72	28	18	53	16	108	15	18	32	11	7	8	6	7	18	5	4	210	504	423	244	46	8	7	94	181	222	230	10	13	8	20	5	16	4	6	23	10	22	11	14	18	5	5	16	3	18	54	3	17	7	8	4	7	5	3	5	7	4	4	4	6	4	5	16	5	80	17	24	14	21	15	11	5	9	26	29	50	14	5	10	19	22	9	45	75	36	5	5	14	62	5	28	30	9	25	29	21	145	41	46	5	22	86	40	6	90	88	7	19	17	22	6	672	218	15	6	15	19	4	6	7	18	2	5	9	6	4	4	5	3	22	9	13	9	7	8	33	10	10	16	10	14	12	11	15	29	61	21	22	28	19	25	11	11	5	33	7	11	4	17	12	6	27	8	4	12	15	3	13	2	7	16	9	4	14	14	20	34	17	5	6	8	12	45	27	4	6	15	13	6	3	6	8	7	27	16	17	15	12	6	6	6	5	6	5	26	8	19	5	6	15	10	11	29	6	5	6	3	7	20	158	183	165	181	118	155	110	168	141	131	90	7	3	7	8	6	25	6	7	4	5	4	5	4	18	5	3	16	15	2	3	6	3	6	6	5	8	3	6	5	3	7	73	49	4	3	5	16	4	4	5	12	4	3	16	7	17	6	18	3	18	11	4	5	2	6	4	73	6	3	7	3	4	4	0	5	5	8	6	4	3	2	4	4	3	3	4	5	3	4	5	7	2	5	5	13	51	3	3	5	4	3	6	18	6	2	4	5	5	5	3	4	16	4	3	5	2	4	7	11	3	3	2	7	6	6	4	11	6	4	23	27	3	16	22	37	14	7	3	4	12	104	95	46	9	3	7	33	6	20	4	6	7	31	69	28	6	4	6	14	18	9	5	4
13811	11796	10351	10815	11088	8784	9917	10844	9665	10802	9664	8992	7249	6637	7132	6859	6498	5691	5807	6525	4054	3907	4539	5414	4844	4944	6302	3225	3835	7065	3951	3377	3771	3091	3250	3734	2908	2194	2812	3245	5181	3203	1860	2040	1800	1693	1755	2208	1699	1922	1706	1554	1288	1905	938	1178	1098	857	1234	1185	1091	1227	1454	1727	1800	2006	1935	2284	1873	2355	3522	6741	8268	6263	10055	10221	9644	16355	16426	9127	10189	15621	17977	14178	14803	14539	15387	15458	12255	9993	11959	10103	11396	10104	11391	15507	14642	11360	10887	15329	13427	13012	10784	9024	8404	9304	8744	6024	5527	6120	6139	4564	5771	6431	5669	4480	3033	4394	4871	3252	3518	3079	3108	3035	2962	2492	3868	2392	4523	3513	3026	3906	2880	2897	4579	7453	9107	9330	8585	8589	7954	8307	5063	2342	1993	2501	1826	1899	1420	1383	1390	1749	1285	928	967	1502	1221	964	1286	1264	2684	7989	1669	2709	1636	2254	5232	5027	6718	7301	6253	6552	6192	7527	6767	8269	8709	9501	10184	12660	13848	10327	8938	9367	9261	11137	9378	8656	9746	8908	16967	14385	10902	10057	9467	9226	9680	9765	7612	8653	11167	8380	6000	6338	5318	4738	6484	4100	4164	5575	3102	8574	8429	13155	8608	9391	10995	10343	7118	6474	6598	2401	1375	2534	2911	3549	1795	2515	2097	1513	1122	1893	1823	1549	1594	1513	1409	1209	1154	1437	1167	1060	1404	6796	4216	971	938	806	773	1545	729	699	1150	852	551	846	1059	844	774	1190	2232	2299	2482	3474	6414	10274	12354	12896	16222	16505	12066	9005	9627	8235	9873	9603	13771	9585	6820	9068	8495	7819	11424	10879	14111	15085	10987	12145	12128	10426	12919	11940	8442	7749	10212	8190	17493	9204	9649	9902	11870	5644	5296	5122	4566	5431	5388	4974	3874	4372	7038	6892	4438	3382	2095	4498	8007	7689	7857	7455	7090	7106	7241	6921	7459	7722	9665	4501	2629	1560	1569	1688	1694	993	802	1304	997	1703	1085	1281	745	6032	1439	1377	977	754	1357	1344	1333	1296	948	1152	1021	1817	1323	1445	2218	2960	3505	3908	4878	4563	6012	8391	9006	8823	7620	7533	9404	13833	7856	11005	8581	10944	12652	8410	9741	11220	10656	8251	12287	11026	12191	10594	10711	9990	10189	8813	13148	13923	10647	8083	9552	6940	6064	5197	6144	6994	5406	3557	5030	4321	3055	3481	4108	3674	5429	7947	3719	4198	2639	2889	2440	4412	4252	4622	4059	4014	4488	4802	3777	3908	3826	2816	1381	1055	1098	2688	2663	990	1233	748	1196	852	982	819	964	780	514	973	911	888	531	880	991	1343	893	1190	1372	993	961	937	1034	1026	1001	978	1162	1292	1783	1626	2023	1805	1892	1769	4632	3936	5721	2174	1852	1650	1555	2074	1323	1579	4468	3204	3205	2306	4061	2970	3810	3689	3173	4388	4516	2838	2772	2697	3226	1952	3408	5631	6270	5727	4623	3589	4850	5584	1993	2048	1643	1419	2089	1937	1446	1300	1447	727	1415	965	949	1497	895	1289	1128	1106	733	1043	1429	878	958	929	627	1059	1213	975	732	1519	810	1002	550	615	984	633	610	689	851	532	598	637	979	962	437	822	870	520	487	1495	692	650	573	976	923	1175	613	674	1616	1049	899	1081	1984	1608	2107	1126	1586	1413	3019	2779	1306	3836	2992	1410	1830	1904	1318	1285	1990	3832	2937	1744	1712	2148	4766	9002	11097	6701	1657	1847	1861	1133	2110	1940	3103	1736	1896	1485	1510	1225	1534	1738	1230	1477	1299	1582	1487	1312	1928	1583	1554	1168	919	1312	1504	1679	1358	1869	1835	498	1897	1717	2752	2258	884	1262	1596	1886	1970	1947	1000	461	931	798	793	772	1091	1565	1478	1103	1558	1272	962	511	1784	605	745	931	617	666	1039	1081	1179	652	619	818	1829	2129	2061	2616	1181	2154	1668	7397	9427	10414	11351	10566	10527	2990	2244	2460	2491	3068
185	243	293	179	340	209	112	204	216	143	152	127	189	66	39	97	61	114	194	93	58	130	107	90	47	30	90	63	12	254	29	63	13	44	57	69	81	81	113	34	41	34	36	14	10	16	27	1503	27	26	29	23	14	10	21	32	40	28	20	15	33	14	11	13	35	31	43	86	86	40	69	84	82	142	132	104	18821	17887	13848	632	911	66	152	205	4799	3173	309	4135	119	96	274	1018	258	175	442	239	156	137	207	175	225	236	191	146	85	92	231	295	593	392	451	78	93	85	67	102	102	40	225	84	32	75	140	89	67	99	60	33	5	18	42	20	8	7	19	4	8	21	42	508	122	8	6	1477	285	6	17	10	16	27	21	9	11	10	8	12	11	7	8	17	21	10	20	13	16	19	237	56	84	72	130	124	146	48	37	71	136	184	120	140	94	97	160	128	150	141	219	104	435	345	158	156	103	118	110	285	122	88	112	145	763	101	1158	5016	80	82	129	98	82	26	96	56	50	71	29	19	87	32	44	82	48	55	26	45	29	29	26	117	38	18	87	28	39	27	38	16	28	67	35	1665	13	14	29	23	41	20	25	22	25	21	20	62	33	19	37	19	29	28	30	28	37	44	45	21	816	76	43	135	308	86	283	166	224	103	285	224	284	97	147	85	292	638	91	918	175	345	254	232	221	273	147	134	141	766	292	335	240	90	38	95	92	97	150	183	60	93	42	75	72	57	54	13676	2085	49	40	35	17	21	51	26	32	30	29	15	24	14	18	9	37	16	18	13	53	31	20	1548	16	17	33	21	14	13	17	22	38	12	27	16	13	24	13	22	17	26	22	43	36	181	208	361	294	2765	9638	736	89	157	133	155	129	89	116	127	179	62	3013	4451	3734	130	132	260	176	191	236	1065	123	95	147	207	388	841	921	811	771	679	52	232	1426	59	32	55	27	31	46	83	35	7	91	880	36	9	6	5	178	50	136	33	9	19	67	9	17	7	8	14	21	101	46	12	18	32	20	2128	8	11	6	35	10	6	18	9	6	8	7	7	4	5	10	7	164	13	48	10	14	9	16	990	6	7	10	199	135	12	6	16	21	33	23	11	9	4	11	11	25	8	56	57	11	11	35	957	6	18	9	22	26	32	126	28	14	89	20	26	30	569	910	23	67	10	22	29	22	54	142	1091	97	83	26	12	35	19	25	22	22	7	47	23	10	10	20	15	9	28	16	31	34	9	5	2367	3	6	3	16	11	8	6	9	5	9	5	8	6	8	11	8	8	15	20	3	11	4	5	902	8	5	8	21	139	59	44	18	7	46	42	16	20	8	20	18	39	114	43	85	18	183	14	992	50	20	40	68	17	6	17	9	19	89	15	80	26	15	17	25	29	53	75	8	40	34	6	11994	5074	19	110	65	5	32	4	4	23	4	11	19	9	19	23	7	11	57	35	20	16	55	54	2862	14	2	3	15	3	4	15	6	5	16	6	11	5	11	12	7	5	10	17	62	33	103	165	759	69	23	30	59	22	37	67	54	29	45	38	47	46	23	33	50	52	37	60	47	84	79	71	1176
18	4	3	13	3	2	35	16	21	47	23	9	2	16	1	1	1	0	0	2	13	2	0	26	4	2	2	0	1	1	0	2	13	1	1	1	0	2	2	0	2	1	3	2	1	0	0	1	0	1	1	1	0	2	1	0	1	2	0	1	2	1	0	1	0	0	0	2	2	3	2	19	10	0	2	16	2	4	1	1	1	2	0	23	0	3	59	13	49	3	1	26	1	2	24	8	5	46	9	11	42	1	1	31	1	1	2	2	39	3	2	2	1	1	2	0	3	13	13	2	91	3	35	2	3	2	1	1	2	1	25	2	0	0	0	2	0	1	0	3	1	1	0	2	1	1	0	1	1	1	0	1	1	0	1	0	0	1	2	2	0	4	0	0	4	0	0	2	2	11	4	0	4	1	4	0	1	27	15	13	3	17	9	12	14	13	1	3	1	13	13	0	3	35	0	2	1	13	3	1	2	57	2	1	13	0	2	1	1	2	2	1	0	1	0	1	0	1	1	0	1	4	11	0	0	1	1	2	1	1	0	3	0	1	68	1	1	1	1	1	1	0	2	3	1	1	0	1	2	2	0	4	0	4	1	1	1	2	2	3	1	2	3	1	11	0	1	11	2	3	1	2	1	25	1	2	14	34	6	25	9	6	18	2	11	2	2	37	0	1	33	9	3	38	5	20	1	0	24	2	2	3	1	0	1	2	14	1	1	0	3	0	8	9	11	10	0	0	0	1	0	13	1	0	1	1	2	2	3	3	1	2	1	0	1	1	1	3	1	3	1	0	1	0	0	0	2	2	0	1	2	2	0	1	11	0	0	2	1	0	2	1	13	12	1	1	1	0	0	13	0	3	1	3	16	1	2	1	2	2	2	27	13	13	4	24	1	1	12	3	0	1	23	1	0	1	1	0	0	1	2	4	1	2	2	12	0	1	1	0	0	3	0	1	1	2	2	1	1	0	1	1	0	0	2	1	1	2	2	0	1	0	1	1	1	2	3	2	0	1	1	1	1	2	2	1	0	0	0	1	0	3	0	2	1	1	0	1	1	0	1	1	21	0	0	0	2	1	2	1	1	1	0	1	1	1	2	1	1	6	1	2	0	0	1	1	15	25	5	1	3	6	2	1	2	0	0	0	3	2	2	2	3	2	1	0	2	0	2	1	2	1	0	1	0	0	11	1	0	1	2	2	0	1	1	0	0	1	2	0	3	4	0	1	1	0	0	1	0	2	0	1	1	1	3	1	1	1	0	0	3	3	2	0	0	0	3	4	2	2	1	1	5	14	9	1	2	13	28	30	2	1	1	3	4	0	10	3	3	1	7	2	0	0	1	1	0	2	1	0	0	2	1	9	0	0	1	1	2	5	1	0	0	3	1	0	11	1	0	0	1	1	0	1	1	0	0	2	0	0	0	1	2	2	2	1	0	1	1	2	0	1	0	2	2	3	0	0	0	0	5	1	1	3	0	1	2	4	3	26	13	1	2	1	1	1	1	1	2	1	0	16	46	25	16	34	16	20	18	36	29	26
0	1	0	1	1	0	1	2	11	0	0	77	66	0	0	40	1	0	0	1	0	0	0	2	2	0	0	1	6	0	1	3	0	1	1	0	0	0	0	1	0	0	0	2	0	1	0	2	0	1	0	0	0	0	1	0	1	1	1	1	3	1	0	2	1	0	1	81	30	8	0	1	0	0	1	1	1	1297	1	1	0	7	2	1	11	12	12	1	1	4	0	0	2	2	0	25	0	5	0	0	0	1	2	0	2	0	0	1	10	0	0	0	1	53	43	1	1	0	0	3	0	0	0	0	2	1	0	2	1	0	1	1	0	0	0	0	0	2	0	0	0	0	0	2	0	0	1	10	0	1	1	1	3	0	1	0	2	1	1	0	0	0	0	0	0	0	0	6	2	10	1	11	4	0	2	4	2	1	1	0	12	0	0	0	1	0	0	1	11	35	0	6	45	0	0	4	12	12	3	12	0	13	13	1	1	2	2	0	15	2	0	1	0	0	0	0	2	0	0	0	2	1	0	1	0	1	0	80	0	1	0	3	0	0	0	1	1	0	0	2	1	1	0	1	2	1	0	0	1	0	1	0	0	1	0	1	5	0	0	0	0	12	9	0	34	4	2	1	0	1	0	0	10	5	1	1	2	0	10	98	0	1	0	1	0	0	1	1	12	0	5	1	1	0	0	13	3	0	0	2	2	1	0	0	1	0	2	0	1	0	12	1	0	1	1	0	3	21	0	0	0	1	0	0	1	0	1	0	0	0	1	2	0	0	0	2	1	0	0	10	0	1	1	1	0	0	0	0	1	0	1	2	2	1	2	1	1	1	1	2	1	0	1	1	1	1	0	0	0	0	12	11	12	12	0	0	0	1	0	11	1	0	2	2	12	1	14	13	11	0	1	20	0	0	1	1	0	0	0	1	16	0	0	0	0	0	0	0	0	1	1	1	0	1	0	0	0	0	2	1	1	0	0	0	0	0	1	2	0	0	0	1	0	40	1	0	1	0	0	13	0	0	0	1	0	0	1	1	1	0	1	0	0	0	0	0	0	23	0	0	0	0	0	0	0	1	0	0	0	1	1	0	0	0	2	1	8	0	1	1	0	0	4	2	0	15	0	3	0	0	0	0	0	0	0	0	0	1	0	0	0	0	2	0	0	0	0	0	0	0	0	0	0	0	0	0	0	0	0	0	0	1	1	0	0	0	0	0	0	0	0	1	0	0	0	0	0	0	0	2	0	0	0	0	1	0	0	0	0	2	0	0	0	0	0	0	0	3	3	0	0	0	0	2	0	2	0	1	0	0	0	0	0	0	0	0	0	2	0	0	0	0	0	0	0	0	0	1	1	0	0	1	0	0	0	1	0	0	0	0	0	0	0	0	0	0	1	0	0	1	1	0	0	0	1	0	0	0	0	0	0	0	0	0	1	0	0	0	0	0	0	1	1	2	0	0	0	0	0	0	2	1	0	0	2	0	0	5	0	0	3	1	0	0	0	1	0	2	1	0	0	2	2	7	0	0	0	0	12	12	0	0
38	93	34	77	223	66	84	57	55	47	135	46	52	50	61	71	25	43	49	40	34	19	54	3	4	15	12	4	13	4	17	3	21	11	6	2	28	3	2	3	7	15	4	19	2	2	3	28	24	28	52	151	14	18	20	20	19	31	20	12	17	34	40	45	48	35	40	34	42	19	25	38	35	18	136	72	58	83	119	356	64	26	51	53	84	113	64	150	44	40	28	34	56	15	11	45	25	92	51	29	34	29	6	21	25	95	13	72	50	9	53	33	38	43	46	5	6	1133	3	28	13	5	4	9	31	25	4	9	5	1	2	5	3	2	2	5	2	2	3	2	3	13	3	16	24	18	16	70	26	16	22	18	18	24	21	20	23	13	25	24	13	20	49	18	36	17	19	37	41	70	61	30	92	28	34	23	11	8	67	7	88	22	122	43	51	13	498	449	30	15	5	44	73	177	234	11	123	182	8	41	54	181	125	203	170	210	160	47	85	26	14	2	16	1	5	15	4	5	1	26	2	4	7	22	7	40	2	2	4	2	1	4	1	4	1	18	4	1	10	33	27	24	15	79	13	18	25	27	22	19	20	16	19	13	21	14	35	20	22	23	30	28	58	45	79	40	43	68	128	33	58	50	64	41	103	14	75	5	2	7	44	31	40	29	52	23	59	55	66	14	29	64	60	86	50	23	63	50	27	1	12	94	3	1	7	8	39	51	38	43	55	50	50	66	4	6	4	1	15	13	4	9	13	3	6	3	1	2	6	12	7	1	2	3	6	11	29	23	17	110	21	23	16	29	32	31	16	13	17	17	17	30	19	22	21	16	18	34	38	34	61	44	46	52	37	62	84	209	249	348	410	350	310	288	298	309	177	110	149	210	174	73	140	158	197	129	186	96	171	306	208	201	154	206	151	195	198	150	185	188	181	96	154	184	104	136	128	159	71	183	145	100	1	2	5	16	65	3	2	2	2	4	3	6	3	1	1	1	2	2	3	11	20	32	20	120	22	28	19	20	15	16	13	20	22	15	35	14	21	18	29	16	30	18	23	31	27	31	31	41	36	29	31	22	53	49	17	2	2	14	13	1	3	16	12	16	20	0	4	1	2	2	66	2	2	3	2	9	19	3	16	10	5	0	3	2	10	2	23	3	4	14	3	1	0	1	2	27	1	6	0	3	10	15	1	1	2	2	0	1	36	5	11	3	3	0	3	2	2	5	0	102	3	2	2	4	7	3	4	5	1	2	10	2	2	5	3	3	9	4	2	1	2	2	3	3	2	2	1	31	5	2	4	0	3	0	0	0	7	40	26	3	14	1	16	1	4	5	22	3	15	5	1	3	9	1	10	41	13	5	2	2	2	5	2	4	1	1	2	0	3	0	1	6	1	2	1	6	15	1	2	9	1	3	5	0	5	1	2	0	3	1	2	6	21	18	37	72	21	30	35	15	24	13	21	26	16	12	22	18	18	15	16	15	16	23	40	41	37	35	24	19	31	34	41	150	25	51	87	11	6	10	6	12	46	42	2	8	86	9	80	50
447	225	597	1494	325	210	230	348	334	773	242	226	263	105	170	67	52	109	15	627	69	257	371	382	56	57	34	152	1892	108	18	33	24	4	1151	14	21	4	7	459	276	161	32	11	12	45	16	1249	112	174	102	321	248	97	130	116	12	9	38	24	21	92	22	33	32	42	89	86	63	165	80	291	676	477	534	1577	438	509	133	604	1642	845	1293	803	2296	274	206	198	466	254	170	224	311	1597	259	486	903	487	425	494	397	459	640	334	716	317	270	329	197	175	154	153	142	154	111	80	149	1119	60	46	27	417	36	1056	2067	461	6	14	10	4	11	83	75	14	29	63	103	7	18	10	24	96	17	133	880	305	180	225	1700	544	18	16	12	6	2	42	18	35	21	43	103	71	107	64	97	134	100	179	393	427	465	596	360	1413	640	601	410	586	584	456	535	1085	151	2539	1204	205	415	740	4450	16408	10834	2283	358	734	1691	1209	226	161	296	233	236	276	145	44	55	165	667	338	29	49	30	360	140	105	112	114	115	116	54	570	904	82	68	72	38	59	23	28	6	7	60	38	19	2	3	4	23	64	22	248	176	246	163	971	1214	17	15	32	40	255	5	5	10	41	8	40	62	15	8	183	70	79	73	420	86	224	1462	2434	1560	104	224	119	194	312	338	174	211	384	291	117	5607	323	429	266	417	406	491	348	1039	1902	303	519	169	425	177	229	152	450	624	96	85	85	189	131	95	54	36	70	59	520	845	41	14	24	62	43	82	103	66	103	74	53	7	7	3	16	4	7	6	5	107	250	265	5	29	146	206	178	214	153	306	472	17	5	29	24	17	20	12	12	6	18	357	46	34	68	120	164	605	507	1142	5032	973	741	669	429	215	261	268	693	617	713	1581	2300	279	170	162	319	155	305	387	1558	539	198	380	305	515	156	423	462	691	1000	279	375	458	321	258	239	554	102	141	171	91	45	170	121	34	7	21	71	16	186	641	197	18	31	18	54	12	63	34	4	56	195	18	5	3	23	16	16	49	53	201	233	216	614	96	30	40	31	38	2	3	27	3	15	91	18	56	8	16	85	146	30	8	10	33	20	9	557	21	65	69	54	70	17	30	19	40	57	50	26	12	8	55	28	71	9	184	102	75	24	59	245	107	51	68	242	19	7	26	58	77	90	83	97	23	6	44	532	18	35	8	15	136	7	4	75	108	103	16	67	18	19	11	19	17	9	53	4	17	43	11	6	6	3	29	70	207	196	231	294	19	5	6	8	5	4	3	14	16	5	21	26	17	10	5	29	13	4	9	8	5	26	7	692	186	5	5	7	38	45	3	29	25	11	14	28	21	54	14	83	15	45	18	73	35	111	46	529	43	23	47	69	14	53	26	6	13	49	13	26	20	16	153	23	29	51	53	71	28	54	24	255	1775	5	6	7	69	15	8	6	5	15	7	11	4	2	30	33	19	38	6	157	194	218	226	764	18	16	18	11	8	8	6	22	16	7	6	42	5	101	49	52	132	35	110	37	151	56	54	473	148	74	61	76	80	1037	70	121	173	307	120	147	90	438	74	233	89	118	2704	214
38	19	9	21	5	11	77	2	48	2	12	2	42	2	5	5	5	19	18	11	25	23	85	21	18	17	28	22	3	3	30	3	39	29	4	2	3	2	0	3	0	1	8	17	57	2	4	0	3	20	1	8	1	1	2	25	2	1	0	1	4	13	1	2	0	0	1	0	1	3	37	1	3	1	23	36	52	24	8	14	5	16	160	17	3	2	0	12	11	35	10	16	16	27	35	24	20	12	17	1	51	12	2	11	7	0	2	84	15	0	1	3	2	1	13	0	0	0	2	1	6	0	0	0	12	0	0	1	12	2	18	24	22	38	20	1	3	3	2	4	24	1	0	3	8	13	0	4	1	1	2	11	2	12	1	0	1	7	0	0	1	0	0	0	1	1	5	3	1	6	0	1	13	15	8	2	19	9	37	29	2	85	1	8	14	4	4	1	4	30	17	12	43	17	2	3	3	2	22	40	8	48	1	2	2	2	6	2	3	2	3	1	0	0	9	2	0	2	0	5	4	1	1	3	1	0	0	1	0	2	0	17	0	42	1	19	14	1	1	1	8	55	1	17	8	0	0	39	0	2	0	1	3	2	1	2	0	2	1	0	12	0	1	8	24	6	0	0	1	12	22	0	1	15	145	149	127	162	2	26	7	4	7	60	24	4	2	3	1	11	2	41	15	21	45	13	3	28	2	1	2	3	1	2	0	3	16	0	1	2	0	12	23	43	21	19	32	16	2	0	1	0	1	1	30	3	30	68	74	78	17	90	8	9	12	8	13	73	88	15	17	14	14	21	13	12	11	10	10	22	10	46	35	13	6	14	12	14	12	10	10	11	9	2	0	15	7	2	1	13	3	27	16	19	7	20	14	1	6	11	12	20	13	9	15	11	12	19	12	16	7	9	0	5	4	0	4	3	1	1	0	0	0	0	2	0	0	12	3	3	14	13	14	8	8	11	9	18	25	15	11	12	12	13	12	51	22	38	12	4	10	4	1	62	109	67	73	61	58	75	83	44	1	1	1	16	0	0	1	1	0	0	0	1	0	1	0	0	0	0	1	3	0	0	0	2	1	1	1	0	0	1	0	13	10	9	9	13	10	4	1	3	2	0	1	0	0	1	0	0	0	3	1	1	0	2	2	1	1	4	2	0	1	0	9	14	18	1	0	3	0	1	1	0	1	0	2	13	1	2	0	5	4	1	0	2	0	1	1	2	0	1	1	0	1	23	1	0	1	0	1	0	0	21	24	1	0	0	3	0	2	0	0	1	1	1	0	0	0	2	1	2	3	1	2	1	5	4	0	11	1	0	0	0	1	1	7	2	18	20	40	34	22	14	3	0	1	1	0	1	1	0	0	1	1	1	1	0	0	2	1	1	0	4	1	0	1	2	2	14	1	0	0	0	0	1	0	1	3	2	0	0	0	0	0	17	0	13	1	2	1	12	1	1	0	1	0	0	0	1	0	0	2	0	0	0	1	0	1	1	1	1	0	0	2	1	0	14	0	2	3	3	7	7	68	2	2	12	0	28	26	2
75	55	28	23	163	28	114	294	124	125	115	238	125	113	102	136	124	80	27	0	0	1	24	1	0	1	0	9	5	0	1	0	0	0	0	0	0	1	0	0	0	2	1	2	1	1	2	3	1	3	1	1	1	4	3	55	137	111	46	0	0	0	1	34	4	2	1	2	0	62	2	22	0	71	26	64	126	41	31	178	73	45	59	48	100	72	43	74	51	172	12	69	73	39	223	155	95	106	38	63	29	35	108	29	25	22	0	18	5	1	1	1	1	1	1	3	2	2	1	0	0	0	0	0	2	2	2	1	1	1	2	13	1	0	0	0	0	3	6	2	0	0	1	37	3	1	0	4	2	4	0	0	2	25	0	0	0	1	0	0	0	0	2	2	4	0	9	9	1	2	55	28	64	27	41	35	26	113	58	92	62	24	51	49	61	30	82	42	0	26	116	57	54	17	36	0	73	12	38	157	210	604	168	159	125	86	82	45	80	126	0	0	0	9	13	0	3	7	2	0	52	0	0	1	0	13	0	0	1	0	12	0	0	2	5	21	14	0	0	2	5	1	1	15	7	4	1	1	0	2	3	2	0	0	1	1	0	3	1	8	4	58	3	2	3	6	23	79	14	54	3	59	161	85	131	169	168	196	50	37	107	52	27	25	106	97	88	169	52	135	71	125	104	205	260	93	1	12	1	5	41	13	0	1	24	47	18	0	2	1	13	1	0	27	0	10	0	0	2	1	0	0	0	1	1	0	0	0	0	0	3	3	51	13	1	2	3	2	1	0	0	4	1	2	0	1	0	1	1	0	1	3	2	0	1	14	3	0	16	44	27	42	51	112	88	138	147	175	90	135	172	357	175	58	26	63	11	54	58	99	31	51	5093	1354	4805	4875	196	201	58	116	36	4	33	20	1	0	1	23	2	13	0	0	0	2	0	3	0	0	12	0	1	2	8	0	0	0	1	1	0	2	0	0	6	1	0	0	3	50	0	1	0	1	11	6	1	1	2	58	0	1	2	0	2	2	1	0	0	1	0	1	0	0	0	2	2	0	0	0	0	0	0	0	0	1	1	0	0	0	0	0	1	12	12	0	1	0	12	3	1	0	0	0	0	0	23	2	1	0	0	0	0	12	13	0	0	0	1	0	0	0	0	0	0	2	0	0	23	0	158	0	0	1	0	0	2	1	0	0	1	0	0	2	2	0	64	12	0	2	9	0	0	3	2	1	0	0	0	0	0	0	1	1	0	0	0	2	0	0	1	4	1	0	0	0	0	0	1	0	0	0	1	1	7	0	0	0	0	0	2	113	124	78	102	172	124	90	114	101	182	68	67	0	1	0	0	0	0	0	0	0	0	0	0	24	0	0	0	1	0	12	0	0	0	0	0	0	25	2	0	0	1	1	1	0	2	0	0	1	4	52	5	0	0	2	0	4	0	0	0	69	0	0	0	0	0	1	1	2	1	1	0	0	4	2	0	18	5	0	5	10	0	2	39	125	86	13	0	1	24	5	32	4	14	37	3	0	7	9	4	214	13	1
58	38	1	10	1	18	4	8	0	2	1	1	2	49	80	143	122	124	37	35	85	95	73	114	58	98	62	70	49	92	11	50	108	129	94	215	258	167	148	88	90	117	165	99	129	112	118	110	112	112	91	100	99	96	110	171	153	113	71	85	65	58	44	17	38	30	14	22	2	32	21	30	313	70	60	6	15	36	2	7	8	3	0	2	20	104	13	6	5	4	1	23	13	2	27	14	5	1	18	0	5	14	1	5	11	4	50	3	30	2	1	16	97	4	18	64	6	3	3	2	15	3	194	1387	1	1	2	1470	4	0	2	2	1	2	0	0	2	1	1	0	1	0	2	5	2	0	1	8	3	1	0	3	0	1	2	2	1	4	0	3	2	0	3	4	16	6	1	8	2	6	1	2	2	2	1	6	4	2	1	1	0	2	15	35	2	65	4	2	9	18	38	6	6	1	36	26	14	13	14	26	12	2	4	1	1	113	13	4	2	7	1	1	4	3	3	4	3	6	3	2	2	4	0	1	1	0	0	0	12	1	1	1	12	0	1	0	1	3	1	36	12	8	0	7	1	1	2	1	1	1	0	3	0	0	1	15	6	2	1	1	2	7	3	13	17	2	14	169	2	1522	11	61	4	27	60	89	9	38	69	166	30	38	55	82	385	17	24	52	16	37	35	23	2	95	676	1733	1824	2042	2354	2064	1494	1627	349	447	531	568	505	528	576	410	265	15	38	1	0	2	4	6	2	2	3	2	0	0	0	0	18	51	14	2	0	1	1	0	2	5	2	0	3	2	2	2	1	12	1	1	3	1	0	1	4	2	3	0	1	3	2	5	1	18	1	7	3	2	1	5	16	34	3	12	1	4	0	12	76	26	9	2	7	4	4	45	17	1	5	16	1	2	21	0	6	1	0	10	1	1	2	1	0	24	1	13	747	2	0	0	1	0	2	10	0	0	0	0	0	0	6	1	0	0	1	2	3	0	4	1	0	2	1	1	0	3	0	0	0	1	0	0	0	0	0	0	0	1	0	0	0	0	0	1	1	0	1	8916	7284	0	1	1	0	0	13	1	1	1	0	0	0	1	1	2	24	4057	217	5820	11473	11724	5952	0	0	0	1	0	0	2	0	2	0	0	1	0	2	0	1	0	1	0	0	0	0	0	23	0	0	0	0	0	0	0	0	0	0	8	0	0	0	0	0	1	0	0	1	0	1	1	0	0	0	3	0	0	0	0	24	12	0	0	0	0	0	0	0	0	2	0	0	3	0	1	4	2	0	0	5	0	719	1077	14812	0	0	0	0	1	61	69	15	3	0	0	0	25	12	59	15	4	39	96	4	58	612	56	170	7817	905	0	2	1	1	0	0	1	0	0	0	0	1	0	1	0	6	0	0	1	0	0	0	11	0	0	1	0	0	2	1	0	3	0	0	0	3	0	1	0	0	2	1	1	5	1	1	0	1	0	0	0	0	2	2	1	1	1	1	29	94	70	43	0	5	2	3	7	39	25	4	1	2	8	13	0	1	2962	1	202	152	0	3	3	18	0	1	1059	4	3
71	103	54	29	77	11	48	17	70	19	413	266	9	36	10	50	39	25	4	12	8	13	53	3	5	6	4	4	13	96	4	4	14	7	5	0	3	4	1	5	16	388	751	627	606	660	784	678	652	522	537	3	4	12	4	11	3	6	8	15	15	11	6	11	7	6	40	42	16	66	43	39	85	129	79	142	45	75	77	60	96	240	265	332	347	230	227	132	55	117	237	43	134	126	93	72	94	108	165	121	167	22	144	56	46	81	76	29	28	8	38	96	5	30	2	48	71	2	29	17	24	3	18	7	16	10	41	54	7	5	18	44	3	14	10	6	4	12	4	13	26	13	4	6	27	36	39	2	4	3	11	46	4	4	3	7	6	5	23	11	3	5	11	48	110	25	31	47	47	78	76	104	197	164	40	99	115	59	198	195	88	61	58	70	65	86	50	63	73	197	209	39	100	39	39	41	30	78	18	65	29	30	88	45	42	18	930	1911	1250	1722	1549	1467	1502	126	51	6	27	16	5	6	23	9	42	50	76	7	18	7	5	3	6	4	4	2	6	4	2	11	9	43	9	15	34	28	19	14	2	27	14	18	57	17	5	8	8	10	5	6	15	14	6	41	16	52	77	263	218	111	257	165	201	157	207	155	238	216	196	96	145	235	326	238	143	68	165	53	40	173	127	150	180	40	46	10	230	176	170	366	83	63	112	49	17	27	21	2	23	53	11	3	5	7	17	4	6	2	10	4	4	6	4	16	15	3	3	8	6	10	8	3	4	5	4	1	4	8	2	6	2	2	1	15	5	2	3	4	5	5	6	7	2	17	3	20	10	132	17	51	11	23	108	99	100	130	198	133	92	232	63	225	173	443	626	29	56	72	19	139	98	30	52	21	102	128	147	86	72	82	399	114	55	40	35	54	61	25	12	280	365	307	271	93	258	420	243	305	29	2	13	3	2	7	7	2	3	49	4	4	4	15	4	5	3	3	3	4	18	1	5	3	3	27	6	16	3	7	4	4	4	1	3	13	15	3	5	2	4	3	2	4	10	3	4	7	6	3	5	15	4	2	6	2	4	6	4	13	17	3	3	15	17	3	12	4	51	5	4	4	3	2	4	3	21	12	3	3	5	11	39	16	5	5	7	8	5	6	4	3	3	1	3	3	6	4	4	17	7	7	7	11	12	59	62	4	3	6	3	3	6	6	6	6	5	4	6	4	2	4	4	5	6	4	2	4	1	1	5	2	4	4	7	10	17	3	5	14	9	16	8	6	2	3	5	4	8	4	6	4	3	2	4	4	9	8	5	4	4	3	3	3	2	7	8	2	13	8	25	5	4	4	1	69	8	16	4	10	1	16	7	12	8	8	14	10	8	20	13	11	10	7	10	12	7	9	10	10	5	10	5	12	8	5	39	7	12	4	5	9	9	9	10	5	12	8	6	7	4	8	4	6	6	4	5	8	6	7	9	9	6	6	13	27	20	33	35	18	30	16	15	37	8	12	12	24	21	7	18	39	27	32	168	79	11	15	16	29	18	30	16	21	12	34
64	131	64	57	818	1408	692	38	44	42	34	37	127	93	51	52	36	33	33	45	97	131	89	94	136	136	88	61	61	77	137	622	187	47	80	10	9	9	16	42	8	37	7	10	9	8	7	29	33	9	11	32	8	9	7	14	12	18	18	15	12	13	31	28	34	12	41	21	35	41	12	29	74	48	53	57	48	43	41	34	60	24	35	54	34	105	114	59	54	96	71	34	138	43	42	35	59	43	83	40	72	57	43	44	81	70	7	9	24	10	11	14	37	46	81	59	230	105	11	32	10	10	7	18	14	13	41	14	11	25	44	63	9	6	8	11	6	9	23	174	10	8	24	8	7	19	22	19	6	13	9	7	12	5	6	7	9	7	4	5	32	49	36	154	256	210	456	861	1101	38	37	48	28	37	23	596	839	74	29	18	58	12	17	55	62	32	24	19	22	100	77	13	13	29	11	6	15	29	36	34	7	25	22	46	8	6	7	26	49	10	8	86	8	21	29	17	26	27	16	1	22	16	4	4	1	13	0	9	1	1	0	5	1	0	2	1	1	1	0	8	22	8	4	3	4	6	8	4	8	7	10	5	5	94	14	11	23	5	2	38	29	12	466	1777	2534	1274	709	1167	1872	2139	15	119	63	76	81	74	44	45	38	26	13	9	56	3478	3093	3789	6	2461	4578	3453	45	38	14	1	3	63	15	37	3	15	18	5	3	22	71	4	1	1	0	6	10	73	7	9	16	21	11	8	10	12	8	8	11	9	8	11	9	9	13	10	10	29	30	26	28	49	46	49	35	36	30	14	15	11	14	12	17	16	9	10	12	20	26	13	11	7	7	10	11	39	366	16	12	31	16	291	307	27	22	15	24	10	27	23	15	51	14	26	45	65	102	24	62	264	223	267	116	35	49	83	164	27	11	10	37	117	38	30	50	62	9	32	18	14	6	9	9	9	16	165	8	10	10	7	9	8	8	8	7	12	6	8	10	7	9	10	9	8	9	7	9	39	87	32	10	37	14	16	16	11	11	16	24	19	20	13	8	10	8	10	4	8	12	6	7	8	8	12	14	11	9	10	10	7	11	11	5	11	13	20	3	3	12	42	49	23	38	2	10	12	16	3	1	3	16	3	4	2	1	1	0	6	5	2	3	4	0	5	3	46	87	35	21	3	1	3	2	4	17	5	4	3	575	101	3	2	2	2	3	6	3	4	16	4	1	3	3	18	56	5	86	63	15	4	4	9	3	7	5	1	4	5	3	3	6	1	1	0	2	1	0	0	1	0	0	15	46	6	1	3	1	1	13	1	19	25	0	3	4	4	0	47	44	29	71	1	0	5	3	0	1	0	3	2	9	51	9	1	2	2	18	58	7	6	2	3	3	1	1	0	13	3	11	1	24	11	0	14	3	0	13	14	31	0	7	9	0	2	10	12	9	22	26	49	109	13	9	16	13	7	8	9	7	14	5	9	9	10	9	6	3	10	37	8	15	8	24	14	7	17	26	96	10	8	12	7	2	53	13	2	7	4	12	5	14	7	10	15	3	29	12	14
0	0	0	0	0	0	0	0	0	0	0	0	0	0	0	0	0	0	0	0	0	0	0	0	0	0	0	0	0	0	0	0	0	0	0	0	0	0	0	0	0	0	0	0	0	0	0	0	0	0	0	0	0	0	0	0	0	0	0	0	0	0	0	0	0	0	0	0	0	0	0	0	0	0	0	0	0	0	0	0	0	0	0	0	0	0	0	0	0	0	0	0	0	0	0	0	0	0	0	0	0	0	0	0	0	0	0	0	0	0	0	0	0	0	0	0	0	0	0	0	0	0	0	0	0	0	0	0	0	0	0	0	0	0	0	0	0	0	0	0	0	0	0	0	0	0	0	0	0	0	0	0	0	0	0	0	0	0	0	0	0	0	0	0	0	0	0	0	0	0	0	0	0	0	0	0	0	0	0	0	0	0	0	0	0	0	0	0	0	0	0	0	0	0	0	0	0	0	0	0	0	0	0	0	0	0	0	0	0	0	0	0	0	0	0	0	0	0	0	0	0	0	0	0	0	0	0	0	0	0	0	0	0	0	0	0	0	0	0	0	0	0	0	0	0	0	0	0	0	0	0	0	0	0	0	0	0	0	0	0	0	0	0	0	0	0	0	0	0	0	0	0	0	0	0	0	0	0	0	0	0	0	0	0	0	0	0	0	0	0	0	0	0	0	0	0	0	0	0	0	0	0	0	0	0	0	0	0	0	0	0	0	0	0	0	0	0	0	0	0	0	0	0	0	0	0	0	0	0	0	0	0	0	0	0	0	0	0	0	0	0	0	0	0	0	0	0	0	0	0	0	0	0	0	0	0	0	0	0	0	0	0	0	0	0	0	0	0	0	0	0	0	0	0	0	0	0	0	0	0	0	0	0	0	0	0	0	0	0	0	0	0	0	0	0	0	0	0	0	0	0	0	0	0	0	0	0	0	0	0	0	0	0	0	0	0	0	0	0	0	0	0	0	0	0	0	0	0	0	0	0	0	0	0	0	0	0	0	0	0	0	0	0	0	0	0	0	0	0	0	0	0	0	0	0	0	0	0	0	0	0	0	0	0	0	0	0	0	0	0	0	0	0	0	0	0	0	0	0	0	0	0	0	0	0	0	0	0	0	0	0	0	0	0	0	0	0	0	0	0	0	0	0	0	0	0	0	0	0	0	0	0	0	0	0	0	0	0	0	0	0	0	0	0	0	0	0	0	0	0	0	0	0	0	0	0	0	0	0	0	0	0	0	0	0	0	0	0	0	0	0	0	0	0	0	0	0	0	0	0	0	0	0	0	0	0	0	0	0	0	0	0	0	0	0	0	0	0	0	0	0	0	0	0	0	0	0	0	0	0	0	0	0	0	0	0	0	0	0	0	0	0	0	0	0	0	0	0	0	0	0	0	0	0	0	0	0	0	0	0	0	0	0	0	0	0	0	0	0	0	0	0	0	0	0	0	0	0	0	0	0	0	0	0	0	0	0	0	0	0	0	0	0	0	0	0	0	0	0	0	0	0	0	0	0	0	0	0	0	0	0	0
